1,3,56.0,283.0,75.0,125.0,1.0,0,1.0
2,3,59.0,283.0,75.0,125.0,1.0,0,1.0
3,3,62.0,283.0,75.0,125.0,1.0,0,1.0
4,3,64.0,283.0,75.0,125.0,1.0,0,1.0
5,3,67.0,282.0,75.0,125.0,1.0,0,1.0
6,3,70.0,282.0,75.0,125.0,1.0,0,1.0
7,3,72.0,282.0,75.0,125.0,1.0,0,1.0
8,3,75.0,282.0,75.0,125.0,1.0,0,1.0
9,3,78.0,282.0,75.0,125.0,1.0,0,1.0
10,3,81.0,282.0,75.0,125.0,1.0,0,1.0
11,3,83.0,281.0,75.0,125.0,1.0,0,1.0
12,3,86.0,281.0,75.0,125.0,1.0,0,1.0
13,3,89.0,281.0,75.0,125.0,1.0,0,1.0
14,3,91.0,281.0,75.0,125.0,1.0,0,1.0
15,3,94.0,281.0,75.0,125.0,1.0,0,1.0
16,3,97.0,280.0,75.0,125.0,1.0,0,1.0
17,3,99.0,280.0,75.0,125.0,1.0,0,1.0
18,3,102.0,280.0,75.0,125.0,1.0,0,1.0
19,3,105.0,280.0,75.0,125.0,1.0,0,1.0
20,1,-24.0,284.0,26.0,91.0,1.0,0,0.077
20,3,108.0,280.0,75.0,125.0,1.0,0,1.0
21,1,-21.0,284.0,26.0,91.0,1.0,0,0.192
21,3,110.0,280.0,75.0,125.0,1.0,0,1.0
22,1,-18.0,284.0,26.0,91.0,1.0,0,0.308
22,3,113.0,279.0,75.0,125.0,1.0,0,1.0
23,1,-15.0,284.0,26.0,91.0,1.0,0,0.423
23,3,116.0,279.0,75.0,125.0,1.0,0,1.0
24,1,-12.0,283.0,26.0,91.0,1.0,0,0.538
24,3,118.0,279.0,75.0,125.0,1.0,0,1.0
25,1,-9.0,283.0,26.0,91.0,1.0,0,0.654
25,3,121.0,279.0,75.0,125.0,1.0,0,1.0
26,1,-6.0,283.0,26.0,91.0,1.0,0,0.769
26,3,124.0,279.0,75.0,125.0,1.0,0,1.0
27,1,-3.0,283.0,26.0,91.0,1.0,0,0.885
27,3,127.0,279.0,75.0,125.0,1.0,0,1.0
28,1,0.0,283.0,26.0,91.0,1.0,0,1.0
28,3,129.0,278.0,75.0,125.0,1.0,0,1.0
29,1,3.0,282.0,26.0,91.0,1.0,0,1.0
29,3,132.0,278.0,75.0,125.0,1.0,0,1.0
30,1,6.0,282.0,26.0,91.0,1.0,0,1.0
30,3,135.0,278.0,75.0,125.0,1.0,0,1.0
31,1,9.0,282.0,26.0,91.0,1.0,0,1.0
31,3,137.0,278.0,75.0,125.0,1.0,0,1.0
32,1,11.0,282.0,26.0,91.0,1.0,0,1.0
32,3,140.0,278.0,75.0,125.0,1.0,0,1.0
33,1,14.0,281.0,26.0,91.0,1.0,0,1.0
33,3,143.0,277.0,75.0,125.0,1.0,0,1.0
34,1,17.0,281.0,26.0,91.0,1.0,0,1.0
34,2,957.0,320.0,213.0,134.0,1.0,3,0.014
34,3,145.0,277.0,75.0,125.0,1.0,0,1.0
35,1,20.0,281.0,26.0,91.0,1.0,0,1.0
35,2,953.0,320.0,213.0,134.0,1.0,3,0.033
35,3,148.0,277.0,75.0,125.0,1.0,0,1.0
36,1,23.0,281.0,26.0,91.0,1.0,0,1.0
36,2,950.0,320.0,214.0,135.0,1.0,3,0.047
36,3,151.0,277.0,75.0,125.0,1.0,0,1.0
37,1,26.0,281.0,26.0,91.0,1.0,0,1.0
37,2,947.0,320.0,214.0,135.0,1.0,3,0.061
37,3,154.0,277.0,75.0,125.0,1.0,0,1.0
38,1,29.0,280.0,26.0,91.0,1.0,0,1.0
38,2,944.0,320.0,214.0,135.0,1.0,3,0.07
38,3,156.0,277.0,75.0,125.0,1.0,0,1.0
38,4,959.0,329.0,292.0,184.0,1.0,3,0.003
39,1,32.0,280.0,26.0,92.0,1.0,0,1.0
39,2,941.0,320.0,214.0,135.0,1.0,3,0.071
39,3,159.0,276.0,75.0,125.0,1.0,0,1.0
39,4,956.0,329.0,292.0,184.0,1.0,3,0.014
40,1,35.0,280.0,26.0,92.0,1.0,0,1.0
40,2,937.0,320.0,214.0,135.0,1.0,3,0.077
40,3,162.0,276.0,75.0,125.0,1.0,0,1.0
40,4,953.0,329.0,292.0,184.0,1.0,3,0.024
41,1,38.0,280.0,26.0,92.0,1.0,0,1.0
41,2,934.0,320.0,214.0,135.0,1.0,3,0.078
41,3,164.0,276.0,75.0,125.0,1.0,0,1.0
41,4,950.0,329.0,292.0,184.0,1.0,3,0.034
42,1,41.0,279.0,26.0,92.0,1.0,0,1.0
42,2,931.0,320.0,214.0,135.0,1.0,3,0.083
42,3,167.0,276.0,75.0,125.0,1.0,0,1.0
42,4,948.0,329.0,292.0,184.0,1.0,3,0.041
43,1,44.0,279.0,26.0,92.0,1.0,0,1.0
43,2,928.0,320.0,214.0,135.0,1.0,3,0.085
43,3,170.0,276.0,75.0,125.0,1.0,0,1.0
43,4,945.0,330.0,292.0,184.0,1.0,3,0.051
44,1,47.0,279.0,26.0,92.0,1.0,0,1.0
44,2,924.0,320.0,214.0,135.0,1.0,3,0.09
44,3,172.0,276.0,75.0,125.0,1.0,0,1.0
44,4,942.0,330.0,292.0,184.0,1.0,3,0.062
45,1,49.0,279.0,26.0,92.0,1.0,0,1.0
45,2,921.0,320.0,214.0,135.0,1.0,3,0.091
45,3,175.0,275.0,75.0,125.0,1.0,0,1.0
45,4,939.0,330.0,294.0,185.0,1.0,3,0.071
46,1,52.0,279.0,26.0,92.0,1.0,0,1.0
46,2,918.0,320.0,214.0,135.0,1.0,3,0.097
46,3,178.0,275.0,75.0,125.0,1.0,0,1.0
46,4,937.0,330.0,294.0,185.0,1.0,3,0.078
47,1,55.0,278.0,26.0,92.0,1.0,0,1.0
47,2,915.0,320.0,214.0,135.0,1.0,3,0.098
47,3,181.0,275.0,75.0,125.0,1.0,0,1.0
47,4,934.0,330.0,294.0,185.0,1.0,3,0.088
48,1,58.0,278.0,26.0,92.0,1.0,0,1.0
48,2,912.0,320.0,214.0,135.0,1.0,3,0.1
48,3,183.0,275.0,75.0,125.0,1.0,0,1.0
48,4,931.0,331.0,294.0,185.0,1.0,3,0.099
49,1,61.0,278.0,26.0,92.0,1.0,0,1.0
49,2,908.0,320.0,216.0,136.0,1.0,3,0.109
49,3,186.0,275.0,75.0,125.0,1.0,0,1.0
49,4,929.0,331.0,294.0,185.0,1.0,3,0.105
50,1,64.0,278.0,26.0,92.0,1.0,0,1.0
50,2,905.0,320.0,216.0,136.0,1.0,3,0.11
50,3,189.0,275.0,75.0,125.0,1.0,0,1.0
50,4,926.0,331.0,294.0,185.0,1.0,3,0.116
51,1,67.0,278.0,26.0,92.0,1.0,0,1.0
51,2,902.0,321.0,216.0,136.0,1.0,3,0.11
51,3,191.0,274.0,75.0,125.0,1.0,0,1.0
51,4,923.0,331.0,294.0,185.0,1.0,3,0.126
52,1,70.0,277.0,26.0,92.0,1.0,0,1.0
52,2,899.0,321.0,216.0,136.0,1.0,3,0.111
52,3,194.0,274.0,75.0,125.0,1.0,0,1.0
52,4,920.0,331.0,294.0,185.0,1.0,3,0.136
53,1,73.0,277.0,26.0,92.0,1.0,0,1.0
53,2,896.0,321.0,216.0,136.0,1.0,3,0.118
53,3,197.0,274.0,75.0,125.0,1.0,0,1.0
53,4,918.0,332.0,294.0,185.0,1.0,3,0.143
54,1,76.0,277.0,26.0,92.0,1.0,0,1.0
54,2,892.0,321.0,216.0,136.0,1.0,3,0.123
54,3,200.0,274.0,75.0,125.0,1.0,0,1.0
54,4,915.0,332.0,294.0,185.0,1.0,3,0.153
55,1,79.0,277.0,26.0,92.0,1.0,0,1.0
55,2,889.0,321.0,216.0,136.0,1.0,3,0.124
55,3,202.0,274.0,75.0,125.0,1.0,0,1.0
55,4,912.0,332.0,294.0,185.0,1.0,3,0.163
56,1,82.0,276.0,26.0,92.0,1.0,0,1.0
56,2,886.0,321.0,216.0,136.0,1.0,3,0.126
56,3,205.0,273.0,75.0,125.0,1.0,0,1.0
56,4,909.0,332.0,295.0,186.0,1.0,3,0.173
57,1,85.0,276.0,26.0,92.0,1.0,0,1.0
57,2,883.0,321.0,216.0,136.0,1.0,3,0.131
57,3,208.0,273.0,75.0,125.0,1.0,0,1.0
57,4,907.0,332.0,295.0,186.0,1.0,3,0.18
58,1,87.0,276.0,26.0,92.0,1.0,0,1.0
58,2,879.0,321.0,216.0,136.0,1.0,3,0.139
58,3,210.0,273.0,75.0,125.0,1.0,0,1.0
58,4,904.0,333.0,295.0,186.0,1.0,3,0.19
59,1,90.0,276.0,26.0,92.0,1.0,0,1.0
59,2,876.0,321.0,216.0,136.0,1.0,3,0.14
59,3,213.0,273.0,75.0,125.0,1.0,0,1.0
59,4,901.0,333.0,295.0,186.0,1.0,3,0.2
60,1,93.0,276.0,26.0,92.0,1.0,0,1.0
60,2,873.0,321.0,216.0,136.0,1.0,3,0.145
60,3,216.0,273.0,75.0,125.0,1.0,0,1.0
60,4,899.0,333.0,295.0,186.0,1.0,3,0.207
61,1,96.0,275.0,27.0,93.0,1.0,0,1.0
61,2,870.0,321.0,217.0,137.0,1.0,3,0.146
61,3,218.0,273.0,75.0,125.0,1.0,0,1.0
61,4,896.0,333.0,295.0,186.0,1.0,3,0.217
62,1,99.0,275.0,27.0,93.0,1.0,0,1.0
62,2,867.0,321.0,217.0,137.0,1.0,3,0.147
62,3,221.0,272.0,75.0,125.0,1.0,0,1.0
62,4,893.0,333.0,295.0,186.0,1.0,3,0.227
63,1,102.0,275.0,27.0,93.0,1.0,0,1.0
63,2,863.0,321.0,217.0,137.0,1.0,3,0.153
63,3,224.0,272.0,75.0,125.0,1.0,0,1.0
63,4,890.0,333.0,295.0,186.0,1.0,3,0.237
64,1,105.0,275.0,27.0,93.0,1.0,0,1.0
64,2,860.0,321.0,217.0,137.0,1.0,3,0.161
64,3,227.0,272.0,75.0,125.0,1.0,0,1.0
64,4,888.0,334.0,295.0,186.0,1.0,3,0.244
65,1,108.0,275.0,27.0,93.0,1.0,0,1.0
65,2,857.0,321.0,217.0,137.0,1.0,3,0.162
65,3,229.0,272.0,75.0,125.0,1.0,0,1.0
65,4,885.0,334.0,295.0,186.0,1.0,3,0.254
66,1,111.0,274.0,27.0,93.0,1.0,0,1.0
66,2,854.0,321.0,217.0,137.0,1.0,3,0.163
66,3,232.0,272.0,75.0,125.0,1.0,0,1.0
66,4,882.0,334.0,295.0,186.0,1.0,3,0.264
67,1,114.0,274.0,27.0,93.0,1.0,0,1.0
67,2,851.0,321.0,217.0,137.0,1.0,3,0.164
67,3,235.0,272.0,75.0,125.0,1.0,0,1.0
67,4,879.0,334.0,295.0,186.0,1.0,3,0.275
68,1,117.0,274.0,27.0,93.0,1.0,0,1.0
68,2,847.0,321.0,217.0,137.0,1.0,3,0.175
68,3,237.0,271.0,75.0,125.0,1.0,0,1.0
68,4,877.0,334.0,297.0,187.0,1.0,3,0.279
69,1,120.0,274.0,27.0,93.0,1.0,0,1.0
69,2,844.0,321.0,217.0,137.0,1.0,3,0.179
69,3,240.0,271.0,75.0,125.0,1.0,0,1.0
69,4,874.0,335.0,297.0,187.0,1.0,3,0.29
70,1,123.0,273.0,27.0,93.0,1.0,0,1.0
70,2,841.0,321.0,217.0,137.0,1.0,3,0.18
70,3,243.0,271.0,75.0,125.0,1.0,0,1.0
70,4,871.0,335.0,297.0,187.0,1.0,3,0.3
71,1,125.0,273.0,27.0,93.0,1.0,0,1.0
71,2,838.0,321.0,217.0,137.0,1.0,3,0.186
71,3,245.0,271.0,75.0,125.0,1.0,0,1.0
71,4,869.0,335.0,297.0,187.0,1.0,3,0.306
72,1,128.0,273.0,27.0,93.0,1.0,0,1.0
72,2,834.0,321.0,217.0,137.0,1.0,3,0.192
72,3,248.0,271.0,75.0,125.0,1.0,0,1.0
72,4,866.0,335.0,297.0,187.0,1.0,3,0.316
73,1,131.0,273.0,27.0,93.0,1.0,0,1.0
73,2,831.0,321.0,217.0,137.0,1.0,3,0.193
73,3,251.0,270.0,75.0,125.0,1.0,0,1.0
73,4,863.0,335.0,297.0,187.0,1.0,3,0.327
74,1,134.0,273.0,27.0,93.0,1.0,0,1.0
74,2,828.0,321.0,219.0,138.0,1.0,3,0.196
74,3,254.0,270.0,75.0,125.0,1.0,0,1.0
74,4,860.0,336.0,297.0,187.0,1.0,3,0.337
75,1,137.0,272.0,27.0,93.0,1.0,0,1.0
75,2,825.0,321.0,219.0,138.0,1.0,3,0.201
75,3,256.0,270.0,75.0,125.0,1.0,0,1.0
75,4,858.0,336.0,297.0,187.0,1.0,3,0.343
76,1,140.0,272.0,27.0,93.0,1.0,0,1.0
76,2,822.0,321.0,219.0,138.0,1.0,3,0.203
76,3,259.0,270.0,74.0,124.0,1.0,0,1.0
76,4,855.0,336.0,297.0,187.0,1.0,3,0.354
77,1,143.0,272.0,27.0,93.0,1.0,0,1.0
77,2,818.0,321.0,219.0,138.0,1.0,3,0.209
77,3,262.0,270.0,74.0,124.0,1.0,0,1.0
77,4,852.0,336.0,297.0,187.0,1.0,3,0.364
78,1,146.0,272.0,27.0,93.0,1.0,0,1.0
78,2,815.0,321.0,219.0,138.0,1.0,3,0.214
78,3,264.0,270.0,74.0,124.0,1.0,0,1.0
78,4,850.0,336.0,297.0,187.0,1.0,3,0.37
79,1,149.0,271.0,27.0,93.0,1.0,0,1.0
79,2,812.0,321.0,219.0,138.0,1.0,3,0.22
79,3,267.0,269.0,74.0,124.0,1.0,0,1.0
79,4,847.0,337.0,298.0,188.0,1.0,3,0.379
80,1,152.0,271.0,27.0,93.0,1.0,0,1.0
80,2,809.0,322.0,219.0,138.0,1.0,3,0.217
80,3,270.0,269.0,74.0,124.0,1.0,0,1.0
80,4,844.0,337.0,298.0,188.0,1.0,3,0.389
81,1,155.0,271.0,27.0,93.0,1.0,0,1.0
81,2,806.0,322.0,219.0,138.0,1.0,3,0.219
81,3,273.0,269.0,74.0,124.0,1.0,0,1.0
81,4,841.0,337.0,298.0,188.0,1.0,3,0.399
82,1,158.0,271.0,27.0,93.0,1.0,0,1.0
82,2,802.0,322.0,219.0,138.0,1.0,3,0.229
82,3,275.0,269.0,74.0,124.0,1.0,0,1.0
82,4,839.0,337.0,298.0,188.0,1.0,3,0.406
83,1,161.0,271.0,27.0,94.0,1.0,0,1.0
83,2,799.0,322.0,219.0,138.0,1.0,3,0.23
83,3,278.0,269.0,74.0,124.0,1.0,0,1.0
83,4,836.0,337.0,298.0,188.0,1.0,3,0.416
84,1,163.0,270.0,27.0,94.0,1.0,0,1.0
84,2,796.0,322.0,219.0,138.0,1.0,3,0.232
84,3,281.0,269.0,74.0,124.0,1.0,0,1.0
84,4,833.0,337.0,298.0,188.0,1.0,3,0.426
85,1,166.0,270.0,27.0,94.0,1.0,0,1.0
85,2,793.0,322.0,219.0,138.0,1.0,3,0.238
85,3,283.0,268.0,74.0,124.0,1.0,0,1.0
85,4,830.0,338.0,298.0,188.0,1.0,3,0.436
86,1,169.0,270.0,27.0,94.0,1.0,0,1.0
86,2,789.0,322.0,221.0,139.0,1.0,3,0.245
86,3,286.0,268.0,74.0,124.0,1.0,0,1.0
86,4,828.0,338.0,298.0,188.0,1.0,3,0.443
87,1,172.0,270.0,27.0,94.0,1.0,0,1.0
87,2,786.0,322.0,221.0,139.0,1.0,3,0.247
87,3,289.0,268.0,74.0,124.0,1.0,0,1.0
87,4,825.0,338.0,298.0,188.0,1.0,3,0.453
88,1,175.0,270.0,27.0,94.0,1.0,0,1.0
88,2,783.0,322.0,221.0,139.0,1.0,3,0.248
88,3,291.0,268.0,74.0,124.0,1.0,0,1.0
88,4,822.0,338.0,298.0,188.0,1.0,3,0.463
89,1,178.0,269.0,27.0,94.0,1.0,0,1.0
89,2,780.0,322.0,221.0,139.0,1.0,3,0.254
89,3,294.0,268.0,74.0,124.0,1.0,0,1.0
89,4,820.0,338.0,298.0,188.0,1.0,3,0.47
90,1,181.0,269.0,27.0,94.0,1.0,0,1.0
90,2,777.0,322.0,221.0,139.0,1.0,3,0.26
90,3,297.0,268.0,74.0,124.0,1.0,0,1.0
90,4,817.0,339.0,298.0,188.0,1.0,3,0.48
91,1,184.0,269.0,27.0,94.0,1.0,0,1.0
91,2,773.0,322.0,221.0,139.0,1.0,3,0.266
91,3,300.0,267.0,74.0,124.0,1.0,0,1.0
91,4,814.0,339.0,300.0,189.0,1.0,3,0.487
92,1,187.0,269.0,27.0,94.0,1.0,0,1.0
92,2,770.0,322.0,221.0,139.0,1.0,3,0.268
92,3,302.0,267.0,74.0,124.0,1.0,0,1.0
92,4,811.0,339.0,300.0,189.0,1.0,3,0.497
93,1,190.0,268.0,27.0,94.0,1.0,0,1.0
93,2,767.0,322.0,221.0,139.0,1.0,3,0.274
93,3,305.0,267.0,74.0,124.0,1.0,0,1.0
93,4,809.0,339.0,300.0,189.0,1.0,3,0.503
94,1,193.0,268.0,27.0,94.0,1.0,0,1.0
94,2,764.0,322.0,221.0,139.0,1.0,3,0.275
94,3,308.0,267.0,74.0,124.0,1.0,0,1.0
94,4,806.0,339.0,300.0,189.0,1.0,3,0.513
95,1,196.0,268.0,27.0,94.0,1.0,0,1.0
95,2,760.0,322.0,221.0,139.0,1.0,3,0.287
95,3,310.0,267.0,74.0,124.0,1.0,0,1.0
95,4,803.0,340.0,300.0,189.0,1.0,3,0.523
96,1,198.0,268.0,27.0,94.0,1.0,0,1.0
96,2,757.0,322.0,221.0,139.0,1.0,3,0.288
96,3,313.0,266.0,74.0,124.0,1.0,0,1.0
96,4,800.0,340.0,300.0,189.0,1.0,3,0.533
97,1,201.0,268.0,27.0,94.0,1.0,0,1.0
97,2,754.0,322.0,221.0,139.0,1.0,3,0.294
97,3,316.0,266.0,74.0,124.0,1.0,0,1.0
97,4,798.0,340.0,300.0,189.0,1.0,3,0.54
98,1,204.0,267.0,27.0,94.0,1.0,0,1.0
98,2,751.0,322.0,221.0,139.0,1.0,3,0.296
98,3,318.0,266.0,74.0,124.0,1.0,0,1.0
98,4,795.0,340.0,300.0,189.0,1.0,3,0.55
99,1,207.0,267.0,27.0,94.0,1.0,0,1.0
99,2,748.0,322.0,222.0,140.0,1.0,3,0.295
99,3,321.0,266.0,74.0,124.0,1.0,0,1.0
99,4,792.0,340.0,300.0,189.0,1.0,3,0.56
100,1,210.0,267.0,27.0,94.0,1.0,0,1.0
100,2,744.0,322.0,222.0,140.0,1.0,3,0.311
100,3,324.0,266.0,74.0,124.0,1.0,0,1.0
100,4,790.0,341.0,300.0,189.0,1.0,3,0.567
101,1,213.0,267.0,27.0,94.0,1.0,0,1.0
101,2,741.0,322.0,222.0,140.0,1.0,3,0.313
101,3,327.0,266.0,74.0,124.0,1.0,0,1.0
101,4,787.0,341.0,300.0,189.0,1.0,3,0.577
102,1,216.0,267.0,27.0,94.0,1.0,0,1.0
102,2,738.0,322.0,222.0,140.0,1.0,3,0.315
102,3,329.0,265.0,74.0,124.0,1.0,0,1.0
102,4,784.0,341.0,302.0,190.0,1.0,3,0.583
103,1,219.0,266.0,27.0,94.0,1.0,0,1.0
103,2,735.0,322.0,222.0,140.0,1.0,3,0.315
103,3,332.0,265.0,74.0,124.0,1.0,0,1.0
103,4,781.0,341.0,302.0,190.0,1.0,3,0.593
104,1,222.0,266.0,27.0,94.0,1.0,0,1.0
104,2,732.0,322.0,222.0,140.0,1.0,3,0.319
104,3,335.0,265.0,74.0,124.0,1.0,0,1.0
104,4,779.0,341.0,302.0,190.0,1.0,3,0.599
105,1,225.0,266.0,27.0,95.0,1.0,0,1.0
105,2,728.0,322.0,222.0,140.0,1.0,3,0.328
105,3,337.0,265.0,74.0,124.0,1.0,0,1.0
105,4,776.0,342.0,302.0,190.0,1.0,3,0.609
106,1,228.0,266.0,27.0,95.0,1.0,0,1.0
106,2,725.0,322.0,222.0,140.0,1.0,3,0.328
106,3,340.0,265.0,74.0,124.0,1.0,0,1.0
106,4,773.0,342.0,302.0,190.0,1.0,3,0.619
107,1,231.0,265.0,27.0,95.0,1.0,0,1.0
107,2,722.0,322.0,222.0,140.0,1.0,3,0.328
107,3,343.0,265.0,74.0,124.0,1.0,0,1.0
107,4,770.0,342.0,302.0,190.0,1.0,3,0.629
108,1,234.0,265.0,27.0,95.0,1.0,0,1.0
108,2,719.0,322.0,222.0,140.0,1.0,3,0.332
108,3,346.0,264.0,74.0,124.0,1.0,0,1.0
108,4,768.0,342.0,302.0,190.0,1.0,3,0.636
109,1,236.0,265.0,27.0,95.0,1.0,0,1.0
109,2,715.0,323.0,222.0,140.0,1.0,3,0.33
109,3,348.0,264.0,74.0,124.0,1.0,0,1.0
109,4,765.0,342.0,302.0,190.0,1.0,3,0.646
110,1,239.0,265.0,27.0,95.0,1.0,0,1.0
110,2,712.0,323.0,222.0,140.0,1.0,3,0.33
110,3,351.0,264.0,74.0,124.0,1.0,0,1.0
110,4,762.0,342.0,302.0,190.0,1.0,3,0.656
111,1,242.0,265.0,27.0,95.0,1.0,0,1.0
111,2,709.0,323.0,224.0,141.0,1.0,3,0.337
111,3,354.0,264.0,74.0,124.0,1.0,0,1.0
111,4,760.0,343.0,302.0,190.0,1.0,3,0.662
112,1,245.0,264.0,27.0,95.0,1.0,0,1.0
112,2,706.0,323.0,224.0,141.0,1.0,3,0.337
112,3,356.0,264.0,74.0,124.0,1.0,0,1.0
112,4,757.0,343.0,302.0,190.0,1.0,3,0.672
113,1,248.0,264.0,27.0,95.0,1.0,0,1.0
113,2,703.0,323.0,224.0,141.0,1.0,3,0.337
113,3,359.0,263.0,74.0,124.0,1.0,0,1.0
113,4,754.0,343.0,302.0,190.0,1.0,3,0.682
114,1,251.0,264.0,27.0,95.0,1.0,0,1.0
114,2,699.0,323.0,224.0,141.0,1.0,3,0.341
114,3,362.0,263.0,74.0,124.0,1.0,0,1.0
114,4,751.0,343.0,303.0,191.0,1.0,3,0.69
115,1,254.0,264.0,27.0,95.0,1.0,0,1.0
115,2,696.0,323.0,224.0,141.0,1.0,3,0.345
115,3,364.0,263.0,74.0,124.0,1.0,0,0.973
115,4,749.0,343.0,303.0,191.0,1.0,3,0.696
116,1,257.0,263.0,27.0,95.0,1.0,0,1.0
116,2,693.0,323.0,224.0,141.0,1.0,3,0.35
116,3,367.0,263.0,74.0,124.0,1.0,0,0.932
116,4,746.0,344.0,303.0,191.0,1.0,3,0.706
117,1,260.0,263.0,27.0,95.0,1.0,0,1.0
117,2,690.0,323.0,224.0,141.0,1.0,3,0.35
117,3,370.0,263.0,74.0,124.0,1.0,0,0.892
117,4,743.0,344.0,303.0,191.0,1.0,3,0.716
118,1,263.0,263.0,27.0,95.0,1.0,0,1.0
118,2,687.0,323.0,224.0,141.0,1.0,3,0.354
118,3,373.0,263.0,74.0,124.0,1.0,0,0.851
118,4,741.0,344.0,303.0,191.0,1.0,3,0.723
119,1,266.0,263.0,27.0,95.0,1.0,0,1.0
119,2,683.0,323.0,224.0,141.0,1.0,3,0.358
119,3,375.0,262.0,74.0,124.0,1.0,0,0.824
119,4,738.0,344.0,303.0,191.0,1.0,3,0.733
120,1,269.0,263.0,27.0,95.0,1.0,0,1.0
120,2,680.0,323.0,224.0,141.0,1.0,3,0.358
120,3,378.0,262.0,74.0,124.0,1.0,0,0.784
120,4,735.0,344.0,303.0,191.0,1.0,3,0.743
121,1,272.0,262.0,27.0,95.0,1.0,0,1.0
121,2,677.0,323.0,224.0,141.0,1.0,3,0.363
121,3,381.0,262.0,74.0,124.0,1.0,0,0.743
121,4,732.0,345.0,303.0,191.0,1.0,3,0.752
122,1,274.0,262.0,27.0,95.0,1.0,0,1.0
122,2,674.0,323.0,224.0,141.0,1.0,3,0.367
122,3,383.0,262.0,74.0,124.0,1.0,0,0.716
122,4,730.0,345.0,303.0,191.0,1.0,3,0.759
123,1,277.0,262.0,27.0,95.0,1.0,0,1.0
123,2,670.0,323.0,225.0,142.0,1.0,3,0.369
123,3,386.0,262.0,74.0,124.0,1.0,0,0.676
123,4,727.0,345.0,303.0,191.0,1.0,3,0.769
124,1,280.0,262.0,27.0,95.0,1.0,0,1.0
124,2,667.0,323.0,225.0,142.0,1.0,3,0.369
124,3,389.0,262.0,74.0,124.0,1.0,0,0.635
124,4,724.0,345.0,303.0,191.0,1.0,3,0.779
125,1,283.0,262.0,27.0,95.0,1.0,0,1.0
125,2,664.0,323.0,225.0,142.0,1.0,3,0.369
125,3,391.0,261.0,74.0,124.0,1.0,0,0.608
125,4,721.0,345.0,305.0,192.0,1.0,3,0.784
126,1,286.0,261.0,27.0,95.0,1.0,0,1.0
126,2,661.0,323.0,225.0,142.0,1.0,3,0.378
126,3,394.0,261.0,74.0,124.0,1.0,0,0.568
126,4,719.0,346.0,305.0,192.0,1.0,3,0.79
127,1,289.0,261.0,28.0,96.0,1.0,0,1.0
127,2,658.0,323.0,225.0,142.0,1.0,3,0.378
127,3,397.0,261.0,74.0,124.0,1.0,0,0.527
127,4,716.0,346.0,305.0,192.0,1.0,3,0.8
128,1,292.0,261.0,28.0,96.0,1.0,0,1.0
128,2,654.0,323.0,225.0,142.0,1.0,3,0.382
128,3,400.0,261.0,74.0,124.0,1.0,0,0.486
128,4,713.0,346.0,305.0,192.0,1.0,3,0.81
129,1,295.0,261.0,28.0,96.0,1.0,0,1.0
129,2,651.0,323.0,225.0,142.0,1.0,3,0.385
129,3,402.0,261.0,74.0,124.0,1.0,0,0.459
129,4,711.0,346.0,305.0,192.0,1.0,3,0.816
130,1,298.0,260.0,28.0,96.0,1.0,0,1.0
130,2,648.0,323.0,225.0,142.0,1.0,3,0.385
130,3,405.0,261.0,74.0,124.0,1.0,0,0.419
130,4,708.0,346.0,305.0,192.0,1.0,3,0.826
131,1,301.0,260.0,28.0,96.0,1.0,0,1.0
131,2,645.0,323.0,225.0,142.0,1.0,3,0.385
131,3,408.0,260.0,74.0,124.0,1.0,0,0.378
131,4,705.0,346.0,305.0,192.0,1.0,3,0.836
132,1,304.0,260.0,28.0,96.0,1.0,0,1.0
132,2,642.0,323.0,225.0,142.0,1.0,3,0.391
132,3,410.0,260.0,74.0,124.0,1.0,0,0.351
132,4,702.0,347.0,305.0,192.0,1.0,3,0.846
133,1,307.0,260.0,28.0,96.0,1.0,0,1.0
133,2,638.0,323.0,225.0,142.0,1.0,3,0.398
133,3,413.0,260.0,74.0,124.0,1.0,0,0.311
133,4,700.0,347.0,305.0,192.0,1.0,3,0.852
134,1,310.0,260.0,28.0,96.0,1.0,0,1.0
134,2,635.0,323.0,225.0,142.0,1.0,3,0.398
134,3,416.0,260.0,74.0,124.0,1.0,0,0.27
134,4,697.0,347.0,305.0,192.0,1.0,3,0.862
135,1,312.0,259.0,28.0,96.0,1.0,0,1.0
135,2,632.0,323.0,225.0,142.0,1.0,3,0.398
135,3,419.0,260.0,74.0,124.0,1.0,0,0.23
135,4,694.0,347.0,305.0,192.0,1.0,3,0.872
136,1,315.0,259.0,28.0,96.0,1.0,0,1.0
136,2,629.0,323.0,227.0,143.0,1.0,3,0.395
136,3,421.0,259.0,74.0,124.0,1.0,0,0.203
136,4,691.0,347.0,305.0,192.0,1.0,3,0.882
137,1,318.0,259.0,28.0,96.0,1.0,0,1.0
137,2,625.0,323.0,227.0,143.0,1.0,3,0.407
137,3,424.0,259.0,74.0,124.0,1.0,0,0.162
137,4,689.0,348.0,306.0,193.0,1.0,3,0.881
138,1,321.0,259.0,28.0,96.0,1.0,0,1.0
138,2,622.0,324.0,227.0,143.0,1.0,3,0.402
138,3,427.0,259.0,74.0,124.0,1.0,0,0.122
138,4,686.0,348.0,306.0,193.0,1.0,3,0.891
139,1,324.0,259.0,28.0,96.0,1.0,0,1.0
139,2,619.0,324.0,227.0,143.0,1.0,3,0.402
139,3,429.0,259.0,74.0,124.0,1.0,0,0.095
139,4,683.0,348.0,306.0,193.0,1.0,3,0.901
140,1,327.0,258.0,28.0,96.0,1.0,0,1.0
140,2,616.0,324.0,227.0,143.0,1.0,3,0.406
140,3,432.0,259.0,74.0,124.0,1.0,0,0.054
140,4,681.0,348.0,306.0,193.0,1.0,3,0.907
141,1,330.0,258.0,28.0,96.0,1.0,0,1.0
141,2,613.0,324.0,227.0,143.0,1.0,3,0.406
141,3,435.0,259.0,74.0,124.0,1.0,0,0.014
141,4,678.0,348.0,306.0,193.0,1.0,3,0.917
142,1,333.0,258.0,28.0,96.0,1.0,0,1.0
142,2,609.0,324.0,227.0,143.0,1.0,3,0.415
142,3,437.0,258.0,74.0,124.0,1.0,0,0.0
142,4,675.0,349.0,306.0,193.0,1.0,3,0.922
143,1,336.0,258.0,28.0,96.0,1.0,0,1.0
143,2,606.0,324.0,227.0,143.0,1.0,3,0.415
143,3,440.0,258.0,74.0,124.0,1.0,0,0.0
143,4,672.0,349.0,306.0,193.0,1.0,3,0.931
144,1,339.0,257.0,28.0,96.0,1.0,0,1.0
144,2,603.0,324.0,227.0,143.0,1.0,3,0.418
144,3,443.0,258.0,74.0,124.0,1.0,0,0.0
144,4,670.0,349.0,306.0,193.0,1.0,3,0.938
145,1,342.0,257.0,28.0,96.0,1.0,0,1.0
145,2,600.0,324.0,227.0,143.0,1.0,3,0.418
145,3,446.0,258.0,74.0,124.0,1.0,0,0.0
145,4,667.0,349.0,306.0,193.0,1.0,3,0.948
146,1,345.0,257.0,28.0,96.0,1.0,0,1.0
146,2,597.0,324.0,227.0,143.0,1.0,3,0.418
146,3,448.0,258.0,74.0,124.0,1.0,0,0.0
146,4,664.0,349.0,306.0,193.0,1.0,3,0.957
147,1,348.0,257.0,28.0,96.0,1.0,0,1.0
147,2,593.0,324.0,227.0,143.0,1.0,3,0.427
147,3,451.0,258.0,74.0,124.0,1.0,0,0.014
147,4,661.0,350.0,306.0,193.0,1.0,3,0.962
148,1,350.0,257.0,28.0,96.0,1.0,0,1.0
148,2,590.0,324.0,229.0,144.0,1.0,3,0.427
148,3,454.0,257.0,74.0,124.0,1.0,0,0.054
148,4,659.0,350.0,308.0,194.0,1.0,3,0.957
149,1,353.0,256.0,28.0,97.0,1.0,0,1.0
149,2,587.0,324.0,229.0,144.0,1.0,3,0.427
149,3,456.0,257.0,74.0,124.0,1.0,0,0.081
149,4,656.0,350.0,308.0,194.0,1.0,3,0.967
150,1,356.0,256.0,28.0,97.0,1.0,0,1.0
150,2,584.0,324.0,229.0,144.0,1.0,3,0.427
150,3,459.0,257.0,74.0,124.0,1.0,0,0.122
150,4,653.0,350.0,308.0,194.0,1.0,3,0.976
151,1,359.0,256.0,28.0,97.0,1.0,0,1.0
151,2,580.0,324.0,229.0,144.0,1.0,3,0.435
151,3,462.0,257.0,74.0,124.0,1.0,0,0.162
151,4,651.0,350.0,308.0,194.0,1.0,3,0.979
152,1,362.0,256.0,28.0,97.0,1.0,0,1.0
152,2,577.0,324.0,229.0,144.0,1.0,3,0.435
152,3,464.0,257.0,74.0,124.0,1.0,0,0.189
152,4,648.0,350.0,308.0,194.0,1.0,3,0.979
153,1,365.0,256.0,28.0,97.0,1.0,0,1.0
153,2,574.0,324.0,229.0,144.0,1.0,3,0.439
153,3,467.0,256.0,74.0,124.0,1.0,0,0.23
153,4,645.0,351.0,308.0,194.0,1.0,3,0.974
154,1,368.0,255.0,28.0,97.0,1.0,0,1.0
154,2,571.0,324.0,229.0,144.0,1.0,3,0.439
154,3,470.0,256.0,74.0,124.0,1.0,0,0.27
154,4,642.0,351.0,308.0,194.0,1.0,3,0.974
155,1,371.0,255.0,28.0,97.0,1.0,0,1.0
155,2,568.0,324.0,229.0,144.0,1.0,3,0.443
155,3,473.0,256.0,74.0,124.0,1.0,0,0.311
155,4,640.0,351.0,308.0,194.0,1.0,3,0.974
156,1,374.0,255.0,28.0,97.0,1.0,0,1.0
156,2,564.0,324.0,229.0,144.0,1.0,3,0.447
156,3,475.0,256.0,74.0,124.0,1.0,0,0.338
156,4,637.0,351.0,308.0,194.0,1.0,3,0.974
157,1,377.0,255.0,28.0,97.0,1.0,0,1.0
157,2,561.0,324.0,229.0,144.0,1.0,3,0.447
157,3,478.0,256.0,74.0,124.0,1.0,0,0.378
157,4,634.0,351.0,308.0,194.0,1.0,3,0.974
158,1,380.0,254.0,28.0,97.0,1.0,0,1.0
158,2,558.0,324.0,229.0,144.0,1.0,3,0.455
158,3,481.0,256.0,74.0,124.0,1.0,0,0.419
158,4,632.0,352.0,308.0,194.0,1.0,3,0.969
159,1,383.0,254.0,28.0,97.0,1.0,0,1.0
159,2,555.0,324.0,229.0,144.0,1.0,3,0.455
159,3,483.0,255.0,74.0,124.0,1.0,0,0.434
159,4,629.0,352.0,308.0,194.0,1.0,3,0.969
160,1,386.0,254.0,28.0,97.0,1.0,0,1.0
160,2,552.0,324.0,229.0,144.0,1.0,3,0.455
160,3,486.0,255.0,74.0,124.0,1.0,0,0.439
160,4,626.0,352.0,309.0,195.0,1.0,3,0.964
161,1,388.0,254.0,28.0,97.0,1.0,0,1.0
161,2,548.0,324.0,230.0,145.0,1.0,3,0.456
161,3,489.0,255.0,74.0,124.0,1.0,0,0.437
161,4,623.0,352.0,309.0,195.0,1.0,3,0.964
162,1,391.0,254.0,28.0,97.0,1.0,0,1.0
162,2,545.0,324.0,230.0,145.0,1.0,3,0.46
162,3,492.0,255.0,74.0,124.0,1.0,0,0.442
162,4,621.0,352.0,309.0,195.0,1.0,3,0.964
163,1,394.0,253.0,28.0,97.0,1.0,0,1.0
163,2,542.0,324.0,230.0,145.0,1.0,3,0.464
163,3,494.0,255.0,74.0,124.0,1.0,0,0.439
163,4,618.0,353.0,309.0,195.0,1.0,3,0.959
164,1,397.0,253.0,28.0,97.0,1.0,0,1.0
164,2,539.0,324.0,230.0,145.0,1.0,3,0.464
164,3,497.0,255.0,74.0,124.0,1.0,0,0.443
164,4,615.0,353.0,309.0,195.0,1.0,3,0.959
165,1,400.0,253.0,28.0,97.0,1.0,0,1.0
165,2,535.0,324.0,230.0,145.0,1.0,3,0.468
165,3,500.0,254.0,74.0,124.0,1.0,0,0.446
165,4,612.0,353.0,309.0,195.0,1.0,3,0.959
166,1,403.0,253.0,28.0,97.0,1.0,0,1.0
166,2,532.0,324.0,230.0,145.0,1.0,3,0.471
166,3,502.0,254.0,74.0,124.0,1.0,0,0.444
166,4,610.0,353.0,309.0,195.0,1.0,3,0.959
167,1,406.0,252.0,28.0,97.0,1.0,0,1.0
167,2,529.0,325.0,230.0,145.0,1.0,3,0.467
167,3,505.0,254.0,74.0,124.0,1.0,0,0.454
167,4,607.0,353.0,309.0,195.0,1.0,3,0.959
168,1,409.0,252.0,28.0,97.0,1.0,0,0.964
168,2,526.0,325.0,230.0,145.0,1.0,3,0.471
168,3,508.0,254.0,74.0,124.0,1.0,0,0.46
168,4,604.0,354.0,309.0,195.0,1.0,3,0.954
169,1,412.0,252.0,28.0,97.0,1.0,0,0.857
169,2,523.0,325.0,230.0,145.0,1.0,3,0.47
169,3,510.0,254.0,74.0,124.0,1.0,0,0.464
169,4,602.0,354.0,309.0,195.0,1.0,3,0.954
170,1,415.0,252.0,28.0,97.0,1.0,0,0.75
170,2,519.0,325.0,230.0,145.0,1.0,3,0.457
170,3,513.0,254.0,74.0,124.0,1.0,0,0.487
170,4,599.0,354.0,309.0,195.0,1.0,3,0.954
171,1,418.0,252.0,28.0,98.0,1.0,0,0.643
171,2,516.0,325.0,230.0,145.0,1.0,3,0.443
171,3,516.0,253.0,74.0,124.0,1.0,0,0.518
171,4,596.0,354.0,309.0,195.0,1.0,3,0.954
172,1,421.0,251.0,28.0,98.0,1.0,0,0.536
172,2,513.0,325.0,230.0,145.0,1.0,3,0.43
172,3,519.0,253.0,74.0,124.0,1.0,0,0.541
172,4,593.0,354.0,311.0,196.0,1.0,3,0.949
173,1,423.0,251.0,28.0,98.0,1.0,0,0.464
173,2,510.0,325.0,232.0,146.0,1.0,3,0.418
173,3,521.0,253.0,74.0,124.0,1.0,0,0.557
173,4,591.0,354.0,311.0,196.0,1.0,3,0.949
174,1,426.0,251.0,28.0,98.0,1.0,0,0.357
174,2,506.0,325.0,232.0,146.0,1.0,3,0.409
174,3,524.0,253.0,74.0,124.0,1.0,0,0.581
174,4,588.0,355.0,311.0,196.0,1.0,3,0.944
175,1,429.0,251.0,28.0,98.0,1.0,0,0.25
175,2,503.0,325.0,232.0,146.0,1.0,3,0.396
175,3,527.0,253.0,74.0,124.0,1.0,0,0.581
175,4,585.0,355.0,311.0,196.0,1.0,3,0.944
176,1,432.0,251.0,28.0,98.0,1.0,0,0.143
176,2,500.0,325.0,232.0,146.0,1.0,3,0.383
176,3,529.0,252.0,74.0,124.0,1.0,0,0.589
176,4,582.0,355.0,311.0,196.0,1.0,3,0.944
177,1,435.0,250.0,28.0,98.0,1.0,0,0.036
177,2,497.0,325.0,232.0,146.0,1.0,3,0.373
177,3,532.0,252.0,74.0,124.0,1.0,0,0.589
177,4,580.0,355.0,311.0,196.0,1.0,3,0.944
178,1,438.0,250.0,28.0,98.0,1.0,0,0.0
178,2,494.0,325.0,232.0,146.0,1.0,3,0.36
178,3,535.0,252.0,74.0,124.0,1.0,0,0.589
178,4,577.0,355.0,311.0,196.0,1.0,3,0.944
179,1,441.0,250.0,28.0,98.0,1.0,0,0.0
179,2,490.0,325.0,232.0,146.0,1.0,3,0.351
179,3,537.0,252.0,74.0,124.0,1.0,0,0.589
179,4,574.0,356.0,311.0,196.0,1.0,3,0.939
180,1,444.0,250.0,28.0,98.0,1.0,0,0.0
180,2,487.0,325.0,232.0,146.0,1.0,3,0.341
180,3,540.0,252.0,74.0,124.0,1.0,0,0.589
180,4,572.0,356.0,311.0,196.0,1.0,3,0.939
181,1,447.0,249.0,28.0,98.0,1.0,0,0.0
181,2,484.0,325.0,232.0,146.0,1.0,3,0.329
181,3,543.0,252.0,74.0,124.0,1.0,0,0.589
181,4,569.0,356.0,311.0,196.0,1.0,3,0.939
182,1,450.0,249.0,28.0,98.0,1.0,0,0.0
182,2,481.0,325.0,232.0,146.0,1.0,3,0.316
182,3,546.0,251.0,74.0,124.0,1.0,0,0.597
182,4,566.0,356.0,311.0,196.0,1.0,3,0.939
183,1,453.0,249.0,28.0,98.0,1.0,0,0.0
183,2,478.0,325.0,232.0,146.0,1.0,3,0.303
183,3,548.0,251.0,74.0,124.0,1.0,0,0.597
183,4,563.0,356.0,313.0,197.0,1.0,3,0.934
184,1,456.0,249.0,28.0,98.0,1.0,0,0.0
184,2,474.0,325.0,232.0,146.0,1.0,3,0.296
184,3,551.0,251.0,74.0,124.0,1.0,0,0.597
184,4,561.0,357.0,313.0,197.0,1.0,3,0.929
185,1,459.0,249.0,28.0,98.0,1.0,0,0.0
185,2,471.0,325.0,232.0,146.0,1.0,3,0.284
185,3,554.0,251.0,74.0,124.0,1.0,0,0.597
185,4,558.0,357.0,313.0,197.0,1.0,3,0.929
186,1,461.0,248.0,28.0,98.0,1.0,0,0.0
186,2,468.0,325.0,233.0,147.0,1.0,3,0.269
186,3,556.0,251.0,74.0,124.0,1.0,0,0.597
186,4,555.0,357.0,313.0,197.0,1.0,3,0.929
187,1,464.0,248.0,28.0,98.0,1.0,0,0.0
187,2,465.0,325.0,233.0,147.0,1.0,3,0.257
187,3,559.0,251.0,73.0,123.0,1.0,0,0.602
187,4,552.0,357.0,313.0,197.0,1.0,3,0.929
188,1,467.0,248.0,28.0,98.0,1.0,0,0.0
188,2,461.0,325.0,233.0,147.0,1.0,3,0.246
188,3,562.0,250.0,73.0,123.0,1.0,0,0.61
188,4,550.0,357.0,313.0,197.0,1.0,3,0.929
189,1,470.0,248.0,28.0,98.0,1.0,0,0.0
189,2,458.0,325.0,233.0,147.0,1.0,3,0.237
189,3,565.0,250.0,73.0,123.0,1.0,0,0.61
189,4,547.0,358.0,313.0,197.0,1.0,3,0.924
190,1,473.0,248.0,28.0,98.0,1.0,0,0.0
190,2,455.0,325.0,233.0,147.0,1.0,3,0.225
190,3,567.0,250.0,73.0,123.0,1.0,0,0.61
190,4,544.0,358.0,313.0,197.0,1.0,3,0.924
191,1,476.0,247.0,28.0,98.0,1.0,0,0.0
191,2,452.0,325.0,233.0,147.0,1.0,3,0.215
191,3,570.0,250.0,73.0,123.0,1.0,0,0.61
191,4,542.0,358.0,313.0,197.0,1.0,3,0.924
192,1,479.0,247.0,28.0,98.0,1.0,0,0.0
192,2,449.0,325.0,233.0,147.0,1.0,3,0.202
192,3,573.0,250.0,73.0,123.0,1.0,0,0.61
192,4,539.0,358.0,313.0,197.0,1.0,3,0.924
193,1,482.0,247.0,28.0,99.0,1.0,0,0.0
193,2,445.0,325.0,233.0,147.0,1.0,3,0.188
193,3,575.0,249.0,73.0,123.0,1.0,0,0.618
193,4,536.0,358.0,313.0,197.0,1.0,3,0.924
194,1,485.0,247.0,28.0,99.0,1.0,0,0.0
194,2,442.0,325.0,233.0,147.0,1.0,3,0.18
194,3,578.0,249.0,73.0,123.0,1.0,0,0.618
194,4,533.0,359.0,313.0,197.0,1.0,3,0.919
195,1,488.0,246.0,28.0,99.0,1.0,0,0.0
195,2,439.0,325.0,233.0,147.0,1.0,3,0.17
195,3,581.0,249.0,73.0,123.0,1.0,0,0.618
195,4,531.0,359.0,314.0,198.0,1.0,3,0.914
196,1,491.0,246.0,28.0,99.0,1.0,0,0.0
196,2,436.0,326.0,233.0,147.0,1.0,3,0.153
196,3,583.0,249.0,73.0,123.0,1.0,0,0.626
196,4,528.0,359.0,314.0,198.0,1.0,3,0.914
197,1,494.0,246.0,28.0,99.0,1.0,0,0.0
197,2,433.0,326.0,233.0,147.0,1.0,3,0.153
197,3,586.0,249.0,73.0,123.0,1.0,0,0.626
197,4,525.0,359.0,314.0,198.0,1.0,3,0.914
198,1,497.0,246.0,28.0,99.0,1.0,0,0.029
198,2,429.0,326.0,235.0,148.0,1.0,3,0.163
198,3,589.0,249.0,73.0,123.0,1.0,0,0.626
198,4,522.0,359.0,314.0,198.0,1.0,3,0.908
199,1,499.0,246.0,28.0,99.0,1.0,0,0.087
199,2,426.0,326.0,235.0,148.0,1.0,3,0.173
199,3,592.0,248.0,73.0,123.0,1.0,0,0.649
199,4,520.0,359.0,314.0,198.0,1.0,3,0.902
200,1,502.0,245.0,28.0,99.0,1.0,0,0.175
200,2,423.0,326.0,235.0,148.0,1.0,3,0.186
200,3,594.0,248.0,73.0,123.0,1.0,0,0.668
200,4,517.0,360.0,314.0,198.0,1.0,3,0.889
201,1,505.0,245.0,28.0,99.0,1.0,0,0.263
201,2,420.0,326.0,235.0,148.0,1.0,3,0.196
201,3,597.0,248.0,73.0,123.0,1.0,0,0.691
201,4,514.0,360.0,314.0,198.0,1.0,3,0.88
202,1,508.0,245.0,28.0,99.0,1.0,0,0.351
202,2,416.0,326.0,235.0,148.0,1.0,3,0.209
202,3,600.0,248.0,73.0,123.0,1.0,0,0.717
202,4,512.0,360.0,314.0,198.0,1.0,3,0.874
203,1,511.0,245.0,28.0,99.0,1.0,0,0.438
203,2,413.0,326.0,235.0,148.0,1.0,3,0.219
203,3,602.0,248.0,73.0,123.0,1.0,0,0.736
203,4,509.0,360.0,314.0,198.0,1.0,3,0.866
204,1,514.0,244.0,28.0,99.0,1.0,0,0.532
204,2,410.0,326.0,235.0,148.0,1.0,3,0.229
204,3,605.0,248.0,73.0,123.0,1.0,0,0.759
204,4,506.0,360.0,314.0,198.0,1.0,3,0.857
205,1,517.0,244.0,28.0,99.0,1.0,0,0.621
205,2,407.0,326.0,235.0,148.0,1.0,3,0.242
205,3,608.0,247.0,73.0,123.0,1.0,0,0.794
205,4,503.0,361.0,314.0,198.0,1.0,3,0.844
206,1,520.0,244.0,28.0,99.0,1.0,0,0.71
206,2,404.0,326.0,235.0,148.0,1.0,3,0.252
206,3,610.0,247.0,73.0,123.0,1.0,0,0.814
206,4,501.0,361.0,316.0,199.0,1.0,3,0.834
207,1,523.0,244.0,28.0,99.0,1.0,0,0.799
207,2,400.0,326.0,235.0,148.0,1.0,3,0.265
207,3,613.0,247.0,73.0,123.0,1.0,0,0.841
207,4,498.0,361.0,316.0,199.0,1.0,3,0.825
208,1,526.0,244.0,28.0,99.0,1.0,0,0.828
208,2,397.0,326.0,235.0,148.0,1.0,3,0.275
208,3,616.0,247.0,73.0,123.0,1.0,0,0.864
208,4,495.0,361.0,316.0,199.0,1.0,3,0.817
209,1,529.0,243.0,28.0,99.0,1.0,0,0.838
209,2,394.0,326.0,235.0,148.0,1.0,3,0.284
209,3,619.0,247.0,73.0,123.0,1.0,0,0.888
209,4,493.0,361.0,316.0,199.0,1.0,3,0.811
210,1,532.0,243.0,28.0,99.0,1.0,0,0.838
210,2,391.0,326.0,235.0,148.0,1.0,3,0.297
210,3,621.0,247.0,73.0,123.0,1.0,0,0.915
210,4,490.0,362.0,316.0,199.0,1.0,3,0.798
211,1,535.0,243.0,28.0,99.0,1.0,0,0.838
211,2,388.0,326.0,236.0,149.0,1.0,3,0.306
211,3,624.0,246.0,73.0,123.0,1.0,0,0.943
211,4,487.0,362.0,316.0,199.0,1.0,3,0.79
212,1,537.0,243.0,28.0,99.0,1.0,0,0.838
212,2,384.0,326.0,236.0,149.0,1.0,3,0.319
212,3,627.0,246.0,73.0,123.0,1.0,0,0.943
212,4,484.0,362.0,316.0,199.0,1.0,3,0.781
213,1,540.0,243.0,28.0,99.0,1.0,0,0.838
213,2,381.0,326.0,236.0,149.0,1.0,3,0.328
213,3,629.0,246.0,73.0,123.0,1.0,0,0.943
213,4,482.0,362.0,316.0,199.0,1.0,3,0.776
214,1,543.0,242.0,28.0,99.0,1.0,0,0.848
214,2,378.0,326.0,236.0,149.0,1.0,3,0.338
214,3,632.0,246.0,73.0,123.0,1.0,0,0.943
214,4,479.0,362.0,316.0,199.0,1.0,3,0.767
215,1,546.0,242.0,28.0,99.0,1.0,0,0.848
215,2,375.0,326.0,236.0,149.0,1.0,3,0.35
215,3,635.0,246.0,73.0,123.0,1.0,0,0.951
215,4,476.0,363.0,316.0,199.0,1.0,3,0.754
216,1,549.0,242.0,29.0,100.0,1.0,0,0.84
216,2,371.0,326.0,236.0,149.0,1.0,3,0.363
216,3,638.0,245.0,73.0,123.0,1.0,0,0.959
216,4,473.0,363.0,316.0,199.0,1.0,3,0.746
217,1,552.0,242.0,29.0,100.0,1.0,0,0.84
217,2,368.0,326.0,236.0,149.0,1.0,3,0.372
217,3,640.0,245.0,73.0,123.0,1.0,0,0.959
217,4,471.0,363.0,316.0,199.0,1.0,3,0.74
218,1,555.0,241.0,29.0,100.0,1.0,0,0.85
218,2,365.0,326.0,236.0,149.0,1.0,3,0.382
218,3,643.0,245.0,73.0,123.0,1.0,0,0.959
218,4,468.0,363.0,317.0,200.0,1.0,3,0.729
219,1,558.0,241.0,29.0,100.0,1.0,0,0.85
219,2,362.0,326.0,236.0,149.0,1.0,3,0.391
219,3,646.0,245.0,73.0,123.0,1.0,0,0.959
219,4,465.0,363.0,317.0,200.0,1.0,3,0.72
220,1,561.0,241.0,29.0,100.0,1.0,0,0.85
220,2,359.0,326.0,236.0,149.0,1.0,3,0.401
220,3,648.0,245.0,73.0,123.0,1.0,0,0.959
220,4,463.0,363.0,317.0,200.0,1.0,3,0.715
221,1,564.0,241.0,29.0,100.0,1.0,0,0.86
221,2,355.0,326.0,236.0,149.0,1.0,3,0.416
221,3,651.0,245.0,73.0,123.0,1.0,0,0.967
221,4,460.0,364.0,317.0,200.0,1.0,3,0.702
222,1,567.0,241.0,29.0,100.0,1.0,0,0.891
222,2,352.0,326.0,236.0,149.0,1.0,3,0.425
222,3,654.0,244.0,73.0,123.0,1.0,0,0.976
222,4,457.0,364.0,317.0,200.0,1.0,3,0.694
223,1,570.0,240.0,29.0,100.0,1.0,0,0.918
223,2,349.0,326.0,238.0,150.0,1.0,3,0.433
223,3,656.0,244.0,73.0,123.0,1.0,0,0.976
223,4,454.0,364.0,317.0,200.0,1.0,3,0.686
224,1,573.0,240.0,29.0,100.0,1.0,0,0.947
224,2,346.0,326.0,238.0,150.0,1.0,3,0.442
224,3,659.0,244.0,73.0,123.0,1.0,0,0.976
224,4,452.0,364.0,317.0,200.0,1.0,3,0.68
225,1,575.0,240.0,29.0,100.0,1.0,0,0.973
225,2,343.0,327.0,238.0,150.0,1.0,3,0.45
225,3,662.0,244.0,73.0,123.0,1.0,0,0.976
225,4,449.0,364.0,317.0,200.0,1.0,3,0.672
226,1,578.0,240.0,29.0,100.0,1.0,0,1.0
226,2,339.0,327.0,238.0,150.0,1.0,3,0.464
226,3,665.0,244.0,73.0,123.0,1.0,0,0.984
226,4,446.0,365.0,317.0,200.0,1.0,3,0.66
227,1,581.0,240.0,29.0,100.0,1.0,0,1.0
227,2,336.0,327.0,238.0,150.0,1.0,3,0.473
227,3,667.0,244.0,73.0,123.0,1.0,0,0.984
227,4,443.0,365.0,317.0,200.0,1.0,3,0.651
228,1,584.0,239.0,29.0,100.0,1.0,0,1.0
228,2,333.0,327.0,238.0,150.0,1.0,3,0.483
228,3,670.0,243.0,73.0,123.0,1.0,0,0.992
228,4,441.0,365.0,317.0,200.0,1.0,3,0.646
229,1,587.0,239.0,29.0,100.0,1.0,0,1.0
229,2,330.0,327.0,238.0,150.0,1.0,3,0.492
229,3,673.0,243.0,73.0,123.0,1.0,0,0.992
229,4,438.0,365.0,319.0,201.0,1.0,3,0.636
230,1,590.0,239.0,29.0,100.0,1.0,0,1.0
230,2,326.0,327.0,238.0,150.0,1.0,3,0.502
230,3,675.0,243.0,73.0,123.0,1.0,0,0.992
230,4,435.0,365.0,319.0,201.0,1.0,3,0.63
231,1,593.0,239.0,29.0,100.0,1.0,0,1.0
231,2,323.0,327.0,238.0,150.0,1.0,3,0.506
231,3,678.0,243.0,73.0,123.0,1.0,0,1.0
231,4,433.0,366.0,319.0,201.0,1.0,3,0.627
232,1,596.0,238.0,29.0,100.0,1.0,0,1.0
232,2,320.0,327.0,238.0,150.0,1.0,3,0.506
232,3,681.0,243.0,73.0,123.0,1.0,0,1.0
232,4,430.0,366.0,319.0,201.0,1.0,3,0.627
233,1,599.0,238.0,29.0,100.0,1.0,0,1.0
233,2,317.0,327.0,238.0,150.0,1.0,3,0.506
233,3,683.0,242.0,73.0,123.0,1.0,0,1.0
233,4,427.0,366.0,319.0,201.0,1.0,3,0.627
234,1,602.0,238.0,29.0,100.0,1.0,0,1.0
234,2,314.0,327.0,238.0,150.0,1.0,3,0.506
234,3,686.0,242.0,73.0,123.0,1.0,0,1.0
234,4,424.0,366.0,319.0,201.0,1.0,3,0.627
235,1,605.0,238.0,29.0,100.0,1.0,0,1.0
235,2,310.0,327.0,240.0,151.0,1.0,3,0.51
235,3,689.0,242.0,73.0,123.0,1.0,0,1.0
235,4,422.0,366.0,319.0,201.0,1.0,3,0.627
236,1,608.0,238.0,29.0,100.0,1.0,0,1.0
236,2,307.0,327.0,240.0,151.0,1.0,3,0.511
236,3,692.0,242.0,73.0,123.0,1.0,0,1.0
236,4,419.0,367.0,319.0,201.0,1.0,3,0.623
237,1,611.0,237.0,29.0,100.0,1.0,0,1.0
237,2,304.0,327.0,240.0,151.0,1.0,3,0.511
237,3,694.0,242.0,73.0,123.0,1.0,0,1.0
237,4,416.0,367.0,319.0,201.0,1.0,3,0.623
238,1,613.0,237.0,29.0,101.0,1.0,0,1.0
238,2,301.0,327.0,240.0,151.0,1.0,3,0.511
238,3,697.0,242.0,73.0,123.0,1.0,0,1.0
238,4,413.0,367.0,319.0,201.0,1.0,3,0.623
239,1,616.0,237.0,29.0,101.0,1.0,0,1.0
239,2,298.0,327.0,240.0,151.0,1.0,3,0.514
239,3,700.0,241.0,73.0,123.0,1.0,0,1.0
239,4,411.0,367.0,319.0,201.0,1.0,3,0.623
240,1,619.0,237.0,29.0,101.0,1.0,0,1.0
240,2,294.0,327.0,240.0,151.0,1.0,3,0.517
240,3,702.0,241.0,73.0,123.0,1.0,0,1.0
240,4,408.0,367.0,319.0,201.0,1.0,3,0.623
241,1,622.0,236.0,29.0,101.0,1.0,0,1.0
241,2,291.0,327.0,240.0,151.0,1.0,3,0.517
241,3,705.0,241.0,73.0,123.0,1.0,0,1.0
241,4,405.0,367.0,321.0,202.0,1.0,3,0.622
242,1,625.0,236.0,29.0,101.0,1.0,0,1.0
242,2,288.0,327.0,240.0,151.0,1.0,3,0.521
242,3,708.0,241.0,73.0,123.0,1.0,0,1.0
242,4,403.0,368.0,321.0,202.0,1.0,3,0.618
243,1,628.0,236.0,29.0,101.0,1.0,0,1.0
243,2,285.0,327.0,240.0,151.0,1.0,3,0.521
243,3,711.0,241.0,73.0,123.0,1.0,0,1.0
243,4,400.0,368.0,321.0,202.0,1.0,3,0.618
244,1,631.0,236.0,29.0,101.0,1.0,0,1.0
244,2,281.0,327.0,240.0,151.0,1.0,3,0.527
244,3,713.0,241.0,73.0,123.0,1.0,0,1.0
244,4,397.0,368.0,321.0,202.0,1.0,3,0.618
245,1,634.0,236.0,29.0,101.0,1.0,0,1.0
245,2,278.0,327.0,240.0,151.0,1.0,3,0.531
245,3,716.0,240.0,73.0,123.0,1.0,0,1.0
245,4,394.0,368.0,321.0,202.0,1.0,3,0.618
246,1,637.0,235.0,29.0,101.0,1.0,0,1.0
246,2,275.0,327.0,240.0,151.0,1.0,3,0.537
246,3,719.0,240.0,73.0,123.0,1.0,0,1.0
246,4,392.0,368.0,321.0,202.0,1.0,3,0.618
247,1,640.0,235.0,29.0,101.0,1.0,0,1.0
247,2,272.0,327.0,240.0,151.0,1.0,3,0.542
247,3,721.0,240.0,73.0,123.0,1.0,0,1.0
247,4,389.0,369.0,321.0,202.0,1.0,3,0.614
248,1,643.0,235.0,29.0,101.0,1.0,0,1.0
248,2,269.0,327.0,241.0,152.0,1.0,3,0.543
248,3,724.0,240.0,73.0,123.0,1.0,0,1.0
248,4,386.0,369.0,321.0,202.0,1.0,3,0.614
249,1,646.0,235.0,29.0,101.0,1.0,0,1.0
249,2,265.0,327.0,241.0,152.0,1.0,3,0.553
249,3,727.0,240.0,73.0,123.0,1.0,0,1.0
249,4,384.0,369.0,321.0,202.0,1.0,3,0.614
250,1,648.0,235.0,29.0,101.0,1.0,0,1.0
250,2,262.0,327.0,241.0,152.0,1.0,3,0.557
250,3,729.0,240.0,73.0,123.0,1.0,0,1.0
250,4,381.0,369.0,321.0,202.0,1.0,3,0.614
251,1,651.0,234.0,29.0,101.0,1.0,0,1.0
251,2,259.0,327.0,241.0,152.0,1.0,3,0.56
251,3,732.0,239.0,73.0,123.0,1.0,0,1.0
251,4,378.0,369.0,321.0,202.0,1.0,3,0.614
252,1,654.0,234.0,29.0,101.0,1.0,0,1.0
252,2,256.0,327.0,241.0,152.0,1.0,3,0.565
252,3,735.0,239.0,73.0,123.0,1.0,0,1.0
252,4,375.0,370.0,322.0,203.0,1.0,3,0.609
253,1,657.0,234.0,29.0,101.0,1.0,0,1.0
253,2,252.0,327.0,241.0,152.0,1.0,3,0.576
253,3,738.0,239.0,73.0,123.0,1.0,0,1.0
253,4,373.0,370.0,322.0,203.0,1.0,3,0.609
254,1,660.0,234.0,29.0,101.0,1.0,0,1.0
254,2,249.0,328.0,241.0,152.0,1.0,3,0.578
254,3,740.0,239.0,73.0,123.0,1.0,0,1.0
254,4,370.0,370.0,322.0,203.0,1.0,3,0.609
255,1,663.0,233.0,29.0,101.0,1.0,0,1.0
255,2,246.0,328.0,241.0,152.0,1.0,3,0.581
255,3,743.0,239.0,73.0,123.0,1.0,0,1.0
255,4,367.0,370.0,322.0,203.0,1.0,3,0.609
256,1,666.0,233.0,29.0,101.0,1.0,0,1.0
256,2,243.0,328.0,241.0,152.0,1.0,3,0.585
256,3,746.0,238.0,73.0,123.0,1.0,0,1.0
256,4,364.0,370.0,322.0,203.0,1.0,3,0.609
257,1,669.0,233.0,29.0,101.0,1.0,0,1.0
257,2,240.0,328.0,241.0,152.0,1.0,3,0.593
257,3,748.0,238.0,73.0,123.0,1.0,0,1.0
257,4,362.0,371.0,322.0,203.0,1.0,3,0.605
258,1,672.0,233.0,29.0,101.0,1.0,0,1.0
258,2,236.0,328.0,241.0,152.0,1.0,3,0.601
258,3,751.0,238.0,73.0,123.0,1.0,0,1.0
258,4,359.0,371.0,322.0,203.0,1.0,3,0.605
259,1,675.0,233.0,29.0,101.0,1.0,0,1.0
259,2,233.0,328.0,241.0,152.0,1.0,3,0.604
259,3,754.0,238.0,73.0,123.0,1.0,0,1.0
259,4,356.0,371.0,322.0,203.0,1.0,3,0.605
260,1,678.0,232.0,29.0,102.0,1.0,0,1.0
260,2,230.0,328.0,243.0,153.0,1.0,3,0.605
260,3,756.0,238.0,73.0,123.0,1.0,0,1.0
260,4,354.0,371.0,322.0,203.0,1.0,3,0.605
261,1,681.0,232.0,29.0,102.0,1.0,0,1.0
261,2,227.0,328.0,243.0,153.0,1.0,3,0.609
261,3,759.0,238.0,73.0,123.0,1.0,0,1.0
261,4,351.0,371.0,322.0,203.0,1.0,3,0.605
262,1,684.0,232.0,29.0,102.0,1.0,0,1.0
262,2,224.0,328.0,243.0,153.0,1.0,3,0.612
262,3,762.0,237.0,73.0,123.0,1.0,0,1.0
262,4,348.0,371.0,322.0,203.0,1.0,3,0.605
263,1,686.0,232.0,29.0,102.0,1.0,0,1.0
263,2,220.0,328.0,243.0,153.0,1.0,3,0.622
263,3,765.0,237.0,73.0,123.0,1.0,0,1.0
263,4,345.0,372.0,322.0,203.0,1.0,3,0.601
264,1,689.0,232.0,29.0,102.0,1.0,0,1.0
264,2,217.0,328.0,243.0,153.0,1.0,3,0.629
264,3,767.0,237.0,73.0,123.0,1.0,0,1.0
264,4,343.0,372.0,324.0,204.0,1.0,3,0.6
265,1,692.0,231.0,29.0,102.0,1.0,0,1.0
265,2,214.0,328.0,243.0,153.0,1.0,3,0.632
265,3,770.0,237.0,73.0,123.0,1.0,0,1.0
265,4,340.0,372.0,324.0,204.0,1.0,3,0.6
266,1,695.0,231.0,29.0,102.0,1.0,0,1.0
266,2,211.0,328.0,243.0,153.0,1.0,3,0.636
266,3,773.0,237.0,73.0,123.0,1.0,0,1.0
266,4,337.0,372.0,324.0,204.0,1.0,3,0.6
267,1,698.0,231.0,29.0,102.0,1.0,0,1.0
267,2,207.0,328.0,243.0,153.0,1.0,3,0.643
267,3,775.0,237.0,73.0,123.0,1.0,0,1.0
267,4,334.0,372.0,324.0,204.0,1.0,3,0.6
268,1,701.0,231.0,29.0,102.0,1.0,0,1.0
268,2,204.0,328.0,243.0,153.0,1.0,3,0.653
268,3,778.0,236.0,73.0,123.0,1.0,0,1.0
268,4,332.0,373.0,324.0,204.0,1.0,3,0.596
269,1,704.0,230.0,29.0,102.0,1.0,0,1.0
269,2,201.0,328.0,243.0,153.0,1.0,3,0.656
269,3,781.0,236.0,73.0,123.0,1.0,0,1.0
269,4,329.0,373.0,324.0,204.0,1.0,3,0.596
270,1,707.0,230.0,29.0,102.0,1.0,0,1.0
270,2,198.0,328.0,243.0,153.0,1.0,3,0.66
270,3,784.0,236.0,73.0,123.0,1.0,0,1.0
270,4,326.0,373.0,324.0,204.0,1.0,3,0.596
271,1,710.0,230.0,29.0,102.0,1.0,0,1.0
271,2,195.0,328.0,243.0,153.0,1.0,3,0.666
271,3,786.0,236.0,73.0,123.0,1.0,0,1.0
271,4,324.0,373.0,324.0,204.0,1.0,3,0.596
272,1,713.0,230.0,29.0,102.0,1.0,0,1.0
272,2,191.0,328.0,243.0,153.0,1.0,3,0.672
272,3,789.0,236.0,73.0,123.0,1.0,0,1.0
272,4,321.0,373.0,324.0,204.0,1.0,3,0.596
273,1,716.0,230.0,29.0,102.0,1.0,0,1.0
273,2,188.0,328.0,244.0,154.0,1.0,3,0.672
273,3,792.0,235.0,73.0,123.0,1.0,0,1.0
273,4,318.0,374.0,324.0,204.0,1.0,3,0.593
274,1,719.0,229.0,29.0,102.0,1.0,0,1.0
274,2,185.0,328.0,244.0,154.0,1.0,3,0.672
274,3,794.0,235.0,73.0,123.0,1.0,0,1.0
274,4,315.0,374.0,324.0,204.0,1.0,3,0.593
275,1,722.0,229.0,29.0,102.0,1.0,0,1.0
275,2,182.0,328.0,244.0,154.0,1.0,3,0.675
275,3,797.0,235.0,73.0,123.0,1.0,0,1.0
275,4,313.0,374.0,325.0,205.0,1.0,3,0.59
276,1,724.0,229.0,29.0,102.0,1.0,0,1.0
276,2,179.0,328.0,244.0,154.0,1.0,3,0.675
276,3,800.0,235.0,73.0,123.0,1.0,0,1.0
276,4,310.0,374.0,325.0,205.0,1.0,3,0.59
277,1,727.0,229.0,29.0,102.0,1.0,0,1.0
277,2,175.0,328.0,244.0,154.0,1.0,3,0.678
277,3,802.0,235.0,73.0,123.0,1.0,0,1.0
277,4,307.0,374.0,325.0,205.0,1.0,3,0.59
278,1,730.0,228.0,29.0,102.0,1.0,0,1.0
278,2,172.0,328.0,244.0,154.0,1.0,3,0.681
278,3,805.0,235.0,73.0,123.0,1.0,0,1.0
278,4,304.0,375.0,325.0,205.0,1.0,3,0.587
279,1,733.0,228.0,29.0,102.0,1.0,0,1.0
279,2,169.0,328.0,244.0,154.0,1.0,3,0.684
279,3,808.0,234.0,73.0,123.0,1.0,0,1.0
279,4,302.0,375.0,325.0,205.0,1.0,3,0.587
280,1,736.0,228.0,29.0,102.0,1.0,0,1.0
280,2,166.0,328.0,244.0,154.0,1.0,3,0.684
280,3,811.0,234.0,73.0,123.0,1.0,0,1.0
280,4,299.0,375.0,325.0,205.0,1.0,3,0.587
281,1,739.0,228.0,29.0,102.0,1.0,0,1.0
281,2,162.0,328.0,244.0,154.0,1.0,3,0.687
281,3,813.0,234.0,73.0,123.0,1.0,0,1.0
281,4,296.0,375.0,325.0,205.0,1.0,3,0.587
282,1,742.0,228.0,30.0,103.0,1.0,0,1.0
282,2,159.0,328.0,244.0,154.0,1.0,3,0.69
282,3,816.0,234.0,73.0,123.0,1.0,0,1.0
282,4,294.0,375.0,325.0,205.0,1.0,3,0.587
283,1,745.0,227.0,30.0,103.0,1.0,0,1.0
283,2,156.0,329.0,244.0,154.0,1.0,3,0.69
283,3,819.0,234.0,73.0,123.0,1.0,0,1.0
283,4,291.0,376.0,325.0,205.0,1.0,3,0.583
284,1,748.0,227.0,30.0,103.0,1.0,0,1.0
284,2,153.0,329.0,244.0,154.0,1.0,3,0.69
284,3,821.0,234.0,73.0,123.0,1.0,0,1.0
284,4,288.0,376.0,325.0,205.0,1.0,3,0.583
285,1,751.0,227.0,30.0,103.0,1.0,0,1.0
285,2,150.0,329.0,246.0,155.0,1.0,3,0.686
285,3,824.0,233.0,73.0,123.0,1.0,0,1.0
285,4,285.0,376.0,325.0,205.0,1.0,3,0.583
286,1,754.0,227.0,30.0,103.0,1.0,0,1.0
286,2,146.0,329.0,246.0,155.0,1.0,3,0.691
286,3,827.0,233.0,73.0,123.0,1.0,0,1.0
286,4,283.0,376.0,325.0,205.0,1.0,3,0.583
287,1,757.0,227.0,30.0,103.0,1.0,0,1.0
287,2,143.0,329.0,246.0,155.0,1.0,3,0.691
287,3,829.0,233.0,73.0,123.0,1.0,0,1.0
287,4,280.0,376.0,327.0,206.0,1.0,3,0.582
288,1,760.0,226.0,30.0,103.0,1.0,0,1.0
288,2,140.0,329.0,246.0,155.0,1.0,3,0.691
288,3,832.0,233.0,73.0,123.0,1.0,0,1.0
288,4,277.0,376.0,327.0,206.0,1.0,3,0.582
289,1,762.0,226.0,30.0,103.0,1.0,0,1.0
289,2,137.0,329.0,246.0,155.0,1.0,3,0.694
289,3,835.0,233.0,73.0,123.0,1.0,0,1.0
289,4,274.0,377.0,327.0,206.0,1.0,3,0.578
290,1,765.0,226.0,30.0,103.0,1.0,0,1.0
290,2,134.0,329.0,246.0,155.0,1.0,3,0.697
290,3,838.0,233.0,73.0,123.0,1.0,0,1.0
290,4,272.0,377.0,327.0,206.0,1.0,3,0.578
291,1,768.0,226.0,30.0,103.0,1.0,0,1.0
291,2,130.0,329.0,246.0,155.0,1.0,3,0.7
291,3,840.0,232.0,73.0,123.0,1.0,0,1.0
291,4,269.0,377.0,327.0,206.0,1.0,3,0.578
292,1,771.0,225.0,30.0,103.0,1.0,0,1.0
292,2,127.0,329.0,246.0,155.0,1.0,3,0.7
292,3,843.0,232.0,73.0,123.0,1.0,0,1.0
292,4,266.0,377.0,327.0,206.0,1.0,3,0.578
293,1,774.0,225.0,30.0,103.0,1.0,0,1.0
293,2,124.0,329.0,246.0,155.0,1.0,3,0.703
293,3,846.0,232.0,73.0,123.0,1.0,0,1.0
293,4,264.0,377.0,327.0,206.0,1.0,3,0.578
294,1,777.0,225.0,30.0,103.0,1.0,0,1.0
294,2,121.0,329.0,246.0,155.0,1.0,3,0.705
294,3,848.0,232.0,73.0,123.0,1.0,0,1.0
294,4,261.0,378.0,327.0,206.0,1.0,3,0.575
295,1,780.0,225.0,30.0,103.0,1.0,0,1.0
295,2,117.0,329.0,246.0,155.0,1.0,3,0.708
295,3,851.0,232.0,73.0,123.0,1.0,0,1.0
295,4,258.0,378.0,327.0,206.0,1.0,3,0.575
296,1,783.0,225.0,30.0,103.0,1.0,0,1.0
296,2,114.0,329.0,246.0,155.0,1.0,3,0.708
296,3,854.0,231.0,73.0,123.0,1.0,0,1.0
296,4,255.0,378.0,327.0,206.0,1.0,3,0.575
297,1,786.0,224.0,30.0,103.0,1.0,0,1.0
297,2,111.0,329.0,246.0,155.0,1.0,3,0.711
297,3,857.0,231.0,73.0,123.0,1.0,0,1.0
297,4,253.0,378.0,327.0,206.0,1.0,3,0.575
298,1,789.0,224.0,30.0,103.0,1.0,0,1.0
298,2,108.0,329.0,248.0,156.0,1.0,3,0.707
298,3,859.0,231.0,73.0,123.0,1.0,0,1.0
298,4,250.0,378.0,329.0,207.0,1.0,3,0.573
299,1,792.0,224.0,30.0,103.0,1.0,0,1.0
299,2,105.0,329.0,248.0,156.0,1.0,3,0.71
299,3,862.0,231.0,73.0,122.0,1.0,0,1.0
299,4,247.0,379.0,329.0,207.0,1.0,3,0.57
300,1,795.0,224.0,30.0,103.0,1.0,0,1.0
300,2,101.0,329.0,248.0,156.0,1.0,3,0.715
300,3,865.0,231.0,73.0,122.0,1.0,0,1.0
300,4,245.0,379.0,329.0,207.0,1.0,3,0.57
301,1,798.0,224.0,30.0,103.0,1.0,0,1.0
301,2,98.0,329.0,248.0,156.0,1.0,3,0.715
301,3,867.0,231.0,73.0,122.0,1.0,0,1.0
301,4,242.0,379.0,329.0,207.0,1.0,3,0.57
302,1,800.0,223.0,30.0,103.0,1.0,0,1.0
302,2,95.0,329.0,248.0,156.0,1.0,3,0.715
302,3,870.0,230.0,73.0,122.0,1.0,0,1.0
302,4,239.0,379.0,329.0,207.0,1.0,3,0.57
303,1,803.0,223.0,30.0,103.0,1.0,0,1.0
303,2,92.0,329.0,248.0,156.0,1.0,3,0.715
303,3,873.0,230.0,73.0,122.0,1.0,0,1.0
303,4,236.0,379.0,329.0,207.0,1.0,3,0.57
304,1,806.0,223.0,30.0,104.0,1.0,0,1.0
304,2,89.0,329.0,248.0,156.0,1.0,3,0.72
304,3,875.0,230.0,73.0,122.0,1.0,0,1.0
304,4,234.0,380.0,329.0,207.0,1.0,3,0.566
305,1,809.0,223.0,30.0,104.0,1.0,0,1.0
305,2,85.0,329.0,248.0,156.0,1.0,3,0.723
305,3,878.0,230.0,73.0,122.0,1.0,0,1.0
305,4,231.0,380.0,329.0,207.0,1.0,3,0.566
306,1,812.0,222.0,30.0,104.0,1.0,0,1.0
306,2,82.0,329.0,248.0,156.0,1.0,3,0.723
306,3,881.0,230.0,73.0,122.0,1.0,0,1.0
306,4,228.0,380.0,329.0,207.0,1.0,3,0.566
307,1,815.0,222.0,30.0,104.0,1.0,0,1.0
307,2,79.0,329.0,248.0,156.0,1.0,3,0.723
307,3,884.0,230.0,73.0,122.0,1.0,0,1.0
307,4,225.0,380.0,329.0,207.0,1.0,3,0.566
308,1,818.0,222.0,30.0,104.0,1.0,0,1.0
308,2,76.0,329.0,248.0,156.0,1.0,3,0.726
308,3,886.0,229.0,73.0,122.0,1.0,0,1.0
308,4,223.0,380.0,329.0,207.0,1.0,3,0.566
309,1,821.0,222.0,30.0,104.0,1.0,0,1.0
309,2,72.0,329.0,248.0,156.0,1.0,3,0.729
309,3,889.0,229.0,73.0,122.0,1.0,0,0.973
309,4,220.0,380.0,329.0,207.0,1.0,3,0.566
310,1,824.0,222.0,30.0,104.0,1.0,0,1.0
310,2,69.0,329.0,249.0,157.0,1.0,3,0.729
310,3,892.0,229.0,73.0,122.0,1.0,0,0.932
310,4,217.0,381.0,330.0,208.0,1.0,3,0.561
311,1,827.0,221.0,30.0,104.0,1.0,0,1.0
311,2,66.0,329.0,249.0,157.0,1.0,3,0.731
311,3,894.0,229.0,73.0,122.0,1.0,0,0.904
311,4,215.0,381.0,330.0,208.0,1.0,3,0.561
312,1,830.0,221.0,30.0,104.0,1.0,0,1.0
312,2,63.0,330.0,249.0,157.0,1.0,3,0.729
312,3,897.0,229.0,73.0,122.0,1.0,0,0.863
312,4,212.0,381.0,330.0,208.0,1.0,3,0.561
313,1,833.0,221.0,30.0,104.0,1.0,0,1.0
313,2,60.0,330.0,249.0,157.0,1.0,3,0.729
313,3,900.0,228.0,73.0,122.0,1.0,0,0.822
313,4,209.0,381.0,330.0,208.0,1.0,3,0.561
314,1,836.0,221.0,30.0,104.0,1.0,0,1.0
314,2,56.0,330.0,249.0,157.0,1.0,3,0.732
314,3,902.0,228.0,73.0,122.0,1.0,0,0.795
314,4,206.0,381.0,330.0,208.0,1.0,3,0.561
315,1,838.0,220.0,30.0,104.0,1.0,0,1.0
315,2,53.0,330.0,249.0,157.0,1.0,3,0.737
315,3,905.0,228.0,73.0,122.0,1.0,0,0.753
315,4,204.0,382.0,330.0,208.0,1.0,3,0.557
316,1,841.0,220.0,30.0,104.0,1.0,0,1.0
316,2,50.0,330.0,249.0,157.0,1.0,3,0.737
316,3,908.0,228.0,73.0,122.0,1.0,0,0.712
316,4,201.0,382.0,330.0,208.0,1.0,3,0.557
317,1,844.0,220.0,30.0,104.0,1.0,0,1.0
317,2,47.0,330.0,249.0,157.0,1.0,3,0.737
317,3,911.0,228.0,73.0,122.0,1.0,0,0.671
317,4,198.0,382.0,330.0,208.0,1.0,3,0.557
318,1,847.0,220.0,30.0,104.0,1.0,0,1.0
318,2,43.0,330.0,249.0,157.0,1.0,3,0.739
318,3,913.0,228.0,73.0,122.0,1.0,0,0.644
318,4,195.0,382.0,330.0,208.0,1.0,3,0.557
319,1,850.0,220.0,30.0,104.0,1.0,0,1.0
319,2,40.0,330.0,249.0,157.0,1.0,3,0.742
319,3,916.0,227.0,73.0,122.0,1.0,0,0.603
319,4,193.0,382.0,330.0,208.0,1.0,3,0.559
320,1,853.0,219.0,30.0,104.0,1.0,0,1.0
320,2,37.0,330.0,249.0,157.0,1.0,3,0.745
320,3,919.0,227.0,73.0,122.0,1.0,0,0.562
320,4,190.0,383.0,330.0,208.0,1.0,3,0.563
321,1,856.0,219.0,30.0,104.0,1.0,0,1.0
321,2,34.0,330.0,249.0,157.0,1.0,3,0.745
321,3,921.0,227.0,73.0,122.0,1.0,0,0.534
321,4,187.0,383.0,332.0,209.0,1.0,3,0.563
322,1,859.0,219.0,30.0,104.0,1.0,0,1.0
322,2,31.0,330.0,249.0,157.0,1.0,3,0.747
322,3,924.0,227.0,73.0,122.0,1.0,0,0.493
322,4,185.0,383.0,332.0,209.0,1.0,3,0.568
323,1,862.0,219.0,30.0,104.0,1.0,0,1.0
323,2,27.0,330.0,251.0,158.0,1.0,3,0.746
323,3,927.0,227.0,73.0,122.0,1.0,0,0.452
323,4,182.0,383.0,332.0,209.0,1.0,3,0.575
324,1,865.0,219.0,30.0,104.0,1.0,0,1.0
324,2,24.0,330.0,251.0,158.0,1.0,3,0.746
324,3,930.0,227.0,73.0,122.0,1.0,0,0.411
324,4,179.0,383.0,332.0,209.0,1.0,3,0.581
325,1,868.0,218.0,30.0,104.0,1.0,0,1.0
325,2,21.0,330.0,251.0,158.0,1.0,3,0.748
325,3,932.0,226.0,73.0,122.0,1.0,0,0.384
325,4,176.0,384.0,332.0,209.0,1.0,3,0.585
326,1,871.0,218.0,30.0,105.0,1.0,0,1.0
326,2,18.0,330.0,251.0,158.0,1.0,3,0.751
326,3,935.0,226.0,73.0,122.0,1.0,0,0.342
326,4,174.0,384.0,332.0,209.0,1.0,3,0.589
327,1,873.0,218.0,30.0,105.0,1.0,0,1.0
327,2,15.0,330.0,251.0,158.0,1.0,3,0.751
327,3,938.0,226.0,73.0,122.0,1.0,0,0.301
327,4,171.0,384.0,332.0,209.0,1.0,3,0.596
328,1,876.0,218.0,30.0,105.0,1.0,0,1.0
328,2,11.0,330.0,251.0,158.0,1.0,3,0.753
328,3,940.0,226.0,73.0,122.0,1.0,0,0.274
328,4,168.0,384.0,332.0,209.0,1.0,3,0.603
329,1,879.0,217.0,30.0,105.0,1.0,0,1.0
329,2,8.0,330.0,251.0,158.0,1.0,3,0.753
329,3,943.0,226.0,73.0,122.0,1.0,0,0.233
329,4,165.0,384.0,332.0,209.0,1.0,3,0.609
330,1,882.0,217.0,30.0,105.0,1.0,0,1.0
330,2,5.0,330.0,251.0,158.0,1.0,3,0.756
330,3,946.0,226.0,73.0,122.0,1.0,0,0.192
330,4,163.0,384.0,332.0,209.0,1.0,3,0.614
331,1,885.0,217.0,30.0,105.0,1.0,0,1.0
331,2,2.0,330.0,251.0,158.0,1.0,3,0.758
331,3,948.0,225.0,73.0,122.0,1.0,0,0.164
331,4,160.0,385.0,332.0,209.0,1.0,3,0.617
332,1,888.0,217.0,30.0,105.0,1.0,0,1.0
332,2,-2.0,330.0,251.0,158.0,1.0,3,0.753
332,3,951.0,225.0,73.0,122.0,1.0,0,0.123
332,4,157.0,385.0,332.0,209.0,1.0,3,0.623
333,1,891.0,217.0,30.0,105.0,1.0,0,1.0
333,2,-5.0,330.0,251.0,158.0,1.0,3,0.744
333,3,954.0,225.0,73.0,122.0,1.0,0,0.082
333,4,155.0,385.0,333.0,210.0,1.0,3,0.623
334,1,894.0,216.0,30.0,105.0,1.0,0,1.0
334,2,-8.0,330.0,251.0,158.0,1.0,3,0.732
334,3,957.0,225.0,73.0,122.0,1.0,0,0.041
334,4,152.0,385.0,333.0,210.0,1.0,3,0.629
335,1,897.0,216.0,30.0,105.0,1.0,0,1.0
335,2,-11.0,330.0,252.0,159.0,1.0,3,0.718
335,3,959.0,225.0,73.0,122.0,1.0,0,0.014
335,4,149.0,385.0,333.0,210.0,1.0,3,0.636
336,1,900.0,216.0,30.0,105.0,1.0,0,1.0
336,2,-14.0,330.0,252.0,159.0,1.0,3,0.708
336,4,146.0,386.0,333.0,210.0,1.0,3,0.639
337,1,903.0,216.0,30.0,105.0,1.0,0,1.0
337,2,-18.0,330.0,252.0,159.0,1.0,3,0.697
337,4,144.0,386.0,333.0,210.0,1.0,3,0.643
338,1,906.0,216.0,30.0,105.0,1.0,0,1.0
338,2,-21.0,330.0,252.0,159.0,1.0,3,0.685
338,4,141.0,386.0,333.0,210.0,1.0,3,0.65
339,1,909.0,215.0,30.0,105.0,1.0,0,1.0
339,2,-24.0,330.0,252.0,159.0,1.0,3,0.673
339,4,138.0,386.0,333.0,210.0,1.0,3,0.656
340,1,911.0,215.0,30.0,105.0,1.0,0,1.0
340,2,-27.0,330.0,252.0,159.0,1.0,3,0.664
340,4,136.0,386.0,333.0,210.0,1.0,3,0.661
341,1,914.0,215.0,30.0,105.0,1.0,0,1.0
341,2,-30.0,331.0,252.0,159.0,1.0,3,0.652
341,4,133.0,387.0,333.0,210.0,1.0,3,0.663
342,1,917.0,215.0,30.0,105.0,1.0,0,1.0
342,2,-34.0,331.0,252.0,159.0,1.0,3,0.639
342,4,130.0,387.0,333.0,210.0,1.0,3,0.669
343,1,920.0,214.0,30.0,105.0,1.0,0,1.0
343,2,-37.0,331.0,252.0,159.0,1.0,3,0.627
343,4,127.0,387.0,333.0,210.0,1.0,3,0.676
344,1,923.0,214.0,30.0,105.0,1.0,0,1.0
344,2,-40.0,331.0,252.0,159.0,1.0,3,0.618
344,4,125.0,387.0,335.0,211.0,1.0,3,0.673
345,1,926.0,214.0,30.0,105.0,1.0,0,1.0
345,2,-43.0,331.0,252.0,159.0,1.0,3,0.606
345,4,122.0,387.0,335.0,211.0,1.0,3,0.68
346,1,929.0,214.0,30.0,105.0,1.0,0,1.0
346,2,-47.0,331.0,252.0,159.0,1.0,3,0.595
346,4,119.0,388.0,335.0,211.0,1.0,3,0.682
347,1,932.0,214.0,30.0,105.0,1.0,0,0.933
347,2,-50.0,331.0,252.0,159.0,1.0,3,0.583
347,4,116.0,388.0,335.0,211.0,1.0,3,0.688
348,1,935.0,213.0,30.0,106.0,1.0,0,0.833
348,2,-53.0,331.0,254.0,160.0,1.0,3,0.571
348,4,114.0,388.0,335.0,211.0,1.0,3,0.692
349,1,938.0,213.0,30.0,106.0,1.0,0,0.733
349,2,-56.0,331.0,254.0,160.0,1.0,3,0.559
349,4,111.0,388.0,335.0,211.0,1.0,3,0.699
350,1,941.0,213.0,30.0,106.0,1.0,0,0.633
350,2,-59.0,331.0,254.0,160.0,1.0,3,0.547
350,4,108.0,388.0,335.0,211.0,1.0,3,0.705
351,1,944.0,213.0,30.0,106.0,1.0,0,0.533
351,2,-63.0,331.0,254.0,160.0,1.0,3,0.537
351,4,106.0,388.0,335.0,211.0,1.0,3,0.71
352,1,947.0,213.0,30.0,106.0,1.0,0,0.433
352,2,-66.0,331.0,254.0,160.0,1.0,3,0.527
352,4,103.0,389.0,335.0,211.0,1.0,3,0.711
353,1,949.0,212.0,30.0,106.0,1.0,0,0.367
353,2,-69.0,331.0,254.0,160.0,1.0,3,0.515
353,4,100.0,389.0,335.0,211.0,1.0,3,0.716
354,1,952.0,212.0,30.0,106.0,1.0,0,0.267
354,2,-72.0,331.0,254.0,160.0,1.0,3,0.503
354,4,97.0,389.0,335.0,211.0,1.0,3,0.716
355,1,955.0,212.0,30.0,106.0,1.0,0,0.167
355,2,-75.0,331.0,254.0,160.0,1.0,3,0.494
355,4,95.0,389.0,335.0,211.0,1.0,3,0.716
356,1,958.0,212.0,30.0,106.0,1.0,0,0.067
356,2,-79.0,331.0,254.0,160.0,1.0,3,0.481
356,4,92.0,389.0,336.0,212.0,1.0,3,0.712
357,2,-82.0,331.0,254.0,160.0,1.0,3,0.471
357,4,89.0,390.0,336.0,212.0,1.0,3,0.708
358,2,-85.0,331.0,254.0,160.0,1.0,3,0.459
358,4,86.0,390.0,336.0,212.0,1.0,3,0.708
359,2,-88.0,331.0,254.0,160.0,1.0,3,0.45
359,4,84.0,390.0,336.0,212.0,1.0,3,0.708
360,2,-92.0,331.0,256.0,161.0,1.0,3,0.435
360,4,81.0,390.0,336.0,212.0,1.0,3,0.708
361,2,-95.0,331.0,256.0,161.0,1.0,3,0.424
361,4,78.0,390.0,336.0,212.0,1.0,3,0.708
362,2,-98.0,331.0,256.0,161.0,1.0,3,0.416
362,4,76.0,391.0,336.0,212.0,1.0,3,0.703
363,2,-101.0,331.0,256.0,161.0,1.0,3,0.405
363,4,73.0,391.0,336.0,212.0,1.0,3,0.703
364,2,-104.0,331.0,256.0,161.0,1.0,3,0.393
364,4,70.0,391.0,336.0,212.0,1.0,3,0.703
365,2,-108.0,331.0,256.0,161.0,1.0,3,0.38
365,4,67.0,391.0,336.0,212.0,1.0,3,0.703
366,2,-111.0,331.0,256.0,161.0,1.0,3,0.37
366,4,65.0,391.0,336.0,212.0,1.0,3,0.703
367,2,-114.0,331.0,256.0,161.0,1.0,3,0.361
367,4,62.0,392.0,338.0,213.0,1.0,3,0.695
368,2,-117.0,331.0,256.0,161.0,1.0,3,0.349
368,4,59.0,392.0,338.0,213.0,1.0,3,0.695
369,2,-120.0,331.0,256.0,161.0,1.0,3,0.337
369,4,56.0,392.0,338.0,213.0,1.0,3,0.695
370,2,-124.0,332.0,256.0,161.0,1.0,3,0.324
370,4,54.0,392.0,338.0,213.0,1.0,3,0.695
371,2,-127.0,332.0,256.0,161.0,1.0,3,0.313
371,4,51.0,392.0,338.0,213.0,1.0,3,0.695
372,2,-130.0,332.0,257.0,162.0,1.0,3,0.303
372,4,48.0,393.0,338.0,213.0,1.0,3,0.69
373,2,-133.0,332.0,257.0,162.0,1.0,3,0.293
373,4,46.0,393.0,338.0,213.0,1.0,3,0.69
374,2,-137.0,332.0,257.0,162.0,1.0,3,0.28
374,4,43.0,393.0,338.0,213.0,1.0,3,0.69
375,2,-140.0,332.0,257.0,162.0,1.0,3,0.268
375,4,40.0,393.0,338.0,213.0,1.0,3,0.69
376,2,-143.0,332.0,257.0,162.0,1.0,3,0.257
376,4,37.0,393.0,338.0,213.0,1.0,3,0.69
377,2,-146.0,332.0,257.0,162.0,1.0,3,0.248
377,4,35.0,393.0,338.0,213.0,1.0,3,0.69
378,2,-149.0,332.0,257.0,162.0,1.0,3,0.238
378,4,32.0,394.0,338.0,213.0,1.0,3,0.685
379,2,-153.0,332.0,257.0,162.0,1.0,3,0.225
379,4,29.0,394.0,340.0,214.0,1.0,3,0.682
380,2,-156.0,332.0,257.0,162.0,1.0,3,0.215
380,4,27.0,394.0,340.0,214.0,1.0,3,0.682
381,2,-159.0,332.0,257.0,162.0,1.0,3,0.204
381,4,24.0,394.0,340.0,214.0,1.0,3,0.682
382,2,-162.0,332.0,257.0,162.0,1.0,3,0.192
382,4,21.0,394.0,340.0,214.0,1.0,3,0.682
383,2,-165.0,332.0,257.0,162.0,1.0,3,0.182
383,4,18.0,395.0,340.0,214.0,1.0,3,0.678
384,2,-169.0,332.0,257.0,162.0,1.0,3,0.171
384,4,16.0,395.0,340.0,214.0,1.0,3,0.678
385,2,-172.0,332.0,259.0,163.0,1.0,3,0.161
385,4,13.0,395.0,340.0,214.0,1.0,3,0.678
386,2,-175.0,332.0,259.0,163.0,1.0,3,0.149
386,4,10.0,395.0,340.0,214.0,1.0,3,0.678
387,2,-178.0,332.0,259.0,163.0,1.0,3,0.137
387,4,7.0,395.0,340.0,214.0,1.0,3,0.678
388,2,-182.0,332.0,259.0,163.0,1.0,3,0.128
388,4,5.0,396.0,340.0,214.0,1.0,3,0.673
389,2,-185.0,332.0,259.0,163.0,1.0,3,0.117
389,4,2.0,396.0,340.0,214.0,1.0,3,0.673
390,2,-188.0,332.0,259.0,163.0,1.0,3,0.108
390,4,-1.0,396.0,341.0,215.0,1.0,3,0.668
391,2,-191.0,332.0,259.0,163.0,1.0,3,0.103
391,4,-3.0,396.0,341.0,215.0,1.0,3,0.664
392,2,-194.0,332.0,259.0,163.0,1.0,3,0.099
392,4,-6.0,396.0,341.0,215.0,1.0,3,0.658
393,2,-198.0,332.0,259.0,163.0,1.0,3,0.094
393,4,-9.0,397.0,341.0,215.0,1.0,3,0.648
394,2,-201.0,332.0,259.0,163.0,1.0,3,0.089
394,4,-12.0,397.0,341.0,215.0,1.0,3,0.642
395,2,-204.0,332.0,259.0,163.0,1.0,3,0.085
395,4,-14.0,397.0,341.0,215.0,1.0,3,0.638
396,2,-207.0,332.0,259.0,163.0,1.0,3,0.08
396,4,-17.0,397.0,341.0,215.0,1.0,3,0.632
397,2,-211.0,332.0,260.0,164.0,1.0,3,0.075
397,4,-20.0,397.0,341.0,215.0,1.0,3,0.626
398,2,-214.0,332.0,260.0,164.0,1.0,3,0.07
398,4,-23.0,397.0,341.0,215.0,1.0,3,0.62
399,2,-217.0,333.0,260.0,164.0,1.0,3,0.066
399,4,-25.0,398.0,341.0,215.0,1.0,3,0.612
400,2,-220.0,333.0,260.0,164.0,1.0,3,0.061
400,4,-28.0,398.0,341.0,215.0,1.0,3,0.606
401,2,-223.0,333.0,260.0,164.0,1.0,3,0.056
401,4,-31.0,398.0,341.0,215.0,1.0,3,0.6
402,2,-227.0,333.0,260.0,164.0,1.0,3,0.05
402,4,-33.0,398.0,343.0,216.0,1.0,3,0.594
403,2,-230.0,333.0,260.0,164.0,1.0,3,0.046
403,4,-36.0,398.0,343.0,216.0,1.0,3,0.588
404,2,-233.0,333.0,260.0,164.0,1.0,3,0.042
404,4,-39.0,399.0,343.0,216.0,1.0,3,0.579
405,2,-236.0,333.0,260.0,164.0,1.0,3,0.037
405,4,-42.0,399.0,343.0,216.0,1.0,3,0.573
406,2,-239.0,333.0,260.0,164.0,1.0,3,0.033
406,4,-44.0,399.0,343.0,216.0,1.0,3,0.569
407,2,-243.0,333.0,260.0,164.0,1.0,3,0.026
407,4,-47.0,399.0,343.0,216.0,1.0,3,0.563
408,2,-246.0,333.0,260.0,164.0,1.0,3,0.022
408,4,-50.0,399.0,343.0,216.0,1.0,3,0.558
409,2,-249.0,333.0,260.0,164.0,1.0,3,0.017
409,4,-53.0,400.0,343.0,216.0,1.0,3,0.548
410,2,-252.0,333.0,262.0,165.0,1.0,3,0.015
410,4,-55.0,400.0,343.0,216.0,1.0,3,0.544
411,2,-256.0,333.0,262.0,165.0,1.0,3,0.009
411,3,-70.0,211.0,72.0,121.0,1.0,0,0.028
411,4,-58.0,400.0,343.0,216.0,1.0,3,0.539
412,2,-259.0,333.0,262.0,165.0,1.0,3,0.005
412,3,-67.0,211.0,72.0,121.0,1.0,0,0.069
412,4,-61.0,400.0,343.0,216.0,1.0,3,0.533
413,3,-64.0,211.0,72.0,121.0,1.0,0,0.111
413,4,-63.0,400.0,343.0,216.0,1.0,3,0.529
414,3,-62.0,211.0,72.0,121.0,1.0,0,0.139
414,4,-66.0,401.0,344.0,217.0,1.0,3,0.518
415,3,-59.0,211.0,72.0,121.0,1.0,0,0.181
415,4,-69.0,401.0,344.0,217.0,1.0,3,0.512
416,3,-56.0,210.0,72.0,121.0,1.0,0,0.222
416,4,-72.0,401.0,344.0,217.0,1.0,3,0.506
417,3,-54.0,210.0,72.0,121.0,1.0,0,0.25
417,4,-74.0,401.0,344.0,217.0,1.0,3,0.503
418,3,-51.0,210.0,72.0,121.0,1.0,0,0.292
418,4,-77.0,401.0,344.0,217.0,1.0,3,0.497
419,3,-48.0,210.0,72.0,121.0,1.0,0,0.333
419,4,-80.0,401.0,344.0,217.0,1.0,3,0.492
420,3,-45.0,210.0,72.0,121.0,1.0,0,0.375
420,4,-83.0,402.0,344.0,217.0,1.0,3,0.483
421,3,-43.0,210.0,72.0,121.0,1.0,0,0.403
421,4,-85.0,402.0,344.0,217.0,1.0,3,0.479
422,3,-40.0,209.0,72.0,121.0,1.0,0,0.444
422,4,-88.0,402.0,344.0,217.0,1.0,3,0.473
423,3,-37.0,209.0,72.0,121.0,1.0,0,0.486
423,4,-91.0,402.0,344.0,217.0,1.0,3,0.468
424,3,-35.0,209.0,72.0,121.0,1.0,0,0.514
424,4,-93.0,402.0,344.0,217.0,1.0,3,0.464
425,3,-32.0,209.0,72.0,121.0,1.0,0,0.556
425,4,-96.0,403.0,346.0,218.0,1.0,3,0.454
426,1,-30.0,197.0,31.0,109.0,1.0,0,0.004
426,3,-29.0,209.0,72.0,121.0,1.0,0,0.597
426,4,-99.0,403.0,346.0,218.0,1.0,3,0.449
427,1,-27.0,196.0,31.0,109.0,1.0,0,0.015
427,3,-26.0,209.0,72.0,121.0,1.0,0,0.639
427,4,-102.0,403.0,346.0,218.0,1.0,3,0.443
428,1,-24.0,196.0,31.0,109.0,1.0,0,0.025
428,3,-24.0,208.0,72.0,121.0,1.0,0,0.667
428,4,-104.0,403.0,346.0,218.0,1.0,3,0.44
429,1,-21.0,196.0,31.0,109.0,1.0,0,0.036
429,3,-21.0,208.0,72.0,121.0,1.0,0,0.708
429,4,-107.0,403.0,346.0,218.0,1.0,3,0.434
430,1,-18.0,196.0,31.0,109.0,1.0,0,0.046
430,3,-18.0,208.0,72.0,121.0,1.0,0,0.75
430,4,-110.0,404.0,346.0,218.0,1.0,3,0.426
431,1,-15.0,195.0,31.0,109.0,1.0,0,0.062
431,3,-16.0,208.0,72.0,121.0,1.0,0,0.778
431,4,-112.0,404.0,346.0,218.0,1.0,3,0.422
432,1,-13.0,195.0,31.0,109.0,1.0,0,0.069
432,3,-13.0,208.0,72.0,121.0,1.0,0,0.819
432,4,-115.0,404.0,346.0,218.0,1.0,3,0.417
433,1,-10.0,195.0,31.0,109.0,1.0,0,0.075
433,3,-10.0,207.0,72.0,121.0,1.0,0,0.861
433,4,-118.0,404.0,346.0,218.0,1.0,3,0.411
434,1,-7.0,195.0,31.0,109.0,1.0,0,0.085
434,3,-8.0,207.0,72.0,121.0,1.0,0,0.889
434,4,-121.0,404.0,346.0,218.0,1.0,3,0.406
435,1,-4.0,195.0,31.0,109.0,1.0,0,0.096
435,3,-5.0,207.0,72.0,121.0,1.0,0,0.931
435,4,-123.0,405.0,346.0,218.0,1.0,3,0.399
436,1,-1.0,194.0,32.0,110.0,1.0,0,0.114
436,3,-2.0,207.0,72.0,121.0,1.0,0,0.972
436,4,-126.0,405.0,346.0,218.0,1.0,3,0.394
437,1,2.0,194.0,32.0,110.0,1.0,0,0.118
437,3,1.0,207.0,72.0,121.0,1.0,0,1.0
437,4,-129.0,405.0,348.0,219.0,1.0,3,0.388
438,1,5.0,194.0,32.0,110.0,1.0,0,0.118
438,3,3.0,207.0,72.0,121.0,1.0,0,1.0
438,4,-132.0,405.0,348.0,219.0,1.0,3,0.383
439,1,8.0,194.0,32.0,110.0,1.0,0,0.109
439,3,6.0,206.0,72.0,121.0,1.0,0,1.0
439,4,-134.0,405.0,348.0,219.0,1.0,3,0.379
440,1,11.0,193.0,32.0,110.0,1.0,0,0.118
440,3,9.0,206.0,72.0,121.0,1.0,0,1.0
440,4,-137.0,405.0,348.0,219.0,1.0,3,0.374
441,1,14.0,193.0,32.0,110.0,1.0,0,0.118
441,3,11.0,206.0,72.0,121.0,1.0,0,1.0
441,4,-140.0,406.0,348.0,219.0,1.0,3,0.366
442,1,17.0,193.0,32.0,110.0,1.0,0,0.118
442,3,14.0,206.0,72.0,121.0,1.0,0,1.0
442,4,-142.0,406.0,348.0,219.0,1.0,3,0.362
443,1,20.0,193.0,32.0,110.0,1.0,0,0.118
443,3,17.0,206.0,72.0,121.0,1.0,0,1.0
443,4,-145.0,406.0,348.0,219.0,1.0,3,0.357
444,1,23.0,193.0,32.0,110.0,1.0,0,0.118
444,3,19.0,206.0,72.0,121.0,1.0,0,1.0
444,4,-148.0,406.0,348.0,219.0,1.0,3,0.352
445,1,25.0,192.0,32.0,110.0,1.0,0,0.118
445,3,22.0,205.0,72.0,121.0,1.0,0,1.0
445,4,-151.0,406.0,348.0,219.0,1.0,3,0.346
446,1,28.0,192.0,32.0,110.0,1.0,0,0.118
446,3,25.0,205.0,72.0,121.0,1.0,0,1.0
446,4,-153.0,407.0,348.0,219.0,1.0,3,0.34
447,1,31.0,192.0,32.0,110.0,1.0,0,0.118
447,3,28.0,205.0,72.0,121.0,1.0,0,1.0
447,4,-156.0,407.0,348.0,219.0,1.0,3,0.335
448,1,34.0,192.0,32.0,110.0,1.0,0,0.118
448,3,30.0,205.0,72.0,121.0,1.0,0,1.0
448,4,-159.0,407.0,349.0,220.0,1.0,3,0.329
449,1,37.0,192.0,32.0,110.0,1.0,0,0.118
449,3,33.0,205.0,72.0,121.0,1.0,0,1.0
449,4,-162.0,407.0,349.0,220.0,1.0,3,0.324
450,1,40.0,191.0,32.0,110.0,1.0,0,0.127
450,3,36.0,205.0,72.0,121.0,1.0,0,1.0
450,4,-164.0,407.0,349.0,220.0,1.0,3,0.32
