1,2,958.0,375.0,200.0,126.0,1.0,3,0.01
2,1,-40.0,381.0,42.0,71.0,1.0,0,0.048
2,2,955.0,375.0,200.0,126.0,1.0,3,0.025
3,1,-37.0,381.0,42.0,71.0,1.0,0,0.119
3,2,951.0,375.0,200.0,126.0,1.0,3,0.045
4,1,-35.0,381.0,42.0,71.0,1.0,0,0.167
4,2,948.0,375.0,200.0,126.0,1.0,3,0.06
5,1,-33.0,381.0,42.0,71.0,1.0,0,0.214
5,2,945.0,375.0,200.0,126.0,1.0,3,0.075
5,4,957.0,336.0,276.0,174.0,1.0,3,0.003
6,1,-31.0,381.0,42.0,71.0,1.0,0,0.262
6,2,942.0,375.0,200.0,126.0,1.0,3,0.09
6,4,954.0,336.0,276.0,174.0,1.0,3,0.006
7,1,-29.0,380.0,42.0,71.0,1.0,0,0.31
7,2,939.0,375.0,202.0,127.0,1.0,3,0.104
7,4,951.0,335.0,276.0,174.0,1.0,3,0.009
8,1,-27.0,380.0,42.0,71.0,1.0,0,0.357
8,2,936.0,375.0,202.0,127.0,1.0,3,0.119
8,4,949.0,335.0,276.0,174.0,1.0,3,0.011
9,1,-24.0,380.0,42.0,71.0,1.0,0,0.429
9,2,932.0,375.0,202.0,127.0,1.0,3,0.139
9,4,946.0,335.0,276.0,174.0,1.0,3,0.014
10,1,-22.0,380.0,42.0,71.0,1.0,0,0.476
10,2,929.0,375.0,202.0,127.0,1.0,3,0.153
10,4,943.0,335.0,276.0,174.0,1.0,3,0.017
11,1,-20.0,380.0,43.0,72.0,1.0,0,0.535
11,2,926.0,375.0,202.0,127.0,1.0,3,0.168
11,4,940.0,335.0,276.0,174.0,1.0,3,0.02
12,1,-18.0,380.0,43.0,72.0,1.0,0,0.581
12,2,923.0,375.0,202.0,127.0,1.0,3,0.183
12,4,938.0,335.0,276.0,174.0,1.0,3,0.022
13,1,-16.0,380.0,43.0,72.0,1.0,0,0.628
13,2,920.0,375.0,202.0,127.0,1.0,3,0.198
13,4,935.0,335.0,276.0,174.0,1.0,3,0.024
14,1,-13.0,379.0,43.0,72.0,1.0,0,0.698
14,2,917.0,376.0,202.0,127.0,1.0,3,0.213
14,4,932.0,335.0,276.0,174.0,1.0,3,0.027
15,1,-11.0,379.0,43.0,72.0,1.0,0,0.744
15,2,913.0,376.0,202.0,127.0,1.0,3,0.233
15,4,929.0,335.0,276.0,174.0,1.0,3,0.03
16,1,-9.0,379.0,43.0,72.0,1.0,0,0.791
16,2,910.0,376.0,202.0,127.0,1.0,3,0.248
16,4,927.0,335.0,276.0,174.0,1.0,3,0.032
17,1,-7.0,379.0,43.0,72.0,1.0,0,0.837
17,2,907.0,376.0,203.0,128.0,1.0,3,0.261
17,4,924.0,335.0,276.0,174.0,1.0,3,0.034
18,1,-5.0,379.0,43.0,72.0,1.0,0,0.884
18,2,904.0,376.0,203.0,128.0,1.0,3,0.276
18,4,921.0,335.0,276.0,174.0,1.0,3,0.037
19,1,-2.0,379.0,43.0,72.0,1.0,0,0.953
19,2,901.0,376.0,203.0,128.0,1.0,3,0.291
19,4,919.0,335.0,276.0,174.0,1.0,3,0.039
20,1,0.0,379.0,43.0,72.0,1.0,0,1.0
20,2,898.0,376.0,203.0,128.0,1.0,3,0.305
20,4,916.0,335.0,276.0,174.0,1.0,3,0.042
21,1,2.0,378.0,43.0,72.0,1.0,0,1.0
21,2,894.0,376.0,203.0,128.0,1.0,3,0.325
21,4,913.0,334.0,276.0,174.0,1.0,3,0.045
22,1,4.0,378.0,43.0,72.0,1.0,0,1.0
22,2,891.0,376.0,203.0,128.0,1.0,3,0.34
22,3,-38.0,417.0,40.0,138.0,1.0,0,0.045
22,4,910.0,334.0,276.0,174.0,1.0,3,0.048
23,1,6.0,378.0,43.0,72.0,1.0,0,1.0
23,2,888.0,376.0,203.0,128.0,1.0,3,0.355
23,3,-35.0,417.0,40.0,138.0,1.0,0,0.111
23,4,908.0,334.0,276.0,174.0,1.0,3,0.05
24,1,8.0,378.0,43.0,72.0,1.0,0,1.0
24,2,885.0,376.0,203.0,128.0,1.0,3,0.369
24,3,-32.0,417.0,40.0,138.0,1.0,0,0.178
24,4,905.0,334.0,276.0,174.0,1.0,3,0.053
25,1,11.0,378.0,43.0,72.0,1.0,0,1.0
25,2,882.0,376.0,203.0,128.0,1.0,3,0.384
25,3,-29.0,417.0,40.0,138.0,1.0,0,0.245
25,4,902.0,334.0,276.0,174.0,1.0,3,0.056
26,1,13.0,378.0,44.0,73.0,1.0,0,0.989
26,2,879.0,376.0,203.0,128.0,1.0,3,0.399
26,3,-26.0,417.0,40.0,138.0,1.0,0,0.312
26,4,899.0,334.0,276.0,174.0,1.0,3,0.058
27,1,15.0,377.0,44.0,73.0,1.0,0,0.979
27,2,875.0,376.0,203.0,128.0,1.0,3,0.419
27,3,-23.0,417.0,40.0,138.0,1.0,0,0.379
27,4,897.0,334.0,276.0,174.0,1.0,3,0.06
28,1,17.0,377.0,44.0,73.0,1.0,0,0.969
28,2,872.0,376.0,205.0,129.0,1.0,3,0.429
28,3,-20.0,417.0,40.0,138.0,1.0,0,0.446
28,4,894.0,334.0,276.0,174.0,1.0,3,0.062
29,1,19.0,377.0,44.0,73.0,1.0,0,0.959
29,2,869.0,376.0,205.0,129.0,1.0,3,0.444
29,3,-17.0,417.0,40.0,138.0,1.0,0,0.512
29,4,891.0,334.0,276.0,174.0,1.0,3,0.065
30,1,22.0,377.0,44.0,73.0,1.0,0,0.96
30,2,866.0,376.0,205.0,129.0,1.0,3,0.459
30,3,-14.0,418.0,40.0,138.0,1.0,0,0.575
30,4,888.0,334.0,276.0,174.0,1.0,3,0.067
31,1,24.0,377.0,44.0,73.0,1.0,0,0.95
31,2,863.0,376.0,205.0,129.0,1.0,3,0.473
31,3,-11.0,418.0,40.0,138.0,1.0,0,0.641
31,4,886.0,334.0,276.0,174.0,1.0,3,0.069
32,1,26.0,377.0,44.0,73.0,1.0,0,0.94
32,2,860.0,377.0,205.0,129.0,1.0,3,0.488
32,3,-8.0,418.0,40.0,139.0,1.0,0,0.702
32,4,883.0,334.0,276.0,174.0,1.0,3,0.072
33,1,28.0,377.0,44.0,73.0,1.0,0,0.93
33,2,857.0,377.0,205.0,129.0,1.0,3,0.502
33,3,-5.0,418.0,40.0,139.0,1.0,0,0.768
33,4,880.0,334.0,276.0,174.0,1.0,3,0.075
34,1,30.0,376.0,44.0,73.0,1.0,0,0.932
34,2,853.0,377.0,205.0,129.0,1.0,3,0.522
34,3,-3.0,418.0,40.0,139.0,1.0,0,0.812
34,4,877.0,334.0,276.0,174.0,1.0,3,0.078
35,1,33.0,376.0,44.0,73.0,1.0,0,0.932
35,2,850.0,377.0,205.0,129.0,1.0,3,0.537
35,3,0.0,418.0,40.0,139.0,1.0,0,0.878
35,4,875.0,333.0,276.0,174.0,1.0,3,0.08
36,1,35.0,376.0,44.0,73.0,1.0,0,0.923
36,2,847.0,377.0,205.0,129.0,1.0,3,0.551
36,3,3.0,418.0,40.0,139.0,1.0,0,0.878
36,4,872.0,333.0,276.0,174.0,1.0,3,0.082
37,1,37.0,376.0,44.0,73.0,1.0,0,0.913
37,2,844.0,377.0,205.0,129.0,1.0,3,0.566
37,3,6.0,418.0,40.0,139.0,1.0,0,0.878
37,4,869.0,333.0,276.0,174.0,1.0,3,0.085
38,1,39.0,376.0,44.0,73.0,1.0,0,0.903
38,2,841.0,377.0,205.0,129.0,1.0,3,0.58
38,3,9.0,418.0,40.0,139.0,1.0,0,0.878
38,4,867.0,333.0,276.0,174.0,1.0,3,0.087
39,1,41.0,376.0,44.0,73.0,1.0,0,0.897
39,2,838.0,377.0,206.0,130.0,1.0,3,0.592
39,3,12.0,419.0,40.0,139.0,1.0,0,0.871
39,4,864.0,333.0,276.0,174.0,1.0,3,0.088
40,1,44.0,376.0,44.0,73.0,1.0,0,0.897
40,2,834.0,377.0,206.0,130.0,1.0,3,0.612
40,3,15.0,419.0,40.0,139.0,1.0,0,0.871
40,4,861.0,333.0,276.0,174.0,1.0,3,0.091
41,1,46.0,375.0,44.0,74.0,1.0,0,0.889
41,2,831.0,377.0,206.0,130.0,1.0,3,0.626
41,3,18.0,419.0,40.0,139.0,1.0,0,0.871
41,4,858.0,333.0,276.0,174.0,1.0,3,0.093
42,1,48.0,375.0,44.0,74.0,1.0,0,0.88
42,2,828.0,377.0,206.0,130.0,1.0,3,0.641
42,3,21.0,419.0,40.0,140.0,1.0,0,0.864
42,4,856.0,333.0,276.0,174.0,1.0,3,0.095
43,1,50.0,375.0,44.0,74.0,1.0,0,0.871
43,2,825.0,377.0,206.0,130.0,1.0,3,0.655
43,3,24.0,419.0,40.0,140.0,1.0,0,0.864
43,4,853.0,333.0,276.0,174.0,1.0,3,0.098
44,1,52.0,375.0,44.0,74.0,1.0,0,0.862
44,2,822.0,377.0,206.0,130.0,1.0,3,0.67
44,3,27.0,419.0,40.0,140.0,1.0,0,0.864
44,4,850.0,333.0,276.0,174.0,1.0,3,0.101
45,1,54.0,375.0,44.0,74.0,1.0,0,0.853
45,2,819.0,377.0,206.0,130.0,1.0,3,0.684
45,3,30.0,419.0,40.0,140.0,1.0,0,0.864
45,4,847.0,333.0,276.0,174.0,1.0,3,0.104
46,1,57.0,375.0,44.0,74.0,1.0,0,0.853
46,2,815.0,377.0,206.0,130.0,1.0,3,0.704
46,3,33.0,419.0,40.0,140.0,1.0,0,0.864
46,4,845.0,333.0,276.0,174.0,1.0,3,0.105
47,1,59.0,375.0,44.0,74.0,1.0,0,0.843
47,2,812.0,377.0,206.0,130.0,1.0,3,0.718
47,3,36.0,419.0,40.0,140.0,1.0,0,0.864
47,4,842.0,333.0,276.0,174.0,1.0,3,0.108
48,1,61.0,374.0,44.0,74.0,1.0,0,0.845
48,2,809.0,377.0,206.0,130.0,1.0,3,0.733
48,3,39.0,420.0,40.0,140.0,1.0,0,0.857
48,4,839.0,333.0,276.0,174.0,1.0,3,0.111
49,1,63.0,374.0,44.0,74.0,1.0,0,0.837
49,2,806.0,377.0,208.0,131.0,1.0,3,0.74
49,3,42.0,420.0,40.0,140.0,1.0,0,0.857
49,4,836.0,332.0,276.0,174.0,1.0,3,0.116
50,1,65.0,374.0,44.0,74.0,1.0,0,0.837
50,2,803.0,377.0,208.0,131.0,1.0,3,0.755
50,3,44.0,420.0,40.0,140.0,1.0,0,0.857
50,4,834.0,332.0,276.0,174.0,1.0,3,0.118
51,1,68.0,374.0,44.0,74.0,1.0,0,0.837
51,2,800.0,378.0,208.0,131.0,1.0,3,0.769
51,3,47.0,420.0,40.0,140.0,1.0,0,0.857
51,4,831.0,332.0,276.0,174.0,1.0,3,0.124
52,1,70.0,374.0,44.0,74.0,1.0,0,0.828
52,2,796.0,378.0,208.0,131.0,1.0,3,0.788
52,3,50.0,420.0,40.0,140.0,1.0,0,0.857
52,4,828.0,332.0,276.0,174.0,1.0,3,0.126
53,1,72.0,374.0,44.0,74.0,1.0,0,0.819
53,2,793.0,378.0,208.0,131.0,1.0,3,0.803
53,3,53.0,420.0,40.0,141.0,1.0,0,0.851
53,4,825.0,332.0,276.0,174.0,1.0,3,0.129
54,1,74.0,373.0,44.0,74.0,1.0,0,0.818
54,2,790.0,378.0,208.0,131.0,1.0,3,0.817
54,3,56.0,420.0,40.0,141.0,1.0,0,0.851
54,4,823.0,332.0,276.0,174.0,1.0,3,0.131
55,1,76.0,373.0,44.0,74.0,1.0,0,0.809
55,2,787.0,378.0,208.0,131.0,1.0,3,0.832
55,3,59.0,420.0,40.0,141.0,1.0,0,0.851
55,4,820.0,332.0,276.0,174.0,1.0,3,0.134
56,1,79.0,373.0,45.0,75.0,1.0,0,0.809
56,2,784.0,378.0,208.0,131.0,1.0,3,0.846
56,3,62.0,420.0,40.0,141.0,1.0,0,0.851
56,4,817.0,332.0,276.0,174.0,1.0,3,0.137
57,1,81.0,373.0,45.0,75.0,1.0,0,0.808
57,2,781.0,378.0,208.0,131.0,1.0,3,0.861
57,3,65.0,421.0,40.0,141.0,1.0,0,0.844
57,4,815.0,332.0,276.0,174.0,1.0,3,0.139
58,1,83.0,373.0,45.0,75.0,1.0,0,0.8
58,2,777.0,378.0,208.0,131.0,1.0,3,0.88
58,3,68.0,421.0,40.0,141.0,1.0,0,0.844
58,4,812.0,332.0,276.0,174.0,1.0,3,0.142
59,1,85.0,373.0,45.0,75.0,1.0,0,0.792
59,2,774.0,378.0,208.0,131.0,1.0,3,0.894
59,3,71.0,421.0,40.0,141.0,1.0,0,0.844
59,4,809.0,332.0,276.0,174.0,1.0,3,0.145
60,1,87.0,373.0,45.0,75.0,1.0,0,0.784
60,2,771.0,378.0,210.0,132.0,1.0,3,0.9
60,3,74.0,421.0,40.0,141.0,1.0,0,0.844
60,4,806.0,332.0,276.0,174.0,1.0,3,0.148
61,1,89.0,372.0,45.0,75.0,1.0,0,0.784
61,2,768.0,378.0,210.0,132.0,1.0,3,0.914
61,3,77.0,421.0,40.0,141.0,1.0,0,0.844
61,4,804.0,332.0,276.0,174.0,1.0,3,0.149
62,1,92.0,372.0,45.0,75.0,1.0,0,0.784
62,2,765.0,378.0,210.0,132.0,1.0,3,0.929
62,3,80.0,421.0,40.0,141.0,1.0,0,0.844
62,4,801.0,332.0,276.0,174.0,1.0,3,0.152
63,1,94.0,372.0,45.0,75.0,1.0,0,0.769
63,2,762.0,378.0,210.0,132.0,1.0,3,0.943
63,3,83.0,421.0,41.0,142.0,1.0,0,0.838
63,4,798.0,331.0,276.0,174.0,1.0,3,0.159
64,1,96.0,372.0,45.0,75.0,1.0,0,0.761
64,2,758.0,378.0,210.0,132.0,1.0,3,0.962
64,3,86.0,421.0,41.0,142.0,1.0,0,0.838
64,4,795.0,331.0,276.0,174.0,1.0,3,0.161
65,1,98.0,372.0,45.0,75.0,1.0,0,0.753
65,2,755.0,378.0,210.0,132.0,1.0,3,0.976
65,3,89.0,421.0,41.0,142.0,1.0,0,0.838
65,4,793.0,331.0,276.0,174.0,1.0,3,0.163
66,1,100.0,372.0,45.0,75.0,1.0,0,0.756
66,2,752.0,378.0,210.0,132.0,1.0,3,0.99
66,3,92.0,422.0,41.0,142.0,1.0,0,0.831
66,4,790.0,331.0,276.0,174.0,1.0,3,0.166
67,1,103.0,372.0,45.0,75.0,1.0,0,0.763
67,2,749.0,378.0,210.0,132.0,1.0,3,1.0
67,3,94.0,422.0,41.0,142.0,1.0,0,0.831
67,4,787.0,331.0,276.0,174.0,1.0,3,0.172
68,1,105.0,371.0,45.0,75.0,1.0,0,0.765
68,2,746.0,378.0,210.0,132.0,1.0,3,1.0
68,3,97.0,422.0,41.0,142.0,1.0,0,0.831
68,4,784.0,331.0,276.0,174.0,1.0,3,0.183
69,1,107.0,371.0,45.0,75.0,1.0,0,0.758
69,2,743.0,378.0,210.0,132.0,1.0,3,1.0
69,3,100.0,422.0,41.0,142.0,1.0,0,0.831
69,4,782.0,331.0,276.0,174.0,1.0,3,0.193
70,1,109.0,371.0,45.0,76.0,1.0,0,0.744
70,2,740.0,379.0,210.0,132.0,1.0,3,1.0
70,3,103.0,422.0,41.0,142.0,1.0,0,0.831
70,4,779.0,331.0,276.0,174.0,1.0,3,0.207
71,1,111.0,371.0,45.0,76.0,1.0,0,0.737
71,2,736.0,379.0,211.0,133.0,1.0,3,1.0
71,3,106.0,422.0,41.0,142.0,1.0,0,0.831
71,4,776.0,331.0,276.0,174.0,1.0,3,0.218
72,1,114.0,371.0,45.0,76.0,1.0,0,0.737
72,2,733.0,379.0,211.0,133.0,1.0,3,1.0
72,3,109.0,422.0,41.0,142.0,1.0,0,0.831
72,4,773.0,331.0,276.0,174.0,1.0,3,0.229
73,1,116.0,371.0,45.0,76.0,1.0,0,0.73
73,2,730.0,379.0,211.0,133.0,1.0,3,1.0
73,3,112.0,422.0,41.0,143.0,1.0,0,0.825
73,4,771.0,331.0,276.0,174.0,1.0,3,0.239
74,1,118.0,370.0,45.0,76.0,1.0,0,0.733
74,2,727.0,379.0,211.0,133.0,1.0,3,1.0
74,3,115.0,422.0,41.0,143.0,1.0,0,0.825
74,4,768.0,331.0,276.0,174.0,1.0,3,0.25
75,1,120.0,370.0,45.0,76.0,1.0,0,0.738
75,2,724.0,379.0,211.0,133.0,1.0,3,1.0
75,3,118.0,423.0,41.0,143.0,1.0,0,0.818
75,4,765.0,331.0,276.0,174.0,1.0,3,0.26
76,1,122.0,370.0,45.0,76.0,1.0,0,0.731
76,2,721.0,379.0,211.0,133.0,1.0,3,1.0
76,3,121.0,423.0,41.0,143.0,1.0,0,0.818
76,4,762.0,331.0,276.0,174.0,1.0,3,0.271
77,1,124.0,370.0,45.0,76.0,1.0,0,0.724
77,2,717.0,379.0,211.0,133.0,1.0,3,1.0
77,3,124.0,423.0,41.0,143.0,1.0,0,0.818
77,4,760.0,331.0,276.0,174.0,1.0,3,0.284
78,1,127.0,370.0,45.0,76.0,1.0,0,0.724
78,2,714.0,379.0,211.0,133.0,1.0,3,1.0
78,3,127.0,423.0,41.0,143.0,1.0,0,0.818
78,4,757.0,330.0,276.0,174.0,1.0,3,0.298
79,1,129.0,370.0,45.0,76.0,1.0,0,0.724
79,2,711.0,379.0,211.0,133.0,1.0,3,1.0
79,3,130.0,423.0,41.0,143.0,1.0,0,0.818
79,4,754.0,330.0,276.0,174.0,1.0,3,0.309
80,1,131.0,370.0,45.0,76.0,1.0,0,0.724
80,2,708.0,379.0,211.0,133.0,1.0,3,1.0
80,3,133.0,423.0,41.0,143.0,1.0,0,0.818
80,4,752.0,330.0,276.0,174.0,1.0,3,0.319
81,1,133.0,369.0,45.0,76.0,1.0,0,0.736
81,2,705.0,379.0,211.0,133.0,1.0,3,1.0
81,3,136.0,423.0,41.0,143.0,1.0,0,0.818
81,4,749.0,330.0,276.0,174.0,1.0,3,0.33
82,1,135.0,369.0,45.0,76.0,1.0,0,0.736
82,2,702.0,379.0,213.0,134.0,1.0,3,1.0
82,3,139.0,423.0,41.0,143.0,1.0,0,0.818
82,4,746.0,330.0,276.0,174.0,1.0,3,0.335
83,1,138.0,369.0,45.0,76.0,1.0,0,0.736
83,2,698.0,379.0,213.0,134.0,1.0,3,1.0
83,3,141.0,423.0,41.0,144.0,1.0,0,0.812
83,4,743.0,330.0,276.0,174.0,1.0,3,0.349
84,1,140.0,369.0,45.0,76.0,1.0,0,0.748
84,2,695.0,379.0,213.0,134.0,1.0,3,1.0
84,3,144.0,424.0,41.0,144.0,1.0,0,0.806
84,4,741.0,330.0,276.0,174.0,1.0,3,0.359
85,1,142.0,369.0,46.0,77.0,1.0,0,0.745
85,2,692.0,379.0,213.0,134.0,1.0,3,1.0
85,3,147.0,424.0,41.0,144.0,1.0,0,0.806
85,4,738.0,330.0,276.0,174.0,1.0,3,0.37
86,1,144.0,369.0,46.0,77.0,1.0,0,0.752
86,2,689.0,379.0,213.0,134.0,1.0,3,1.0
86,3,150.0,424.0,41.0,144.0,1.0,0,0.806
86,4,735.0,330.0,276.0,174.0,1.0,3,0.381
87,1,146.0,369.0,46.0,77.0,1.0,0,0.758
87,2,686.0,379.0,213.0,134.0,1.0,3,1.0
87,3,153.0,424.0,41.0,144.0,1.0,0,0.806
87,4,732.0,330.0,276.0,174.0,1.0,3,0.391
88,1,149.0,368.0,46.0,77.0,1.0,0,0.769
88,2,683.0,379.0,213.0,134.0,1.0,3,1.0
88,3,156.0,424.0,41.0,144.0,1.0,0,0.806
88,4,730.0,330.0,276.0,174.0,1.0,3,0.401
89,1,151.0,368.0,46.0,77.0,1.0,0,0.775
89,2,679.0,380.0,213.0,134.0,1.0,3,1.0
89,3,159.0,424.0,41.0,144.0,1.0,0,0.806
89,4,727.0,330.0,276.0,174.0,1.0,3,0.418
90,1,153.0,368.0,46.0,77.0,1.0,0,0.781
90,2,676.0,380.0,213.0,134.0,1.0,3,1.0
90,3,162.0,424.0,41.0,144.0,1.0,0,0.806
90,4,724.0,330.0,276.0,174.0,1.0,3,0.429
91,1,155.0,368.0,46.0,77.0,1.0,0,0.787
91,2,673.0,380.0,213.0,134.0,1.0,3,1.0
91,3,165.0,424.0,41.0,144.0,1.0,0,0.806
91,4,721.0,330.0,276.0,174.0,1.0,3,0.44
92,1,157.0,368.0,46.0,77.0,1.0,0,0.792
92,2,670.0,380.0,214.0,135.0,1.0,3,1.0
92,3,168.0,424.0,41.0,144.0,1.0,0,0.806
92,4,719.0,329.0,276.0,174.0,1.0,3,0.451
93,1,159.0,368.0,46.0,77.0,1.0,0,0.808
93,2,667.0,380.0,214.0,135.0,1.0,3,1.0
93,3,171.0,425.0,41.0,144.0,1.0,0,0.799
93,4,716.0,329.0,276.0,174.0,1.0,3,0.461
94,1,162.0,367.0,46.0,77.0,1.0,0,0.818
94,2,664.0,380.0,214.0,135.0,1.0,3,1.0
94,3,174.0,425.0,42.0,145.0,1.0,0,0.793
94,4,713.0,329.0,276.0,174.0,1.0,3,0.472
95,1,164.0,367.0,46.0,77.0,1.0,0,0.823
95,2,660.0,380.0,214.0,135.0,1.0,3,1.0
95,3,177.0,425.0,42.0,145.0,1.0,0,0.793
95,4,710.0,329.0,276.0,174.0,1.0,3,0.486
96,1,166.0,367.0,46.0,77.0,1.0,0,0.828
96,2,657.0,380.0,214.0,135.0,1.0,3,1.0
96,3,180.0,425.0,42.0,145.0,1.0,0,0.793
96,4,708.0,329.0,276.0,174.0,1.0,3,0.496
97,1,168.0,367.0,46.0,77.0,1.0,0,0.834
97,2,654.0,380.0,214.0,135.0,1.0,3,1.0
97,3,183.0,425.0,42.0,145.0,1.0,0,0.793
97,4,705.0,329.0,276.0,174.0,1.0,3,0.506
98,1,170.0,367.0,46.0,77.0,1.0,0,0.839
98,2,651.0,380.0,214.0,135.0,1.0,3,1.0
98,3,186.0,425.0,42.0,145.0,1.0,0,0.793
98,4,702.0,329.0,276.0,174.0,1.0,3,0.517
99,1,173.0,367.0,46.0,77.0,1.0,0,0.839
99,2,648.0,380.0,214.0,135.0,1.0,3,1.0
99,3,189.0,425.0,42.0,145.0,1.0,0,0.793
99,4,700.0,329.0,276.0,174.0,1.0,3,0.527
100,1,175.0,367.0,47.0,78.0,1.0,0,0.831
100,2,645.0,380.0,214.0,135.0,1.0,3,1.0
100,3,191.0,425.0,42.0,145.0,1.0,0,0.793
100,4,697.0,329.0,276.0,174.0,1.0,3,0.538
101,1,177.0,366.0,47.0,78.0,1.0,0,0.845
101,2,641.0,380.0,214.0,135.0,1.0,3,1.0
101,3,194.0,425.0,42.0,145.0,1.0,0,0.793
101,4,694.0,329.0,276.0,174.0,1.0,3,0.551
102,1,179.0,366.0,47.0,78.0,1.0,0,0.858
102,2,638.0,380.0,214.0,135.0,1.0,3,1.0
102,3,197.0,426.0,42.0,145.0,1.0,0,0.786
102,4,691.0,329.0,276.0,174.0,1.0,3,0.562
103,1,181.0,366.0,47.0,78.0,1.0,0,0.863
103,2,635.0,380.0,216.0,136.0,1.0,3,1.0
103,3,200.0,426.0,42.0,145.0,1.0,0,0.786
103,4,689.0,329.0,276.0,174.0,1.0,3,0.567
104,1,184.0,366.0,47.0,78.0,1.0,0,0.863
104,2,632.0,380.0,216.0,136.0,1.0,3,1.0
104,3,203.0,426.0,42.0,146.0,1.0,0,0.781
104,4,686.0,329.0,276.0,174.0,1.0,3,0.578
105,1,186.0,366.0,47.0,78.0,1.0,0,0.867
105,2,629.0,380.0,216.0,136.0,1.0,3,1.0
105,3,206.0,426.0,42.0,146.0,1.0,0,0.781
105,4,683.0,329.0,276.0,174.0,1.0,3,0.585
106,1,188.0,366.0,47.0,78.0,1.0,0,0.872
106,2,626.0,380.0,216.0,136.0,1.0,3,1.0
106,3,209.0,426.0,42.0,146.0,1.0,0,0.781
106,4,680.0,328.0,276.0,174.0,1.0,3,0.588
107,1,190.0,366.0,47.0,78.0,1.0,0,0.877
107,2,623.0,380.0,216.0,136.0,1.0,3,1.0
107,3,212.0,426.0,42.0,146.0,1.0,0,0.781
107,4,678.0,328.0,276.0,174.0,1.0,3,0.591
108,1,192.0,365.0,47.0,78.0,1.0,0,0.889
108,2,619.0,381.0,216.0,136.0,1.0,3,1.0
108,3,215.0,426.0,42.0,146.0,1.0,0,0.781
108,4,675.0,328.0,276.0,174.0,1.0,3,0.597
109,1,195.0,365.0,47.0,78.0,1.0,0,0.889
109,2,616.0,381.0,216.0,136.0,1.0,3,1.0
109,3,218.0,426.0,42.0,146.0,1.0,0,0.781
109,4,672.0,328.0,276.0,174.0,1.0,3,0.597
110,1,197.0,365.0,47.0,78.0,1.0,0,0.893
110,2,613.0,381.0,216.0,136.0,1.0,3,1.0
110,3,221.0,426.0,42.0,146.0,1.0,0,0.781
110,4,669.0,328.0,276.0,174.0,1.0,3,0.597
111,1,199.0,365.0,47.0,78.0,1.0,0,0.898
111,2,610.0,381.0,216.0,136.0,1.0,3,1.0
111,3,224.0,426.0,42.0,146.0,1.0,0,0.781
111,4,667.0,328.0,276.0,174.0,1.0,3,0.599
112,1,201.0,365.0,47.0,78.0,1.0,0,0.908
112,2,607.0,381.0,216.0,136.0,1.0,3,1.0
112,3,227.0,427.0,42.0,146.0,1.0,0,0.774
112,4,664.0,328.0,276.0,174.0,1.0,3,0.599
113,1,203.0,365.0,47.0,78.0,1.0,0,0.913
113,2,604.0,381.0,216.0,136.0,1.0,3,1.0
113,3,230.0,427.0,42.0,146.0,1.0,0,0.774
113,4,661.0,328.0,276.0,174.0,1.0,3,0.599
114,1,205.0,364.0,47.0,78.0,1.0,0,0.922
114,2,600.0,381.0,217.0,137.0,1.0,3,1.0
114,3,233.0,427.0,42.0,147.0,1.0,0,0.769
114,4,658.0,328.0,276.0,174.0,1.0,3,0.599
115,1,208.0,364.0,47.0,79.0,1.0,0,0.918
115,2,597.0,381.0,217.0,137.0,1.0,3,1.0
115,3,236.0,427.0,42.0,147.0,1.0,0,0.769
115,4,656.0,328.0,276.0,174.0,1.0,3,0.602
116,1,210.0,364.0,47.0,79.0,1.0,0,0.918
116,2,594.0,381.0,217.0,137.0,1.0,3,1.0
116,3,238.0,427.0,42.0,147.0,1.0,0,0.769
116,4,653.0,328.0,276.0,174.0,1.0,3,0.602
117,1,212.0,364.0,47.0,79.0,1.0,0,0.922
117,2,591.0,381.0,217.0,137.0,1.0,3,1.0
117,3,241.0,427.0,42.0,147.0,1.0,0,0.769
117,4,650.0,328.0,276.0,174.0,1.0,3,0.602
118,1,214.0,364.0,47.0,79.0,1.0,0,0.927
118,2,588.0,381.0,217.0,137.0,1.0,3,1.0
118,3,244.0,427.0,42.0,147.0,1.0,0,0.769
118,4,648.0,328.0,276.0,174.0,1.0,3,0.604
119,1,216.0,364.0,47.0,79.0,1.0,0,0.931
119,2,585.0,381.0,217.0,137.0,1.0,3,1.0
119,3,247.0,427.0,42.0,147.0,1.0,0,0.769
119,4,645.0,328.0,276.0,174.0,1.0,3,0.604
120,1,219.0,364.0,47.0,79.0,1.0,0,0.931
120,2,581.0,381.0,217.0,137.0,1.0,3,1.0
120,3,250.0,427.0,42.0,147.0,1.0,0,0.769
120,4,642.0,327.0,276.0,174.0,1.0,3,0.61
121,1,221.0,363.0,47.0,79.0,1.0,0,0.943
121,2,578.0,381.0,217.0,137.0,1.0,3,1.0
121,3,253.0,428.0,42.0,147.0,1.0,0,0.762
121,4,639.0,327.0,276.0,174.0,1.0,3,0.61
122,1,223.0,363.0,47.0,79.0,1.0,0,0.947
122,2,575.0,381.0,217.0,137.0,1.0,3,1.0
122,3,256.0,428.0,42.0,147.0,1.0,0,0.762
122,4,637.0,327.0,276.0,174.0,1.0,3,0.613
123,1,225.0,363.0,47.0,79.0,1.0,0,0.951
123,2,572.0,381.0,217.0,137.0,1.0,3,1.0
123,3,259.0,428.0,42.0,147.0,1.0,0,0.762
123,4,634.0,327.0,276.0,174.0,1.0,3,0.613
124,1,227.0,363.0,47.0,79.0,1.0,0,0.955
124,2,569.0,381.0,217.0,137.0,1.0,3,1.0
124,3,262.0,428.0,43.0,148.0,1.0,0,0.757
124,4,631.0,327.0,276.0,174.0,1.0,3,0.613
125,1,230.0,363.0,47.0,79.0,1.0,0,0.955
125,2,566.0,381.0,219.0,138.0,1.0,3,1.0
125,3,265.0,428.0,43.0,148.0,1.0,0,0.757
125,4,628.0,327.0,276.0,174.0,1.0,3,0.608
126,1,232.0,363.0,47.0,79.0,1.0,0,0.959
126,2,562.0,381.0,219.0,138.0,1.0,3,1.0
126,3,268.0,428.0,43.0,148.0,1.0,0,0.757
126,4,626.0,327.0,276.0,174.0,1.0,3,0.613
127,1,234.0,363.0,47.0,79.0,1.0,0,0.962
127,2,559.0,382.0,219.0,138.0,1.0,3,1.0
127,3,271.0,428.0,43.0,148.0,1.0,0,0.757
127,4,623.0,327.0,276.0,174.0,1.0,3,0.616
128,1,236.0,362.0,47.0,79.0,1.0,0,0.968
128,2,556.0,382.0,219.0,138.0,1.0,3,1.0
128,3,274.0,428.0,43.0,148.0,1.0,0,0.757
128,4,620.0,327.0,276.0,174.0,1.0,3,0.616
129,1,238.0,362.0,48.0,80.0,1.0,0,0.967
129,2,553.0,382.0,219.0,138.0,1.0,3,1.0
129,3,277.0,428.0,43.0,148.0,1.0,0,0.757
129,4,617.0,327.0,276.0,174.0,1.0,3,0.616
130,1,240.0,362.0,48.0,80.0,1.0,0,0.973
130,2,550.0,382.0,219.0,138.0,1.0,3,1.0
130,3,280.0,429.0,43.0,148.0,1.0,0,0.75
130,4,615.0,327.0,276.0,174.0,1.0,3,0.618
131,1,243.0,362.0,48.0,80.0,1.0,0,0.973
131,2,547.0,382.0,219.0,138.0,1.0,3,1.0
131,3,283.0,429.0,43.0,148.0,1.0,0,0.75
131,4,612.0,327.0,276.0,174.0,1.0,3,0.618
132,1,245.0,362.0,48.0,80.0,1.0,0,0.976
132,2,543.0,382.0,219.0,138.0,1.0,3,1.0
132,3,286.0,429.0,43.0,148.0,1.0,0,0.75
132,4,609.0,327.0,276.0,174.0,1.0,3,0.621
133,1,247.0,362.0,48.0,80.0,1.0,0,0.976
133,2,540.0,382.0,219.0,138.0,1.0,3,1.0
133,3,288.0,429.0,43.0,148.0,1.0,0,0.75
133,4,606.0,327.0,276.0,174.0,1.0,3,0.621
134,1,249.0,362.0,48.0,80.0,1.0,0,0.98
134,2,537.0,382.0,219.0,138.0,1.0,3,1.0
134,3,291.0,429.0,43.0,148.0,1.0,0,0.75
134,4,604.0,326.0,276.0,174.0,1.0,3,0.627
135,1,251.0,361.0,48.0,80.0,1.0,0,0.984
135,2,534.0,382.0,221.0,139.0,1.0,3,1.0
135,3,294.0,429.0,43.0,149.0,1.0,0,0.745
135,4,601.0,326.0,276.0,174.0,1.0,3,0.622
136,1,254.0,361.0,48.0,80.0,1.0,0,0.984
136,2,531.0,382.0,221.0,139.0,1.0,3,1.0
136,3,297.0,429.0,43.0,149.0,1.0,0,0.745
136,4,598.0,326.0,276.0,174.0,1.0,3,0.622
137,1,256.0,361.0,48.0,80.0,1.0,0,0.988
137,2,528.0,382.0,221.0,139.0,1.0,3,1.0
137,3,300.0,429.0,43.0,149.0,1.0,0,0.745
137,4,596.0,326.0,276.0,174.0,1.0,3,0.624
138,1,258.0,361.0,48.0,80.0,1.0,0,0.991
138,2,524.0,382.0,221.0,139.0,1.0,3,1.0
138,3,303.0,429.0,43.0,149.0,1.0,0,0.745
138,4,593.0,326.0,276.0,174.0,1.0,3,0.627
139,1,260.0,361.0,48.0,80.0,1.0,0,0.994
139,2,521.0,382.0,221.0,139.0,1.0,3,1.0
139,3,306.0,430.0,43.0,149.0,1.0,0,0.738
139,4,590.0,326.0,276.0,174.0,1.0,3,0.627
140,1,262.0,361.0,48.0,80.0,1.0,0,0.997
140,2,518.0,382.0,221.0,139.0,1.0,3,1.0
140,3,309.0,430.0,43.0,149.0,1.0,0,0.738
140,4,587.0,326.0,276.0,174.0,1.0,3,0.627
141,1,265.0,360.0,48.0,80.0,1.0,0,0.997
141,2,515.0,382.0,221.0,139.0,1.0,3,1.0
141,3,312.0,430.0,43.0,149.0,1.0,0,0.738
141,4,585.0,326.0,276.0,174.0,1.0,3,0.629
142,1,267.0,360.0,48.0,80.0,1.0,0,1.0
142,2,512.0,382.0,221.0,139.0,1.0,3,1.0
142,3,315.0,430.0,43.0,149.0,1.0,0,0.738
142,4,582.0,326.0,276.0,174.0,1.0,3,0.629
143,1,269.0,360.0,48.0,80.0,1.0,0,1.0
143,2,509.0,382.0,221.0,139.0,1.0,3,1.0
143,3,318.0,430.0,43.0,149.0,1.0,0,0.738
143,4,579.0,326.0,276.0,174.0,1.0,3,0.629
144,1,271.0,360.0,48.0,81.0,1.0,0,1.0
144,2,506.0,382.0,221.0,139.0,1.0,3,1.0
144,3,321.0,430.0,43.0,149.0,1.0,0,0.738
144,4,576.0,326.0,276.0,174.0,1.0,3,0.629
145,1,273.0,360.0,48.0,81.0,1.0,0,1.0
145,2,502.0,382.0,221.0,139.0,1.0,3,1.0
145,3,324.0,430.0,43.0,150.0,1.0,0,0.733
145,4,574.0,326.0,276.0,174.0,1.0,3,0.634
146,1,275.0,360.0,48.0,81.0,1.0,0,1.0
146,2,499.0,383.0,222.0,140.0,1.0,3,1.0
146,3,327.0,430.0,43.0,150.0,1.0,0,0.733
146,4,571.0,326.0,276.0,174.0,1.0,3,0.635
147,1,278.0,360.0,48.0,81.0,1.0,0,1.0
147,2,496.0,383.0,222.0,140.0,1.0,3,1.0
147,3,330.0,430.0,43.0,150.0,1.0,0,0.733
147,4,568.0,326.0,276.0,174.0,1.0,3,0.635
148,1,280.0,359.0,48.0,81.0,1.0,0,1.0
148,2,493.0,383.0,222.0,140.0,1.0,3,1.0
148,3,333.0,431.0,43.0,150.0,1.0,0,0.727
148,4,565.0,325.0,276.0,174.0,1.0,3,0.638
149,1,282.0,359.0,48.0,81.0,1.0,0,1.0
149,2,490.0,383.0,222.0,140.0,1.0,3,1.0
149,3,335.0,431.0,43.0,150.0,1.0,0,0.727
149,4,563.0,325.0,276.0,174.0,1.0,3,0.64
150,1,284.0,359.0,48.0,81.0,1.0,0,1.0
150,2,487.0,383.0,222.0,140.0,1.0,3,1.0
150,3,338.0,431.0,43.0,150.0,1.0,0,0.727
150,4,560.0,325.0,276.0,174.0,1.0,3,0.64
151,1,286.0,359.0,48.0,81.0,1.0,0,1.0
151,2,483.0,383.0,222.0,140.0,1.0,3,1.0
151,3,341.0,431.0,43.0,150.0,1.0,0,0.727
151,4,557.0,325.0,276.0,174.0,1.0,3,0.643
152,1,289.0,359.0,48.0,81.0,1.0,0,1.0
152,2,480.0,383.0,222.0,140.0,1.0,3,1.0
152,3,344.0,431.0,43.0,150.0,1.0,0,0.727
152,4,554.0,325.0,276.0,174.0,1.0,3,0.643
153,1,291.0,359.0,48.0,81.0,1.0,0,1.0
153,2,477.0,383.0,222.0,140.0,1.0,3,1.0
153,3,347.0,431.0,43.0,150.0,1.0,0,0.727
153,4,552.0,325.0,276.0,174.0,1.0,3,0.645
154,1,293.0,359.0,48.0,81.0,1.0,0,1.0
154,2,474.0,383.0,222.0,140.0,1.0,3,1.0
154,3,350.0,431.0,43.0,150.0,1.0,0,0.727
154,4,549.0,325.0,276.0,174.0,1.0,3,0.645
155,1,295.0,358.0,48.0,81.0,1.0,0,1.0
155,2,471.0,383.0,222.0,140.0,1.0,3,1.0
155,3,353.0,431.0,43.0,151.0,1.0,0,0.722
155,4,546.0,325.0,276.0,174.0,1.0,3,0.645
156,1,297.0,358.0,48.0,81.0,1.0,0,1.0
156,2,468.0,383.0,222.0,140.0,1.0,3,1.0
156,3,356.0,431.0,43.0,151.0,1.0,0,0.722
156,4,544.0,325.0,276.0,174.0,1.0,3,0.647
157,1,300.0,358.0,48.0,81.0,1.0,0,1.0
157,2,464.0,383.0,224.0,141.0,1.0,3,1.0
157,3,359.0,432.0,43.0,151.0,1.0,0,0.715
157,4,541.0,325.0,276.0,174.0,1.0,3,0.645
158,1,302.0,358.0,48.0,81.0,1.0,0,1.0
158,2,461.0,383.0,224.0,141.0,1.0,3,1.0
158,3,362.0,432.0,43.0,151.0,1.0,0,0.715
158,4,538.0,325.0,276.0,174.0,1.0,3,0.645
159,1,304.0,358.0,49.0,82.0,1.0,0,1.0
159,2,458.0,383.0,224.0,141.0,1.0,3,1.0
159,3,365.0,432.0,43.0,151.0,1.0,0,0.715
159,4,535.0,325.0,276.0,174.0,1.0,3,0.645
160,1,306.0,358.0,49.0,82.0,1.0,0,1.0
160,2,455.0,383.0,224.0,141.0,1.0,3,1.0
160,3,368.0,432.0,43.0,151.0,1.0,0,0.715
160,4,533.0,325.0,276.0,174.0,1.0,3,0.647
161,1,308.0,357.0,49.0,82.0,1.0,0,1.0
161,2,452.0,383.0,224.0,141.0,1.0,3,1.0
161,3,371.0,432.0,43.0,151.0,1.0,0,0.715
161,4,530.0,325.0,276.0,174.0,1.0,3,0.647
162,1,311.0,357.0,49.0,82.0,1.0,0,1.0
162,2,449.0,383.0,224.0,141.0,1.0,3,1.0
162,3,374.0,432.0,43.0,151.0,1.0,0,0.715
162,4,527.0,324.0,276.0,174.0,1.0,3,0.65
163,1,313.0,357.0,49.0,82.0,1.0,0,1.0
163,2,445.0,383.0,224.0,141.0,1.0,3,1.0
163,3,377.0,432.0,43.0,151.0,1.0,0,0.715
163,4,524.0,324.0,276.0,174.0,1.0,3,0.653
164,1,315.0,357.0,49.0,82.0,1.0,0,1.0
164,2,442.0,383.0,224.0,141.0,1.0,3,1.0
164,3,380.0,432.0,43.0,151.0,1.0,0,0.715
164,4,522.0,324.0,276.0,174.0,1.0,3,0.655
165,1,317.0,357.0,49.0,82.0,1.0,0,1.0
165,2,439.0,384.0,224.0,141.0,1.0,3,1.0
165,3,383.0,432.0,44.0,152.0,1.0,0,0.711
165,4,519.0,324.0,276.0,174.0,1.0,3,0.658
166,1,319.0,357.0,49.0,82.0,1.0,0,1.0
166,2,436.0,384.0,224.0,141.0,1.0,3,1.0
166,3,385.0,433.0,44.0,152.0,1.0,0,0.704
166,4,516.0,324.0,276.0,174.0,1.0,3,0.658
167,1,321.0,357.0,49.0,82.0,1.0,0,1.0
167,2,433.0,384.0,225.0,142.0,1.0,3,1.0
167,3,388.0,433.0,44.0,152.0,1.0,0,0.704
167,4,513.0,324.0,276.0,174.0,1.0,3,0.656
168,1,324.0,356.0,49.0,82.0,1.0,0,1.0
168,2,430.0,384.0,225.0,142.0,1.0,3,0.985
168,3,391.0,433.0,44.0,152.0,1.0,0,0.704
168,4,511.0,324.0,276.0,174.0,1.0,3,0.658
169,1,326.0,356.0,49.0,82.0,1.0,0,1.0
169,2,426.0,384.0,225.0,142.0,1.0,3,0.965
169,3,394.0,433.0,44.0,152.0,1.0,0,0.704
169,4,508.0,324.0,276.0,174.0,1.0,3,0.661
170,1,328.0,356.0,49.0,82.0,1.0,0,1.0
170,2,423.0,384.0,225.0,142.0,1.0,3,0.948
170,3,397.0,433.0,44.0,152.0,1.0,0,0.704
170,4,505.0,324.0,276.0,174.0,1.0,3,0.661
171,1,330.0,356.0,49.0,82.0,1.0,0,1.0
171,2,420.0,384.0,225.0,142.0,1.0,3,0.93
171,3,400.0,433.0,44.0,152.0,1.0,0,0.704
171,4,502.0,324.0,276.0,174.0,1.0,3,0.661
172,1,332.0,356.0,49.0,82.0,1.0,0,1.0
172,2,417.0,384.0,225.0,142.0,1.0,3,0.913
172,3,403.0,433.0,44.0,152.0,1.0,0,0.704
172,4,500.0,324.0,276.0,174.0,1.0,3,0.663
173,1,335.0,356.0,49.0,82.0,1.0,0,1.0
173,2,414.0,384.0,225.0,142.0,1.0,3,0.895
173,3,406.0,433.0,44.0,152.0,1.0,0,0.704
173,4,497.0,324.0,276.0,174.0,1.0,3,0.663
174,1,337.0,356.0,50.0,83.0,1.0,0,1.0
174,2,411.0,384.0,225.0,142.0,1.0,3,0.878
174,3,409.0,433.0,44.0,152.0,1.0,0,0.704
174,4,494.0,324.0,276.0,174.0,1.0,3,0.663
175,1,339.0,355.0,50.0,83.0,1.0,0,1.0
175,2,407.0,384.0,225.0,142.0,1.0,3,0.873
175,3,412.0,434.0,44.0,153.0,1.0,0,0.693
175,4,491.0,324.0,276.0,174.0,1.0,3,0.665
176,1,341.0,355.0,50.0,83.0,1.0,0,1.0
176,2,404.0,384.0,225.0,142.0,1.0,3,0.873
176,3,415.0,434.0,44.0,153.0,1.0,0,0.693
176,4,489.0,323.0,276.0,174.0,1.0,3,0.671
177,1,343.0,355.0,50.0,83.0,1.0,0,1.0
177,2,401.0,384.0,225.0,142.0,1.0,3,0.873
177,3,418.0,434.0,44.0,153.0,1.0,0,0.693
177,4,486.0,323.0,276.0,174.0,1.0,3,0.671
178,1,346.0,355.0,50.0,83.0,1.0,0,1.0
178,2,398.0,384.0,227.0,143.0,1.0,3,0.874
178,3,421.0,434.0,44.0,153.0,1.0,0,0.693
178,4,483.0,323.0,276.0,174.0,1.0,3,0.666
179,1,348.0,355.0,50.0,83.0,1.0,0,0.961
179,2,395.0,384.0,227.0,143.0,1.0,3,0.874
179,3,424.0,434.0,44.0,153.0,1.0,0,0.693
179,4,481.0,323.0,276.0,174.0,1.0,3,0.668
180,1,350.0,355.0,50.0,83.0,1.0,0,0.896
180,2,392.0,384.0,227.0,143.0,1.0,3,0.874
180,3,427.0,434.0,44.0,153.0,1.0,0,0.693
180,4,478.0,323.0,276.0,174.0,1.0,3,0.668
181,1,352.0,354.0,50.0,83.0,1.0,0,0.834
181,2,389.0,384.0,227.0,143.0,1.0,3,0.874
181,3,430.0,434.0,44.0,153.0,1.0,0,0.693
181,4,475.0,323.0,276.0,174.0,1.0,3,0.668
182,1,354.0,354.0,50.0,83.0,1.0,0,0.757
182,2,385.0,384.0,227.0,143.0,1.0,3,0.874
182,3,432.0,434.0,44.0,153.0,1.0,0,0.693
182,4,472.0,323.0,276.0,174.0,1.0,3,0.671
183,1,356.0,354.0,50.0,83.0,1.0,0,0.693
183,2,382.0,384.0,227.0,143.0,1.0,3,0.874
183,3,435.0,434.0,44.0,153.0,1.0,0,0.693
183,4,470.0,323.0,276.0,174.0,1.0,3,0.673
184,1,359.0,354.0,50.0,83.0,1.0,0,0.624
184,2,379.0,385.0,227.0,143.0,1.0,3,0.874
184,3,438.0,435.0,44.0,153.0,1.0,0,0.686
184,4,467.0,323.0,276.0,174.0,1.0,3,0.676
185,1,361.0,354.0,50.0,83.0,1.0,0,0.561
185,2,376.0,385.0,227.0,143.0,1.0,3,0.874
185,3,441.0,435.0,44.0,153.0,1.0,0,0.686
185,4,464.0,323.0,276.0,174.0,1.0,3,0.676
186,1,363.0,354.0,50.0,83.0,1.0,0,0.499
186,2,373.0,385.0,227.0,143.0,1.0,3,0.874
186,3,444.0,435.0,44.0,154.0,1.0,0,0.682
186,4,461.0,323.0,276.0,174.0,1.0,3,0.676
187,1,365.0,354.0,50.0,83.0,1.0,0,0.436
187,2,370.0,385.0,227.0,143.0,1.0,3,0.874
187,3,447.0,435.0,44.0,154.0,1.0,0,0.682
187,4,459.0,323.0,276.0,174.0,1.0,3,0.678
188,1,367.0,353.0,50.0,84.0,1.0,0,0.381
188,2,366.0,385.0,227.0,143.0,1.0,3,0.874
188,3,450.0,435.0,44.0,154.0,1.0,0,0.682
188,4,456.0,323.0,276.0,174.0,1.0,3,0.68
189,1,370.0,353.0,50.0,84.0,1.0,0,0.381
189,2,363.0,385.0,229.0,144.0,1.0,3,0.875
189,3,453.0,435.0,44.0,154.0,1.0,0,0.682
189,4,453.0,323.0,276.0,174.0,1.0,3,0.676
190,1,372.0,353.0,50.0,84.0,1.0,0,0.381
190,2,360.0,385.0,229.0,144.0,1.0,3,0.875
190,3,456.0,435.0,44.0,154.0,1.0,0,0.682
190,4,450.0,322.0,276.0,174.0,1.0,3,0.679
191,1,374.0,353.0,50.0,84.0,1.0,0,0.381
191,2,357.0,385.0,229.0,144.0,1.0,3,0.875
191,3,459.0,435.0,44.0,154.0,1.0,0,0.682
191,4,448.0,322.0,276.0,174.0,1.0,3,0.681
192,1,376.0,353.0,50.0,84.0,1.0,0,0.381
192,2,354.0,385.0,229.0,144.0,1.0,3,0.875
192,3,462.0,435.0,44.0,154.0,1.0,0,0.682
192,4,445.0,322.0,276.0,174.0,1.0,3,0.681
193,1,378.0,353.0,50.0,84.0,1.0,0,0.381
193,2,351.0,385.0,229.0,144.0,1.0,3,0.876
193,3,465.0,436.0,44.0,154.0,1.0,0,0.675
193,4,442.0,322.0,276.0,174.0,1.0,3,0.681
194,1,381.0,353.0,50.0,84.0,1.0,0,0.381
194,2,347.0,385.0,229.0,144.0,1.0,3,0.876
194,3,468.0,436.0,44.0,154.0,1.0,0,0.675
194,4,439.0,322.0,276.0,174.0,1.0,3,0.683
195,1,383.0,352.0,50.0,84.0,1.0,0,0.393
195,2,344.0,385.0,229.0,144.0,1.0,3,0.876
195,3,471.0,436.0,44.0,154.0,1.0,0,0.675
195,4,437.0,322.0,276.0,174.0,1.0,3,0.686
196,1,385.0,352.0,50.0,84.0,1.0,0,0.393
196,2,341.0,385.0,229.0,144.0,1.0,3,0.873
196,3,474.0,436.0,45.0,155.0,1.0,0,0.671
196,4,434.0,322.0,276.0,174.0,1.0,3,0.685
197,1,387.0,352.0,50.0,84.0,1.0,0,0.393
197,2,338.0,385.0,229.0,144.0,1.0,3,0.873
197,3,477.0,436.0,45.0,155.0,1.0,0,0.671
197,4,431.0,322.0,276.0,174.0,1.0,3,0.682
198,1,389.0,352.0,50.0,84.0,1.0,0,0.393
198,2,335.0,385.0,229.0,144.0,1.0,3,0.873
198,3,480.0,436.0,45.0,155.0,1.0,0,0.671
198,4,429.0,322.0,276.0,174.0,1.0,3,0.681
199,1,391.0,352.0,50.0,84.0,1.0,0,0.393
199,2,332.0,385.0,229.0,144.0,1.0,3,0.873
199,3,482.0,436.0,45.0,155.0,1.0,0,0.671
199,4,426.0,322.0,276.0,174.0,1.0,3,0.678
200,1,394.0,352.0,50.0,84.0,1.0,0,0.393
200,2,328.0,385.0,230.0,145.0,1.0,3,0.873
200,3,485.0,436.0,45.0,155.0,1.0,0,0.671
200,4,423.0,322.0,276.0,174.0,1.0,3,0.674
201,1,396.0,352.0,50.0,84.0,1.0,0,0.393
201,2,325.0,385.0,230.0,145.0,1.0,3,0.873
201,3,488.0,436.0,45.0,155.0,1.0,0,0.671
201,4,420.0,322.0,276.0,174.0,1.0,3,0.67
202,1,398.0,351.0,50.0,84.0,1.0,0,0.405
202,2,322.0,385.0,230.0,145.0,1.0,3,0.875
202,3,491.0,437.0,45.0,155.0,1.0,0,0.665
202,4,418.0,322.0,276.0,174.0,1.0,3,0.669
203,1,400.0,351.0,51.0,85.0,1.0,0,0.412
203,2,319.0,386.0,230.0,145.0,1.0,3,0.873
203,3,494.0,437.0,45.0,155.0,1.0,0,0.665
203,4,415.0,322.0,276.0,174.0,1.0,3,0.667
204,1,402.0,351.0,51.0,85.0,1.0,0,0.412
204,2,316.0,386.0,230.0,145.0,1.0,3,0.873
204,3,497.0,437.0,45.0,155.0,1.0,0,0.665
204,4,412.0,321.0,276.0,174.0,1.0,3,0.666
205,1,405.0,351.0,51.0,85.0,1.0,0,0.412
205,2,313.0,386.0,230.0,145.0,1.0,3,0.879
205,3,500.0,437.0,45.0,155.0,1.0,0,0.665
205,4,409.0,321.0,276.0,174.0,1.0,3,0.659
206,1,407.0,351.0,51.0,85.0,1.0,0,0.412
206,2,309.0,386.0,230.0,145.0,1.0,3,0.899
206,3,503.0,437.0,45.0,156.0,1.0,0,0.66
206,4,407.0,321.0,276.0,174.0,1.0,3,0.652
207,1,409.0,351.0,51.0,85.0,1.0,0,0.412
207,2,306.0,386.0,230.0,145.0,1.0,3,0.915
207,3,506.0,437.0,45.0,156.0,1.0,0,0.66
207,4,404.0,321.0,276.0,174.0,1.0,3,0.645
208,1,411.0,350.0,51.0,85.0,1.0,0,0.424
208,2,303.0,386.0,230.0,145.0,1.0,3,0.932
208,3,509.0,437.0,45.0,156.0,1.0,0,0.66
208,4,401.0,321.0,276.0,174.0,1.0,3,0.637
209,1,413.0,350.0,51.0,85.0,1.0,0,0.424
209,2,300.0,386.0,230.0,145.0,1.0,3,0.949
209,3,512.0,437.0,45.0,156.0,1.0,0,0.66
209,4,398.0,321.0,276.0,174.0,1.0,3,0.63
210,1,416.0,350.0,51.0,85.0,1.0,0,0.424
210,2,297.0,386.0,232.0,146.0,1.0,3,0.961
210,3,515.0,437.0,45.0,156.0,1.0,0,0.66
210,4,396.0,321.0,276.0,174.0,1.0,3,0.622
211,1,418.0,350.0,51.0,85.0,1.0,0,0.424
211,2,294.0,386.0,232.0,146.0,1.0,3,0.978
211,3,518.0,438.0,45.0,156.0,1.0,0,0.654
211,4,393.0,321.0,276.0,174.0,1.0,3,0.616
212,1,420.0,350.0,51.0,85.0,1.0,0,0.424
212,2,290.0,386.0,232.0,146.0,1.0,3,0.997
212,3,521.0,438.0,45.0,156.0,1.0,0,0.654
212,4,390.0,321.0,276.0,174.0,1.0,3,0.61
213,1,422.0,350.0,51.0,85.0,1.0,0,0.424
213,2,287.0,386.0,232.0,146.0,1.0,3,1.0
213,3,524.0,438.0,45.0,156.0,1.0,0,0.654
213,4,387.0,321.0,276.0,174.0,1.0,3,0.609
214,1,424.0,350.0,51.0,85.0,1.0,0,0.424
214,2,284.0,386.0,232.0,146.0,1.0,3,1.0
214,3,527.0,438.0,45.0,156.0,1.0,0,0.654
214,4,385.0,321.0,276.0,174.0,1.0,3,0.611
215,1,426.0,349.0,51.0,85.0,1.0,0,0.435
215,2,281.0,386.0,232.0,146.0,1.0,3,1.0
215,3,529.0,438.0,45.0,156.0,1.0,0,0.654
215,4,382.0,321.0,276.0,174.0,1.0,3,0.61
216,1,429.0,349.0,51.0,85.0,1.0,0,0.435
216,2,278.0,386.0,232.0,146.0,1.0,3,1.0
216,3,532.0,438.0,45.0,157.0,1.0,0,0.65
216,4,379.0,321.0,276.0,174.0,1.0,3,0.61
217,1,431.0,349.0,51.0,85.0,1.0,0,0.435
217,2,275.0,386.0,232.0,146.0,1.0,3,1.0
217,3,535.0,438.0,45.0,157.0,1.0,0,0.65
217,4,377.0,321.0,276.0,174.0,1.0,3,0.612
218,1,433.0,349.0,51.0,86.0,1.0,0,0.43
218,2,272.0,386.0,232.0,146.0,1.0,3,1.0
218,3,538.0,438.0,45.0,157.0,1.0,0,0.65
218,4,374.0,320.0,276.0,174.0,1.0,3,0.616
219,1,435.0,349.0,51.0,86.0,1.0,0,0.43
219,2,268.0,386.0,232.0,146.0,1.0,3,1.0
219,3,541.0,438.0,45.0,157.0,1.0,0,0.65
219,4,371.0,320.0,276.0,174.0,1.0,3,0.618
220,1,437.0,349.0,51.0,86.0,1.0,0,0.43
220,2,265.0,386.0,232.0,146.0,1.0,3,1.0
220,3,544.0,439.0,45.0,157.0,1.0,0,0.643
220,4,368.0,320.0,276.0,174.0,1.0,3,0.619
221,1,440.0,349.0,51.0,86.0,1.0,0,0.43
221,2,262.0,386.0,233.0,147.0,1.0,3,1.0
221,3,547.0,439.0,45.0,157.0,1.0,0,0.643
221,4,366.0,320.0,276.0,174.0,1.0,3,0.619
222,1,442.0,348.0,51.0,86.0,1.0,0,0.464
222,2,259.0,387.0,233.0,147.0,1.0,3,1.0
222,3,550.0,439.0,45.0,157.0,1.0,0,0.643
222,4,363.0,320.0,276.0,174.0,1.0,3,0.619
223,1,444.0,348.0,51.0,86.0,1.0,0,0.518
223,2,256.0,387.0,233.0,147.0,1.0,3,1.0
223,3,553.0,439.0,45.0,157.0,1.0,0,0.643
223,4,360.0,320.0,276.0,174.0,1.0,3,0.614
224,1,446.0,348.0,51.0,86.0,1.0,0,0.571
224,2,253.0,387.0,233.0,147.0,1.0,3,1.0
224,3,556.0,439.0,45.0,157.0,1.0,0,0.643
224,4,357.0,320.0,276.0,174.0,1.0,3,0.609
225,1,448.0,348.0,51.0,86.0,1.0,0,0.636
225,2,249.0,387.0,233.0,147.0,1.0,3,1.0
225,3,559.0,439.0,45.0,157.0,1.0,0,0.643
225,4,355.0,320.0,276.0,174.0,1.0,3,0.607
226,1,451.0,348.0,51.0,86.0,1.0,0,0.7
226,2,246.0,387.0,233.0,147.0,1.0,3,1.0
226,3,562.0,439.0,45.0,157.0,1.0,0,0.643
226,4,352.0,320.0,276.0,174.0,1.0,3,0.602
227,1,453.0,348.0,51.0,86.0,1.0,0,0.754
227,2,243.0,387.0,233.0,147.0,1.0,3,1.0
227,3,565.0,439.0,45.0,158.0,1.0,0,0.639
227,4,349.0,320.0,276.0,174.0,1.0,3,0.597
228,1,455.0,347.0,51.0,86.0,1.0,0,0.811
228,2,240.0,387.0,233.0,147.0,1.0,3,1.0
228,3,568.0,439.0,45.0,158.0,1.0,0,0.639
228,4,346.0,320.0,276.0,174.0,1.0,3,0.591
229,1,457.0,347.0,51.0,86.0,1.0,0,0.864
229,2,237.0,387.0,233.0,147.0,1.0,3,1.0
229,3,571.0,440.0,45.0,158.0,1.0,0,0.633
229,4,344.0,320.0,276.0,174.0,1.0,3,0.59
230,1,459.0,347.0,51.0,86.0,1.0,0,0.916
230,2,234.0,387.0,233.0,147.0,1.0,3,1.0
230,3,574.0,440.0,45.0,158.0,1.0,0,0.633
230,4,341.0,320.0,276.0,174.0,1.0,3,0.587
231,1,462.0,347.0,51.0,86.0,1.0,0,0.99
231,2,230.0,387.0,233.0,147.0,1.0,3,1.0
231,3,577.0,440.0,45.0,158.0,1.0,0,0.633
231,4,338.0,320.0,276.0,174.0,1.0,3,0.59
232,1,464.0,347.0,51.0,86.0,1.0,0,1.0
232,2,227.0,387.0,235.0,148.0,1.0,3,1.0
232,3,579.0,440.0,45.0,158.0,1.0,0,0.633
232,4,335.0,319.0,276.0,174.0,1.0,3,0.593
233,1,466.0,347.0,52.0,87.0,1.0,0,1.0
233,2,224.0,387.0,235.0,148.0,1.0,3,1.0
233,3,582.0,440.0,45.0,158.0,1.0,0,0.633
233,4,333.0,319.0,275.0,173.0,1.0,3,0.598
234,1,468.0,347.0,52.0,87.0,1.0,0,1.0
234,2,221.0,387.0,235.0,148.0,1.0,3,1.0
234,3,585.0,440.0,45.0,158.0,1.0,0,0.633
234,4,330.0,319.0,275.0,173.0,1.0,3,0.605
235,1,470.0,346.0,52.0,87.0,1.0,0,1.0
235,2,218.0,387.0,235.0,148.0,1.0,3,1.0
235,3,588.0,440.0,45.0,158.0,1.0,0,0.633
235,4,327.0,319.0,275.0,173.0,1.0,3,0.612
236,1,472.0,346.0,52.0,87.0,1.0,0,1.0
236,2,215.0,387.0,235.0,148.0,1.0,3,1.0
236,3,591.0,440.0,45.0,158.0,1.0,0,0.633
236,4,325.0,319.0,275.0,173.0,1.0,3,0.619
237,1,475.0,346.0,52.0,87.0,1.0,0,1.0
237,2,211.0,387.0,235.0,148.0,1.0,3,1.0
237,3,594.0,440.0,46.0,159.0,1.0,0,0.629
237,4,322.0,319.0,275.0,173.0,1.0,3,0.628
238,1,477.0,346.0,52.0,87.0,1.0,0,1.0
238,2,208.0,387.0,235.0,148.0,1.0,3,1.0
238,3,597.0,441.0,46.0,159.0,1.0,0,0.623
238,4,319.0,319.0,275.0,173.0,1.0,3,0.631
239,1,479.0,346.0,52.0,87.0,1.0,0,1.0
239,2,205.0,387.0,235.0,148.0,1.0,3,1.0
239,3,600.0,441.0,46.0,159.0,1.0,0,0.623
239,4,316.0,319.0,275.0,173.0,1.0,3,0.631
240,1,481.0,346.0,52.0,87.0,1.0,0,1.0
240,2,202.0,387.0,235.0,148.0,1.0,3,1.0
240,3,603.0,441.0,46.0,159.0,1.0,0,0.623
240,4,314.0,319.0,275.0,173.0,1.0,3,0.633
241,1,483.0,346.0,52.0,87.0,1.0,0,1.0
241,2,199.0,388.0,235.0,148.0,1.0,3,1.0
241,3,606.0,441.0,46.0,159.0,1.0,0,0.623
241,4,311.0,319.0,275.0,173.0,1.0,3,0.636
242,1,486.0,345.0,52.0,87.0,1.0,0,1.0
242,2,196.0,388.0,236.0,149.0,1.0,3,1.0
242,3,609.0,441.0,46.0,159.0,1.0,0,0.623
242,4,308.0,319.0,275.0,173.0,1.0,3,0.634
243,1,488.0,345.0,52.0,87.0,1.0,0,1.0
243,2,192.0,388.0,236.0,149.0,1.0,3,1.0
243,3,612.0,441.0,46.0,159.0,1.0,0,0.623
243,4,305.0,319.0,275.0,173.0,1.0,3,0.636
244,1,490.0,345.0,52.0,87.0,1.0,0,1.0
244,2,189.0,388.0,236.0,149.0,1.0,3,1.0
244,3,615.0,441.0,46.0,159.0,1.0,0,0.623
244,4,303.0,319.0,275.0,173.0,1.0,3,0.638
245,1,492.0,345.0,52.0,87.0,1.0,0,1.0
245,2,186.0,388.0,236.0,149.0,1.0,3,1.0
245,3,618.0,441.0,46.0,159.0,1.0,0,0.623
245,4,300.0,319.0,275.0,173.0,1.0,3,0.638
246,1,494.0,345.0,52.0,87.0,1.0,0,1.0
246,2,183.0,388.0,236.0,149.0,1.0,3,1.0
246,3,621.0,441.0,46.0,159.0,1.0,0,0.623
246,4,297.0,318.0,275.0,173.0,1.0,3,0.641
247,1,497.0,345.0,52.0,88.0,1.0,0,1.0
247,2,180.0,388.0,236.0,149.0,1.0,3,1.0
247,3,624.0,441.0,46.0,160.0,1.0,0,0.619
247,4,294.0,318.0,275.0,173.0,1.0,3,0.64
248,1,499.0,344.0,52.0,88.0,1.0,0,1.0
248,2,177.0,388.0,236.0,149.0,1.0,3,1.0
248,3,626.0,442.0,46.0,160.0,1.0,0,0.613
248,4,292.0,318.0,275.0,173.0,1.0,3,0.642
249,1,501.0,344.0,52.0,88.0,1.0,0,1.0
249,2,174.0,388.0,236.0,149.0,1.0,3,1.0
249,3,629.0,442.0,46.0,160.0,1.0,0,0.613
249,4,289.0,318.0,275.0,173.0,1.0,3,0.642
250,1,503.0,344.0,52.0,88.0,1.0,0,1.0
250,2,170.0,388.0,236.0,149.0,1.0,3,1.0
250,3,632.0,442.0,46.0,160.0,1.0,0,0.613
250,4,286.0,318.0,275.0,173.0,1.0,3,0.644
251,1,505.0,344.0,52.0,88.0,1.0,0,1.0
251,2,167.0,388.0,236.0,149.0,1.0,3,1.0
251,3,635.0,442.0,46.0,160.0,1.0,0,0.613
251,4,283.0,318.0,275.0,173.0,1.0,3,0.644
252,1,507.0,344.0,52.0,88.0,1.0,0,1.0
252,2,164.0,388.0,236.0,149.0,1.0,3,1.0
252,3,638.0,442.0,46.0,160.0,1.0,0,0.613
252,4,281.0,318.0,275.0,173.0,1.0,3,0.652
253,1,510.0,344.0,52.0,88.0,1.0,0,1.0
253,2,161.0,388.0,238.0,150.0,1.0,3,1.0
253,3,641.0,442.0,46.0,160.0,1.0,0,0.613
253,4,278.0,318.0,275.0,173.0,1.0,3,0.658
254,1,512.0,344.0,52.0,88.0,1.0,0,1.0
254,2,158.0,388.0,238.0,150.0,1.0,3,1.0
254,3,644.0,442.0,46.0,160.0,1.0,0,0.613
254,4,275.0,318.0,275.0,173.0,1.0,3,0.668
255,1,514.0,343.0,52.0,88.0,1.0,0,1.0
255,2,155.0,388.0,238.0,150.0,1.0,3,1.0
255,3,647.0,442.0,46.0,160.0,1.0,0,0.613
255,4,273.0,318.0,275.0,173.0,1.0,3,0.677
256,1,516.0,343.0,52.0,88.0,1.0,0,1.0
256,2,151.0,388.0,238.0,150.0,1.0,3,1.0
256,3,650.0,442.0,46.0,160.0,1.0,0,0.613
256,4,270.0,318.0,275.0,173.0,1.0,3,0.689
257,1,518.0,343.0,52.0,88.0,1.0,0,1.0
257,2,148.0,388.0,238.0,150.0,1.0,3,1.0
257,3,653.0,443.0,46.0,161.0,1.0,0,0.602
257,4,267.0,318.0,275.0,173.0,1.0,3,0.698
258,1,521.0,343.0,52.0,88.0,1.0,0,1.0
258,2,145.0,388.0,238.0,150.0,1.0,3,1.0
258,3,656.0,443.0,46.0,161.0,1.0,0,0.602
258,4,264.0,318.0,275.0,173.0,1.0,3,0.709
259,1,523.0,343.0,52.0,88.0,1.0,0,1.0
259,2,142.0,388.0,238.0,150.0,1.0,3,1.0
259,3,659.0,443.0,46.0,161.0,1.0,0,0.602
259,4,262.0,318.0,275.0,173.0,1.0,3,0.719
260,1,525.0,343.0,52.0,88.0,1.0,0,1.0
260,2,139.0,389.0,238.0,150.0,1.0,3,1.0
260,3,662.0,443.0,46.0,161.0,1.0,0,0.602
260,4,259.0,317.0,275.0,173.0,1.0,3,0.733
261,1,527.0,343.0,52.0,88.0,1.0,0,1.0
261,2,136.0,389.0,238.0,150.0,1.0,3,1.0
261,3,665.0,443.0,46.0,161.0,1.0,0,0.602
261,4,256.0,317.0,275.0,173.0,1.0,3,0.742
262,1,529.0,342.0,53.0,89.0,1.0,0,1.0
262,2,132.0,389.0,238.0,150.0,1.0,3,1.0
262,3,668.0,443.0,46.0,161.0,1.0,0,0.602
262,4,253.0,317.0,275.0,173.0,1.0,3,0.752
263,1,532.0,342.0,53.0,89.0,1.0,0,1.0
263,2,129.0,389.0,238.0,150.0,1.0,3,1.0
263,3,671.0,443.0,46.0,161.0,1.0,0,0.602
263,4,251.0,317.0,275.0,173.0,1.0,3,0.754
264,1,534.0,342.0,53.0,89.0,1.0,0,1.0
264,2,126.0,389.0,240.0,151.0,1.0,3,1.0
264,3,674.0,443.0,46.0,161.0,1.0,0,0.602
264,4,248.0,317.0,275.0,173.0,1.0,3,0.749
265,1,536.0,342.0,53.0,89.0,1.0,0,1.0
265,2,123.0,389.0,240.0,151.0,1.0,3,1.0
265,3,676.0,443.0,46.0,161.0,1.0,0,0.602
265,4,245.0,317.0,275.0,173.0,1.0,3,0.749
266,1,538.0,342.0,53.0,89.0,1.0,0,1.0
266,2,120.0,389.0,240.0,151.0,1.0,3,1.0
266,3,679.0,444.0,46.0,161.0,1.0,0,0.596
266,4,242.0,317.0,275.0,173.0,1.0,3,0.749
267,1,540.0,342.0,53.0,89.0,1.0,0,1.0
267,2,117.0,389.0,240.0,151.0,1.0,3,1.0
267,3,682.0,444.0,46.0,161.0,1.0,0,0.596
267,4,240.0,317.0,275.0,173.0,1.0,3,0.752
268,1,542.0,341.0,53.0,89.0,1.0,0,1.0
268,2,113.0,389.0,240.0,151.0,1.0,3,1.0
268,3,685.0,444.0,47.0,162.0,1.0,0,0.593
268,4,237.0,317.0,275.0,173.0,1.0,3,0.754
269,1,545.0,341.0,53.0,89.0,1.0,0,1.0
269,2,110.0,389.0,240.0,151.0,1.0,3,1.0
269,3,688.0,444.0,47.0,162.0,1.0,0,0.593
269,4,234.0,317.0,275.0,173.0,1.0,3,0.754
270,1,547.0,341.0,53.0,89.0,1.0,0,1.0
270,2,107.0,389.0,240.0,151.0,1.0,3,1.0
270,3,691.0,444.0,47.0,162.0,1.0,0,0.593
270,4,231.0,317.0,275.0,173.0,1.0,3,0.754
271,1,549.0,341.0,53.0,89.0,1.0,0,1.0
271,2,104.0,389.0,240.0,151.0,1.0,3,1.0
271,3,694.0,444.0,47.0,162.0,1.0,0,0.593
271,4,229.0,317.0,275.0,173.0,1.0,3,0.756
272,1,551.0,341.0,53.0,89.0,1.0,0,1.0
272,2,101.0,389.0,240.0,151.0,1.0,3,1.0
272,3,697.0,444.0,47.0,162.0,1.0,0,0.593
272,4,226.0,317.0,275.0,173.0,1.0,3,0.756
273,1,553.0,341.0,53.0,89.0,1.0,0,1.0
273,2,98.0,389.0,240.0,151.0,1.0,3,1.0
273,3,700.0,444.0,47.0,162.0,1.0,0,0.593
273,4,223.0,317.0,275.0,173.0,1.0,3,0.756
274,1,556.0,341.0,53.0,89.0,1.0,0,1.0
274,2,94.0,389.0,240.0,151.0,1.0,3,1.0
274,3,703.0,444.0,47.0,162.0,1.0,0,0.593
274,4,220.0,316.0,275.0,173.0,1.0,3,0.76
275,1,558.0,340.0,53.0,89.0,1.0,0,1.0
275,2,91.0,389.0,241.0,152.0,1.0,3,0.993
275,3,706.0,445.0,47.0,162.0,1.0,0,0.586
275,4,218.0,316.0,275.0,173.0,1.0,3,0.76
276,1,560.0,340.0,53.0,89.0,1.0,0,1.0
276,2,88.0,389.0,241.0,152.0,1.0,3,0.993
276,3,709.0,445.0,47.0,162.0,1.0,0,0.586
276,4,215.0,316.0,275.0,173.0,1.0,3,0.76
277,1,562.0,340.0,54.0,90.0,1.0,0,1.0
277,2,85.0,389.0,241.0,152.0,1.0,3,0.993
277,3,712.0,445.0,47.0,162.0,1.0,0,0.586
277,4,212.0,316.0,275.0,173.0,1.0,3,0.76
278,1,564.0,340.0,54.0,90.0,1.0,0,1.0
278,2,82.0,389.0,241.0,152.0,1.0,3,0.993
278,3,715.0,445.0,47.0,163.0,1.0,0,0.583
278,4,210.0,316.0,275.0,173.0,1.0,3,0.762
279,1,567.0,340.0,54.0,90.0,1.0,0,1.0
279,2,79.0,390.0,241.0,152.0,1.0,3,0.987
279,3,718.0,445.0,47.0,163.0,1.0,0,0.583
279,4,207.0,316.0,275.0,173.0,1.0,3,0.765
280,1,569.0,340.0,54.0,90.0,1.0,0,1.0
280,2,75.0,390.0,241.0,152.0,1.0,3,0.987
280,3,721.0,445.0,47.0,163.0,1.0,0,0.583
280,4,204.0,316.0,275.0,173.0,1.0,3,0.767
281,1,571.0,340.0,54.0,90.0,1.0,0,1.0
281,2,72.0,390.0,241.0,152.0,1.0,3,0.987
281,3,723.0,445.0,47.0,163.0,1.0,0,0.583
281,4,201.0,316.0,275.0,173.0,1.0,3,0.767
282,1,573.0,339.0,54.0,90.0,1.0,0,1.0
282,2,69.0,390.0,241.0,152.0,1.0,3,0.987
282,3,726.0,445.0,47.0,163.0,1.0,0,0.583
282,4,199.0,316.0,275.0,173.0,1.0,3,0.769
283,1,575.0,339.0,54.0,90.0,1.0,0,1.0
283,2,66.0,390.0,241.0,152.0,1.0,3,0.987
283,3,729.0,445.0,47.0,163.0,1.0,0,0.583
283,4,196.0,316.0,275.0,173.0,1.0,3,0.769
284,1,577.0,339.0,54.0,90.0,1.0,0,1.0
284,2,63.0,390.0,241.0,152.0,1.0,3,0.987
284,3,732.0,446.0,47.0,163.0,1.0,0,0.577
284,4,193.0,316.0,275.0,173.0,1.0,3,0.769
285,1,580.0,339.0,54.0,90.0,1.0,0,1.0
285,2,60.0,390.0,243.0,153.0,1.0,3,0.98
285,3,735.0,446.0,47.0,163.0,1.0,0,0.577
285,4,190.0,316.0,275.0,173.0,1.0,3,0.765
286,1,582.0,339.0,54.0,90.0,1.0,0,1.0
286,2,57.0,390.0,243.0,153.0,1.0,3,0.98
286,3,738.0,446.0,47.0,163.0,1.0,0,0.577
286,4,188.0,316.0,275.0,173.0,1.0,3,0.767
287,1,584.0,339.0,54.0,90.0,1.0,0,1.0
287,2,53.0,390.0,243.0,153.0,1.0,3,0.98
287,3,741.0,446.0,47.0,163.0,1.0,0,0.577
287,4,185.0,316.0,275.0,173.0,1.0,3,0.769
288,1,586.0,339.0,54.0,90.0,1.0,0,1.0
288,2,50.0,390.0,243.0,153.0,1.0,3,0.98
288,3,744.0,446.0,47.0,164.0,1.0,0,0.573
288,4,182.0,315.0,275.0,173.0,1.0,3,0.771
289,1,588.0,338.0,54.0,90.0,1.0,0,1.0
289,2,47.0,390.0,243.0,153.0,1.0,3,0.98
289,3,747.0,446.0,47.0,164.0,1.0,0,0.573
289,4,179.0,315.0,275.0,173.0,1.0,3,0.771
290,1,591.0,338.0,54.0,90.0,1.0,0,1.0
290,2,44.0,390.0,243.0,153.0,1.0,3,0.98
290,3,750.0,446.0,47.0,164.0,1.0,0,0.573
290,4,177.0,315.0,275.0,173.0,1.0,3,0.773
291,1,593.0,338.0,54.0,90.0,1.0,0,1.0
291,2,41.0,390.0,243.0,153.0,1.0,3,0.98
291,3,753.0,446.0,47.0,164.0,1.0,0,0.573
291,4,174.0,315.0,275.0,173.0,1.0,3,0.773
292,1,595.0,338.0,54.0,91.0,1.0,0,1.0
292,2,38.0,390.0,243.0,153.0,1.0,3,0.98
292,3,756.0,446.0,47.0,164.0,1.0,0,0.573
292,4,171.0,315.0,275.0,173.0,1.0,3,0.773
293,1,597.0,338.0,54.0,91.0,1.0,0,1.0
293,2,34.0,390.0,243.0,153.0,1.0,3,0.98
293,3,759.0,447.0,47.0,164.0,1.0,0,0.567
293,4,168.0,315.0,275.0,173.0,1.0,3,0.775
294,1,599.0,338.0,54.0,91.0,1.0,0,1.0
294,2,31.0,390.0,243.0,153.0,1.0,3,0.98
294,3,762.0,447.0,47.0,164.0,1.0,0,0.567
294,4,166.0,315.0,275.0,173.0,1.0,3,0.778
295,1,602.0,337.0,54.0,91.0,1.0,0,1.0
295,2,28.0,390.0,243.0,153.0,1.0,3,0.98
295,3,765.0,447.0,47.0,164.0,1.0,0,0.567
295,4,163.0,315.0,275.0,173.0,1.0,3,0.778
296,1,604.0,337.0,54.0,91.0,1.0,0,1.0
296,2,25.0,390.0,244.0,154.0,1.0,3,0.974
296,3,768.0,447.0,47.0,164.0,1.0,0,0.567
296,4,160.0,315.0,275.0,173.0,1.0,3,0.775
297,1,606.0,337.0,54.0,91.0,1.0,0,1.0
297,2,22.0,390.0,244.0,154.0,1.0,3,0.974
297,3,771.0,447.0,47.0,164.0,1.0,0,0.567
297,4,158.0,315.0,275.0,173.0,1.0,3,0.778
298,1,608.0,337.0,54.0,91.0,1.0,0,1.0
298,2,19.0,391.0,244.0,154.0,1.0,3,0.968
298,3,773.0,447.0,47.0,165.0,1.0,0,0.564
298,4,155.0,315.0,275.0,173.0,1.0,3,0.78
299,1,610.0,337.0,54.0,91.0,1.0,0,1.0
299,2,15.0,391.0,244.0,154.0,1.0,3,0.968
299,3,776.0,447.0,47.0,165.0,1.0,0,0.564
299,4,152.0,315.0,275.0,173.0,1.0,3,0.782
300,1,613.0,337.0,54.0,91.0,1.0,0,1.0
300,2,12.0,391.0,244.0,154.0,1.0,3,0.968
300,3,779.0,447.0,47.0,165.0,1.0,0,0.564
300,4,149.0,315.0,275.0,173.0,1.0,3,0.782
301,1,615.0,337.0,54.0,91.0,1.0,0,1.0
301,2,9.0,391.0,244.0,154.0,1.0,3,0.968
301,3,782.0,447.0,47.0,165.0,1.0,0,0.564
301,4,147.0,315.0,275.0,173.0,1.0,3,0.784
302,1,617.0,336.0,54.0,91.0,1.0,0,1.0
302,2,6.0,391.0,244.0,154.0,1.0,3,0.968
302,3,785.0,448.0,47.0,165.0,1.0,0,0.558
302,4,144.0,315.0,275.0,173.0,1.0,3,0.784
303,1,619.0,336.0,54.0,91.0,1.0,0,1.0
303,2,3.0,391.0,244.0,154.0,1.0,3,0.968
303,3,788.0,448.0,47.0,165.0,1.0,0,0.558
303,4,141.0,314.0,275.0,173.0,1.0,3,0.786
304,1,621.0,336.0,54.0,91.0,1.0,0,1.0
304,2,0.0,391.0,244.0,154.0,1.0,3,0.968
304,3,791.0,448.0,47.0,165.0,1.0,0,0.558
304,4,138.0,314.0,275.0,173.0,1.0,3,0.786
305,1,623.0,336.0,54.0,91.0,1.0,0,1.0
305,2,-4.0,391.0,244.0,154.0,1.0,3,0.952
305,3,794.0,448.0,47.0,165.0,1.0,0,0.558
305,4,136.0,314.0,275.0,173.0,1.0,3,0.79
306,1,626.0,336.0,55.0,92.0,1.0,0,1.0
306,2,-7.0,391.0,244.0,154.0,1.0,3,0.94
306,3,797.0,448.0,47.0,165.0,1.0,0,0.558
306,4,133.0,314.0,275.0,173.0,1.0,3,0.79
307,1,628.0,336.0,55.0,92.0,1.0,0,1.0
307,2,-10.0,391.0,246.0,155.0,1.0,3,0.922
307,3,800.0,448.0,47.0,165.0,1.0,0,0.558
307,4,130.0,314.0,275.0,173.0,1.0,3,0.786
308,1,630.0,336.0,55.0,92.0,1.0,0,1.0
308,2,-13.0,391.0,246.0,155.0,1.0,3,0.91
308,3,803.0,448.0,48.0,166.0,1.0,0,0.554
308,4,127.0,314.0,275.0,173.0,1.0,3,0.786
309,1,632.0,335.0,55.0,92.0,1.0,0,1.0
309,2,-16.0,391.0,246.0,155.0,1.0,3,0.899
309,3,806.0,448.0,48.0,166.0,1.0,0,0.554
309,4,125.0,314.0,275.0,173.0,1.0,3,0.788
310,1,634.0,335.0,55.0,92.0,1.0,0,1.0
310,2,-19.0,391.0,246.0,155.0,1.0,3,0.887
310,3,809.0,448.0,48.0,166.0,1.0,0,0.554
310,4,122.0,314.0,275.0,173.0,1.0,3,0.788
311,1,637.0,335.0,55.0,92.0,1.0,0,1.0
311,2,-23.0,391.0,246.0,155.0,1.0,3,0.871
311,3,812.0,449.0,48.0,166.0,1.0,0,0.548
311,4,119.0,314.0,275.0,173.0,1.0,3,0.79
312,1,639.0,335.0,55.0,92.0,1.0,0,1.0
312,2,-26.0,391.0,246.0,155.0,1.0,3,0.86
312,3,815.0,449.0,48.0,166.0,1.0,0,0.548
312,4,116.0,314.0,275.0,173.0,1.0,3,0.79
313,1,641.0,335.0,55.0,92.0,1.0,0,1.0
313,2,-29.0,391.0,246.0,155.0,1.0,3,0.848
313,3,818.0,449.0,48.0,166.0,1.0,0,0.548
313,4,114.0,314.0,275.0,173.0,1.0,3,0.792
314,1,643.0,335.0,55.0,92.0,1.0,0,1.0
314,2,-32.0,391.0,246.0,155.0,1.0,3,0.836
314,3,821.0,449.0,48.0,166.0,1.0,0,0.548
314,4,111.0,314.0,275.0,173.0,1.0,3,0.792
315,1,645.0,334.0,55.0,92.0,1.0,0,1.0
315,2,-35.0,391.0,246.0,155.0,1.0,3,0.825
315,3,823.0,449.0,48.0,166.0,1.0,0,0.548
315,4,108.0,314.0,275.0,173.0,1.0,3,0.792
316,1,648.0,334.0,55.0,92.0,1.0,0,1.0
316,2,-38.0,391.0,246.0,155.0,1.0,3,0.813
316,3,826.0,449.0,48.0,166.0,1.0,0,0.548
316,4,106.0,314.0,275.0,173.0,1.0,3,0.794
317,1,650.0,334.0,55.0,92.0,1.0,0,1.0
317,2,-42.0,392.0,246.0,155.0,1.0,3,0.792
317,3,829.0,449.0,48.0,166.0,1.0,0,0.548
317,4,103.0,313.0,275.0,173.0,1.0,3,0.8
318,1,652.0,334.0,55.0,92.0,1.0,0,1.0
318,2,-45.0,392.0,248.0,156.0,1.0,3,0.777
318,3,832.0,449.0,48.0,166.0,1.0,0,0.548
318,4,100.0,313.0,275.0,173.0,1.0,3,0.796
319,1,654.0,334.0,55.0,92.0,1.0,0,1.0
319,2,-48.0,392.0,248.0,156.0,1.0,3,0.765
319,3,835.0,449.0,48.0,167.0,1.0,0,0.545
319,4,97.0,313.0,275.0,173.0,1.0,3,0.796
320,1,656.0,334.0,55.0,92.0,1.0,0,1.0
320,2,-51.0,392.0,248.0,156.0,1.0,3,0.754
320,3,838.0,450.0,48.0,167.0,1.0,0,0.539
320,4,95.0,313.0,275.0,173.0,1.0,3,0.798
321,1,658.0,334.0,55.0,93.0,1.0,0,1.0
321,2,-54.0,392.0,248.0,156.0,1.0,3,0.742
321,3,841.0,450.0,48.0,167.0,1.0,0,0.539
321,4,92.0,313.0,275.0,173.0,1.0,3,0.798
322,1,661.0,333.0,55.0,93.0,1.0,0,1.0
322,2,-57.0,392.0,248.0,156.0,1.0,3,0.731
322,3,844.0,450.0,48.0,167.0,1.0,0,0.539
322,4,89.0,313.0,275.0,173.0,1.0,3,0.798
323,1,663.0,333.0,55.0,93.0,1.0,0,1.0
323,2,-60.0,392.0,248.0,156.0,1.0,3,0.719
323,3,847.0,450.0,48.0,167.0,1.0,0,0.539
323,4,86.0,313.0,275.0,173.0,1.0,3,0.798
324,1,665.0,333.0,55.0,93.0,1.0,0,1.0
324,2,-64.0,392.0,248.0,156.0,1.0,3,0.704
324,3,850.0,450.0,48.0,167.0,1.0,0,0.539
324,4,84.0,313.0,275.0,173.0,1.0,3,0.802
325,1,667.0,333.0,55.0,93.0,1.0,0,1.0
325,2,-67.0,392.0,248.0,156.0,1.0,3,0.692
325,3,853.0,450.0,48.0,167.0,1.0,0,0.539
325,4,81.0,313.0,275.0,173.0,1.0,3,0.802
326,1,669.0,333.0,55.0,93.0,1.0,0,1.0
326,2,-70.0,392.0,248.0,156.0,1.0,3,0.681
326,3,856.0,450.0,48.0,167.0,1.0,0,0.539
326,4,78.0,313.0,275.0,173.0,1.0,3,0.802
327,1,672.0,333.0,55.0,93.0,1.0,0,1.0
327,2,-73.0,392.0,248.0,156.0,1.0,3,0.669
327,3,859.0,450.0,48.0,167.0,1.0,0,0.539
327,4,75.0,313.0,275.0,173.0,1.0,3,0.802
328,1,674.0,333.0,55.0,93.0,1.0,0,1.0
328,2,-76.0,392.0,249.0,157.0,1.0,3,0.655
328,3,862.0,450.0,48.0,167.0,1.0,0,0.539
328,4,73.0,313.0,275.0,173.0,1.0,3,0.802
329,1,676.0,332.0,55.0,93.0,1.0,0,1.0
329,2,-79.0,392.0,249.0,157.0,1.0,3,0.644
329,3,865.0,451.0,48.0,168.0,1.0,0,0.53
329,4,70.0,313.0,275.0,173.0,1.0,3,0.802
330,1,678.0,332.0,55.0,93.0,1.0,0,1.0
330,2,-83.0,392.0,249.0,157.0,1.0,3,0.628
330,3,868.0,451.0,48.0,168.0,1.0,0,0.53
330,4,67.0,313.0,275.0,173.0,1.0,3,0.804
331,1,680.0,332.0,55.0,93.0,1.0,0,1.0
331,2,-86.0,392.0,249.0,157.0,1.0,3,0.617
331,3,870.0,451.0,48.0,168.0,1.0,0,0.53
331,4,64.0,312.0,275.0,173.0,1.0,3,0.806
332,1,683.0,332.0,55.0,93.0,1.0,0,1.0
332,2,-89.0,392.0,249.0,157.0,1.0,3,0.606
332,3,873.0,451.0,48.0,168.0,1.0,0,0.53
332,4,62.0,312.0,275.0,173.0,1.0,3,0.808
333,1,685.0,332.0,55.0,93.0,1.0,0,1.0
333,2,-92.0,392.0,249.0,157.0,1.0,3,0.594
333,3,876.0,451.0,48.0,168.0,1.0,0,0.53
333,4,59.0,312.0,275.0,173.0,1.0,3,0.808
334,1,687.0,332.0,55.0,93.0,1.0,0,1.0
334,2,-95.0,392.0,249.0,157.0,1.0,3,0.583
334,3,879.0,451.0,48.0,168.0,1.0,0,0.53
334,4,56.0,312.0,275.0,173.0,1.0,3,0.808
335,1,689.0,331.0,55.0,93.0,1.0,0,1.0
335,2,-98.0,392.0,249.0,157.0,1.0,3,0.572
335,3,882.0,451.0,48.0,168.0,1.0,0,0.53
335,4,54.0,312.0,275.0,173.0,1.0,3,0.81
336,1,691.0,331.0,56.0,94.0,1.0,0,1.0
336,2,-102.0,393.0,249.0,157.0,1.0,3,0.553
336,3,885.0,451.0,48.0,168.0,1.0,0,0.53
336,4,51.0,312.0,275.0,173.0,1.0,3,0.814
337,1,693.0,331.0,56.0,94.0,1.0,0,1.0
337,2,-105.0,393.0,249.0,157.0,1.0,3,0.541
337,3,888.0,451.0,48.0,168.0,1.0,0,0.53
337,4,48.0,312.0,275.0,173.0,1.0,3,0.814
338,1,696.0,331.0,56.0,94.0,1.0,0,1.0
338,2,-108.0,393.0,249.0,157.0,1.0,3,0.53
338,3,891.0,452.0,48.0,168.0,1.0,0,0.524
338,4,45.0,312.0,275.0,173.0,1.0,3,0.814
339,1,698.0,331.0,56.0,94.0,1.0,0,1.0
339,2,-111.0,393.0,251.0,158.0,1.0,3,0.519
339,3,894.0,452.0,49.0,169.0,1.0,0,0.521
339,4,43.0,312.0,275.0,173.0,1.0,3,0.812
340,1,700.0,331.0,56.0,94.0,1.0,0,1.0
340,2,-114.0,393.0,251.0,158.0,1.0,3,0.508
340,3,897.0,452.0,49.0,169.0,1.0,0,0.521
340,4,40.0,312.0,275.0,173.0,1.0,3,0.812
341,1,702.0,331.0,56.0,94.0,1.0,0,1.0
341,2,-117.0,393.0,251.0,158.0,1.0,3,0.497
341,3,900.0,452.0,49.0,169.0,1.0,0,0.521
341,4,37.0,312.0,275.0,173.0,1.0,3,0.812
342,1,704.0,330.0,56.0,94.0,1.0,0,1.0
342,2,-121.0,393.0,251.0,158.0,1.0,3,0.482
342,3,903.0,452.0,49.0,169.0,1.0,0,0.521
342,4,34.0,312.0,275.0,173.0,1.0,3,0.814
343,1,707.0,330.0,56.0,94.0,1.0,0,1.0
343,2,-124.0,393.0,251.0,158.0,1.0,3,0.471
343,3,906.0,452.0,49.0,169.0,1.0,0,0.521
343,4,32.0,312.0,275.0,173.0,1.0,3,0.816
344,1,709.0,330.0,56.0,94.0,1.0,0,1.0
344,2,-127.0,393.0,251.0,158.0,1.0,3,0.46
344,3,909.0,452.0,49.0,169.0,1.0,0,0.521
344,4,29.0,312.0,275.0,173.0,1.0,3,0.816
345,1,711.0,330.0,56.0,94.0,1.0,0,1.0
345,2,-130.0,393.0,251.0,158.0,1.0,3,0.449
345,3,912.0,452.0,49.0,169.0,1.0,0,0.51
345,4,26.0,311.0,275.0,173.0,1.0,3,0.818
346,1,713.0,330.0,56.0,94.0,1.0,0,1.0
346,2,-133.0,393.0,251.0,158.0,1.0,3,0.437
346,3,915.0,452.0,49.0,169.0,1.0,0,0.478
346,4,23.0,311.0,275.0,173.0,1.0,3,0.818
347,1,715.0,330.0,56.0,94.0,1.0,0,1.0
347,2,-136.0,393.0,251.0,158.0,1.0,3,0.426
347,3,918.0,453.0,49.0,169.0,1.0,0,0.441
347,4,21.0,311.0,275.0,173.0,1.0,3,0.82
348,1,718.0,330.0,56.0,94.0,1.0,0,1.0
348,2,-140.0,393.0,251.0,158.0,1.0,3,0.411
348,3,920.0,453.0,49.0,169.0,1.0,0,0.42
348,4,18.0,311.0,275.0,173.0,1.0,3,0.822
349,1,720.0,329.0,56.0,94.0,1.0,0,1.0
349,2,-143.0,393.0,251.0,158.0,1.0,3,0.4
349,3,923.0,453.0,49.0,170.0,1.0,0,0.386
349,4,15.0,311.0,275.0,173.0,1.0,3,0.822
350,1,722.0,329.0,57.0,95.0,1.0,0,1.0
350,2,-146.0,393.0,252.0,159.0,1.0,3,0.389
350,3,926.0,453.0,49.0,170.0,1.0,0,0.355
350,4,12.0,311.0,275.0,173.0,1.0,3,0.82
351,1,724.0,329.0,57.0,95.0,1.0,0,1.0
351,2,-149.0,393.0,252.0,159.0,1.0,3,0.378
351,3,929.0,453.0,49.0,170.0,1.0,0,0.324
351,4,10.0,311.0,275.0,173.0,1.0,3,0.822
352,1,726.0,329.0,57.0,95.0,1.0,0,1.0
352,2,-152.0,393.0,252.0,159.0,1.0,3,0.367
352,3,932.0,453.0,49.0,170.0,1.0,0,0.292
352,4,7.0,311.0,275.0,173.0,1.0,3,0.822
353,1,728.0,329.0,57.0,95.0,1.0,0,1.0
353,2,-155.0,393.0,252.0,159.0,1.0,3,0.356
353,3,935.0,453.0,49.0,170.0,1.0,0,0.261
353,4,4.0,311.0,275.0,173.0,1.0,3,0.822
354,1,731.0,329.0,57.0,95.0,1.0,0,1.0
354,2,-159.0,393.0,252.0,159.0,1.0,3,0.341
354,3,938.0,453.0,49.0,170.0,1.0,0,0.23
354,4,2.0,311.0,275.0,173.0,1.0,3,0.826
355,1,733.0,328.0,57.0,95.0,1.0,0,1.0
355,2,-162.0,394.0,252.0,159.0,1.0,3,0.328
355,3,941.0,453.0,49.0,170.0,1.0,0,0.198
355,4,-1.0,311.0,275.0,173.0,1.0,3,0.826
356,1,735.0,328.0,57.0,95.0,1.0,0,1.0
356,2,-165.0,394.0,252.0,159.0,1.0,3,0.317
356,3,944.0,454.0,49.0,170.0,1.0,0,0.165
356,4,-4.0,311.0,275.0,173.0,1.0,3,0.821
357,1,737.0,328.0,57.0,95.0,1.0,0,1.0
357,2,-168.0,394.0,252.0,159.0,1.0,3,0.306
357,3,947.0,454.0,49.0,170.0,1.0,0,0.134
357,4,-7.0,311.0,275.0,173.0,1.0,3,0.816
358,1,739.0,328.0,57.0,95.0,1.0,0,1.0
358,2,-171.0,394.0,252.0,159.0,1.0,3,0.295
358,3,950.0,454.0,49.0,170.0,1.0,0,0.103
358,4,-9.0,311.0,275.0,173.0,1.0,3,0.814
359,1,742.0,328.0,57.0,95.0,1.0,0,1.0
359,2,-174.0,394.0,252.0,159.0,1.0,3,0.284
359,3,953.0,454.0,49.0,170.0,1.0,0,0.072
359,4,-12.0,310.0,275.0,173.0,1.0,3,0.81
360,1,744.0,328.0,57.0,95.0,1.0,0,1.0
360,2,-177.0,394.0,254.0,160.0,1.0,3,0.277
360,3,956.0,454.0,49.0,171.0,1.0,0,0.041
360,4,-15.0,310.0,275.0,173.0,1.0,3,0.801
361,1,746.0,328.0,57.0,95.0,1.0,0,1.0
361,2,-181.0,394.0,254.0,160.0,1.0,3,0.262
361,3,959.0,454.0,49.0,171.0,1.0,0,0.01
361,4,-18.0,310.0,275.0,173.0,1.0,3,0.798
362,1,748.0,327.0,57.0,95.0,1.0,0,1.0
362,2,-184.0,394.0,254.0,160.0,1.0,3,0.251
362,4,-20.0,310.0,275.0,173.0,1.0,3,0.796
363,1,750.0,327.0,57.0,95.0,1.0,0,1.0
363,2,-187.0,394.0,254.0,160.0,1.0,3,0.241
363,4,-23.0,310.0,275.0,173.0,1.0,3,0.791
364,1,753.0,327.0,57.0,95.0,1.0,0,1.0
364,2,-190.0,394.0,254.0,160.0,1.0,3,0.23
364,4,-26.0,310.0,275.0,173.0,1.0,3,0.786
365,1,755.0,327.0,57.0,96.0,1.0,0,1.0
365,2,-193.0,394.0,254.0,160.0,1.0,3,0.219
365,4,-29.0,310.0,275.0,173.0,1.0,3,0.78
366,1,757.0,327.0,57.0,96.0,1.0,0,1.0
366,2,-196.0,394.0,254.0,160.0,1.0,3,0.208
366,4,-31.0,310.0,275.0,173.0,1.0,3,0.779
367,1,759.0,327.0,57.0,96.0,1.0,0,1.0
367,2,-200.0,394.0,254.0,160.0,1.0,3,0.194
367,4,-34.0,310.0,275.0,173.0,1.0,3,0.775
368,1,761.0,327.0,57.0,96.0,1.0,0,1.0
368,2,-203.0,394.0,254.0,160.0,1.0,3,0.183
368,4,-37.0,310.0,275.0,173.0,1.0,3,0.77
369,1,764.0,326.0,57.0,96.0,1.0,0,1.0
369,2,-206.0,394.0,254.0,160.0,1.0,3,0.172
369,4,-40.0,310.0,275.0,173.0,1.0,3,0.765
370,1,766.0,326.0,57.0,96.0,1.0,0,1.0
370,2,-209.0,394.0,254.0,160.0,1.0,3,0.162
370,4,-42.0,310.0,275.0,173.0,1.0,3,0.763
371,1,768.0,326.0,57.0,96.0,1.0,0,1.0
371,2,-212.0,394.0,256.0,161.0,1.0,3,0.156
371,4,-45.0,310.0,275.0,173.0,1.0,3,0.754
372,1,770.0,326.0,57.0,96.0,1.0,0,1.0
372,2,-215.0,394.0,256.0,161.0,1.0,3,0.145
372,4,-48.0,310.0,275.0,173.0,1.0,3,0.749
373,1,772.0,326.0,57.0,96.0,1.0,0,1.0
373,2,-219.0,395.0,256.0,161.0,1.0,3,0.13
373,4,-51.0,309.0,275.0,173.0,1.0,3,0.747
374,1,774.0,326.0,57.0,96.0,1.0,0,1.0
374,2,-222.0,395.0,256.0,161.0,1.0,3,0.12
374,4,-53.0,309.0,275.0,173.0,1.0,3,0.745
375,1,777.0,326.0,57.0,96.0,1.0,0,1.0
375,2,-225.0,395.0,256.0,161.0,1.0,3,0.109
375,4,-56.0,309.0,275.0,173.0,1.0,3,0.74
376,1,779.0,325.0,57.0,96.0,1.0,0,1.0
376,2,-228.0,395.0,256.0,161.0,1.0,3,0.099
376,4,-59.0,309.0,275.0,173.0,1.0,3,0.734
377,1,781.0,325.0,57.0,96.0,1.0,0,1.0
377,2,-231.0,395.0,256.0,161.0,1.0,3,0.088
377,4,-61.0,309.0,275.0,173.0,1.0,3,0.732
378,1,783.0,325.0,57.0,96.0,1.0,0,1.0
378,2,-234.0,395.0,256.0,161.0,1.0,3,0.077
378,4,-64.0,309.0,275.0,173.0,1.0,3,0.727
379,1,785.0,325.0,57.0,96.0,1.0,0,1.0
379,2,-238.0,395.0,256.0,161.0,1.0,3,0.063
379,4,-67.0,309.0,275.0,173.0,1.0,3,0.723
380,1,788.0,325.0,58.0,97.0,1.0,0,1.0
380,2,-241.0,395.0,256.0,161.0,1.0,3,0.053
380,4,-70.0,309.0,275.0,173.0,1.0,3,0.718
381,1,790.0,325.0,58.0,97.0,1.0,0,1.0
381,2,-244.0,395.0,256.0,161.0,1.0,3,0.042
381,4,-72.0,309.0,275.0,173.0,1.0,3,0.716
382,1,792.0,324.0,58.0,97.0,1.0,0,1.0
382,2,-247.0,395.0,257.0,162.0,1.0,3,0.035
382,4,-75.0,309.0,275.0,173.0,1.0,3,0.709
383,1,794.0,324.0,58.0,97.0,1.0,0,1.0
383,2,-250.0,395.0,257.0,162.0,1.0,3,0.024
383,4,-78.0,309.0,275.0,173.0,1.0,3,0.704
384,1,796.0,324.0,58.0,97.0,1.0,0,1.0
384,2,-253.0,395.0,257.0,162.0,1.0,3,0.014
384,4,-81.0,309.0,275.0,173.0,1.0,3,0.698
385,1,799.0,324.0,58.0,97.0,1.0,0,1.0
385,4,-83.0,309.0,275.0,173.0,1.0,3,0.698
386,1,801.0,324.0,58.0,97.0,1.0,0,1.0
386,4,-86.0,309.0,275.0,173.0,1.0,3,0.687
387,1,803.0,324.0,58.0,97.0,1.0,0,1.0
387,4,-89.0,308.0,275.0,173.0,1.0,3,0.676
388,1,805.0,324.0,58.0,97.0,1.0,0,1.0
388,4,-92.0,308.0,275.0,173.0,1.0,3,0.665
389,1,807.0,323.0,58.0,97.0,1.0,0,1.0
389,4,-94.0,308.0,275.0,173.0,1.0,3,0.658
390,1,809.0,323.0,58.0,97.0,1.0,0,1.0
390,4,-97.0,308.0,275.0,173.0,1.0,3,0.647
391,1,812.0,323.0,58.0,97.0,1.0,0,1.0
391,4,-100.0,308.0,275.0,173.0,1.0,3,0.636
392,1,814.0,323.0,58.0,97.0,1.0,0,1.0
392,4,-103.0,308.0,275.0,173.0,1.0,3,0.625
393,1,816.0,323.0,58.0,97.0,1.0,0,1.0
393,4,-105.0,308.0,275.0,173.0,1.0,3,0.618
394,1,818.0,323.0,58.0,97.0,1.0,0,1.0
394,4,-108.0,308.0,275.0,173.0,1.0,3,0.607
395,1,820.0,323.0,58.0,98.0,1.0,0,1.0
395,4,-111.0,308.0,275.0,173.0,1.0,3,0.596
396,1,823.0,322.0,58.0,98.0,1.0,0,1.0
396,4,-113.0,308.0,275.0,173.0,1.0,3,0.589
397,1,825.0,322.0,58.0,98.0,1.0,0,1.0
397,4,-116.0,308.0,275.0,173.0,1.0,3,0.578
398,1,827.0,322.0,58.0,98.0,1.0,0,1.0
398,4,-119.0,308.0,275.0,173.0,1.0,3,0.567
399,1,829.0,322.0,58.0,98.0,1.0,0,1.0
399,4,-122.0,308.0,275.0,173.0,1.0,3,0.556
400,1,831.0,322.0,58.0,98.0,1.0,0,1.0
400,4,-124.0,308.0,275.0,173.0,1.0,3,0.549
401,1,834.0,322.0,58.0,98.0,1.0,0,1.0
401,4,-127.0,307.0,275.0,173.0,1.0,3,0.538
402,1,836.0,321.0,58.0,98.0,1.0,0,1.0
402,4,-130.0,307.0,275.0,173.0,1.0,3,0.527
403,1,838.0,321.0,58.0,98.0,1.0,0,1.0
403,4,-133.0,307.0,275.0,173.0,1.0,3,0.516
404,1,840.0,321.0,58.0,98.0,1.0,0,1.0
404,4,-135.0,307.0,275.0,173.0,1.0,3,0.509
405,1,842.0,321.0,58.0,98.0,1.0,0,1.0
405,4,-138.0,307.0,275.0,173.0,1.0,3,0.498
406,1,844.0,321.0,58.0,98.0,1.0,0,1.0
406,4,-141.0,307.0,275.0,173.0,1.0,3,0.487
407,1,847.0,321.0,58.0,98.0,1.0,0,1.0
407,4,-144.0,307.0,275.0,173.0,1.0,3,0.476
408,1,849.0,321.0,58.0,98.0,1.0,0,1.0
408,4,-146.0,307.0,275.0,173.0,1.0,3,0.469
409,1,851.0,320.0,59.0,99.0,1.0,0,1.0
409,4,-149.0,307.0,275.0,173.0,1.0,3,0.458
410,1,853.0,320.0,59.0,99.0,1.0,0,1.0
410,4,-152.0,307.0,275.0,173.0,1.0,3,0.447
411,1,855.0,320.0,59.0,99.0,1.0,0,1.0
411,4,-155.0,307.0,275.0,173.0,1.0,3,0.436
412,1,858.0,320.0,59.0,99.0,1.0,0,1.0
412,4,-157.0,307.0,275.0,173.0,1.0,3,0.429
413,1,860.0,320.0,59.0,99.0,1.0,0,1.0
413,4,-160.0,307.0,275.0,173.0,1.0,3,0.418
414,1,862.0,320.0,59.0,99.0,1.0,0,1.0
414,4,-163.0,307.0,275.0,173.0,1.0,3,0.407
415,1,864.0,320.0,59.0,99.0,1.0,0,1.0
415,4,-165.0,306.0,275.0,173.0,1.0,3,0.4
416,1,866.0,319.0,59.0,99.0,1.0,0,1.0
416,4,-168.0,306.0,275.0,173.0,1.0,3,0.389
417,1,869.0,319.0,59.0,99.0,1.0,0,1.0
417,4,-171.0,306.0,275.0,173.0,1.0,3,0.378
418,1,871.0,319.0,59.0,99.0,1.0,0,1.0
418,4,-174.0,306.0,275.0,173.0,1.0,3,0.367
419,1,873.0,319.0,59.0,99.0,1.0,0,1.0
419,4,-176.0,306.0,275.0,173.0,1.0,3,0.36
420,1,875.0,319.0,59.0,99.0,1.0,0,1.0
420,4,-179.0,306.0,275.0,173.0,1.0,3,0.349
421,1,877.0,319.0,59.0,99.0,1.0,0,1.0
421,4,-182.0,306.0,275.0,173.0,1.0,3,0.338
422,1,879.0,318.0,59.0,99.0,1.0,0,1.0
422,4,-185.0,306.0,275.0,173.0,1.0,3,0.327
423,1,882.0,318.0,59.0,99.0,1.0,0,1.0
423,4,-187.0,306.0,275.0,173.0,1.0,3,0.32
424,1,884.0,318.0,60.0,100.0,1.0,0,1.0
424,4,-190.0,306.0,275.0,173.0,1.0,3,0.309
425,1,886.0,318.0,60.0,100.0,1.0,0,1.0
425,4,-193.0,306.0,275.0,173.0,1.0,3,0.298
426,1,888.0,318.0,60.0,100.0,1.0,0,1.0
426,4,-196.0,306.0,275.0,173.0,1.0,3,0.287
427,1,890.0,318.0,60.0,100.0,1.0,0,1.0
427,4,-198.0,306.0,275.0,173.0,1.0,3,0.28
428,1,893.0,318.0,60.0,100.0,1.0,0,1.0
428,4,-201.0,306.0,275.0,173.0,1.0,3,0.269
429,1,895.0,317.0,60.0,100.0,1.0,0,1.0
429,4,-204.0,305.0,275.0,173.0,1.0,3,0.258
430,1,897.0,317.0,60.0,100.0,1.0,0,1.0
430,4,-207.0,305.0,275.0,173.0,1.0,3,0.247
431,1,899.0,317.0,60.0,100.0,1.0,0,1.0
431,3,-50.0,462.0,51.0,178.0,1.0,0,0.009
431,4,-209.0,305.0,275.0,173.0,1.0,3,0.24
432,1,901.0,317.0,60.0,100.0,1.0,0,0.983
432,3,-47.0,462.0,51.0,178.0,1.0,0,0.034
432,4,-212.0,305.0,275.0,173.0,1.0,3,0.228
433,1,904.0,317.0,60.0,100.0,1.0,0,0.933
433,3,-44.0,462.0,51.0,178.0,1.0,0,0.06
433,4,-215.0,305.0,275.0,173.0,1.0,3,0.216
434,1,906.0,317.0,60.0,100.0,1.0,0,0.9
434,3,-41.0,462.0,51.0,178.0,1.0,0,0.086
434,4,-217.0,305.0,275.0,173.0,1.0,3,0.208
435,1,908.0,317.0,60.0,100.0,1.0,0,0.867
435,3,-38.0,462.0,51.0,178.0,1.0,0,0.112
435,4,-220.0,305.0,275.0,173.0,1.0,3,0.196
436,1,910.0,316.0,60.0,100.0,1.0,0,0.833
436,3,-35.0,462.0,51.0,178.0,1.0,0,0.137
436,4,-223.0,305.0,275.0,173.0,1.0,3,0.184
437,1,912.0,316.0,60.0,100.0,1.0,0,0.8
437,3,-32.0,462.0,51.0,178.0,1.0,0,0.163
437,4,-226.0,305.0,275.0,173.0,1.0,3,0.172
438,1,915.0,316.0,60.0,100.0,1.0,0,0.75
438,3,-29.0,463.0,51.0,178.0,1.0,0,0.187
438,4,-228.0,305.0,275.0,173.0,1.0,3,0.164
439,1,917.0,316.0,60.0,101.0,1.0,0,0.717
439,3,-26.0,463.0,51.0,178.0,1.0,0,0.212
439,4,-231.0,305.0,275.0,173.0,1.0,3,0.152
440,1,919.0,316.0,60.0,101.0,1.0,0,0.683
440,3,-23.0,463.0,51.0,178.0,1.0,0,0.237
440,4,-234.0,305.0,275.0,173.0,1.0,3,0.14
441,1,921.0,316.0,60.0,101.0,1.0,0,0.65
441,3,-20.0,463.0,51.0,179.0,1.0,0,0.261
441,4,-237.0,305.0,275.0,173.0,1.0,3,0.128
442,1,923.0,316.0,60.0,101.0,1.0,0,0.617
442,3,-18.0,463.0,51.0,179.0,1.0,0,0.278
442,4,-239.0,305.0,275.0,173.0,1.0,3,0.121
443,1,925.0,315.0,60.0,101.0,1.0,0,0.583
443,3,-15.0,463.0,51.0,179.0,1.0,0,0.304
443,4,-242.0,304.0,275.0,173.0,1.0,3,0.11
444,1,928.0,315.0,60.0,101.0,1.0,0,0.533
444,3,-12.0,463.0,51.0,179.0,1.0,0,0.329
444,4,-245.0,304.0,275.0,173.0,1.0,3,0.1
445,1,930.0,315.0,60.0,101.0,1.0,0,0.5
445,3,-9.0,463.0,51.0,179.0,1.0,0,0.354
445,4,-248.0,304.0,275.0,173.0,1.0,3,0.09
446,1,932.0,315.0,60.0,101.0,1.0,0,0.467
446,3,-6.0,463.0,51.0,179.0,1.0,0,0.38
446,4,-250.0,304.0,275.0,173.0,1.0,3,0.084
447,1,934.0,315.0,60.0,101.0,1.0,0,0.433
447,3,-3.0,464.0,51.0,179.0,1.0,0,0.4
447,4,-253.0,304.0,275.0,173.0,1.0,3,0.074
448,1,936.0,315.0,60.0,101.0,1.0,0,0.4
448,3,0.0,464.0,51.0,179.0,1.0,0,0.425
448,4,-256.0,304.0,275.0,173.0,1.0,3,0.064
449,1,939.0,314.0,60.0,101.0,1.0,0,0.35
449,3,3.0,464.0,51.0,179.0,1.0,0,0.425
449,4,-259.0,304.0,275.0,173.0,1.0,3,0.055
450,1,941.0,314.0,60.0,101.0,1.0,0,0.317
450,3,6.0,464.0,51.0,179.0,1.0,0,0.425
450,4,-261.0,304.0,275.0,173.0,1.0,3,0.049
