1,2,951.0,325.0,281.0,177.0,1.0,3,0.032
1,3,-19.0,348.0,41.0,107.0,1.0,0,0.537
2,2,948.0,325.0,281.0,177.0,1.0,3,0.043
2,3,-16.0,348.0,41.0,107.0,1.0,0,0.61
3,2,944.0,325.0,281.0,177.0,1.0,3,0.057
3,3,-13.0,348.0,41.0,107.0,1.0,0,0.683
4,2,941.0,324.0,281.0,177.0,1.0,3,0.068
4,3,-10.0,349.0,41.0,107.0,1.0,0,0.756
5,2,938.0,324.0,281.0,177.0,1.0,3,0.078
5,3,-7.0,349.0,41.0,107.0,1.0,0,0.829
6,2,934.0,324.0,281.0,177.0,1.0,3,0.093
6,3,-4.0,349.0,41.0,107.0,1.0,0,0.902
7,2,931.0,324.0,281.0,177.0,1.0,3,0.103
7,3,0.0,349.0,41.0,107.0,1.0,0,1.0
8,2,928.0,324.0,281.0,177.0,1.0,3,0.114
8,3,3.0,349.0,41.0,107.0,1.0,0,1.0
9,2,925.0,324.0,281.0,177.0,1.0,3,0.125
9,3,6.0,349.0,41.0,107.0,1.0,0,1.0
10,2,921.0,323.0,281.0,177.0,1.0,3,0.139
10,3,9.0,349.0,41.0,107.0,1.0,0,1.0
11,1,-51.0,327.0,52.0,137.0,1.0,0,0.019
11,2,918.0,323.0,281.0,177.0,1.0,3,0.149
11,3,12.0,349.0,41.0,107.0,1.0,0,1.0
12,1,-48.0,326.0,52.0,137.0,1.0,0,0.077
12,2,915.0,323.0,281.0,177.0,1.0,3,0.16
12,3,15.0,349.0,41.0,107.0,1.0,0,1.0
13,1,-46.0,326.0,52.0,137.0,1.0,0,0.115
13,2,911.0,323.0,281.0,177.0,1.0,3,0.174
13,3,19.0,349.0,41.0,107.0,1.0,0,1.0
14,1,-44.0,326.0,52.0,137.0,1.0,0,0.154
14,2,908.0,323.0,281.0,177.0,1.0,3,0.185
14,3,22.0,350.0,41.0,107.0,1.0,0,1.0
15,1,-42.0,326.0,52.0,137.0,1.0,0,0.192
15,2,905.0,322.0,281.0,177.0,1.0,3,0.196
15,3,25.0,350.0,41.0,107.0,1.0,0,1.0
16,1,-40.0,325.0,52.0,137.0,1.0,0,0.231
16,2,901.0,322.0,281.0,177.0,1.0,3,0.21
16,3,28.0,350.0,41.0,107.0,1.0,0,1.0
17,1,-37.0,325.0,52.0,137.0,1.0,0,0.288
17,2,898.0,322.0,281.0,177.0,1.0,3,0.221
17,3,31.0,350.0,41.0,107.0,1.0,0,1.0
18,1,-35.0,325.0,52.0,137.0,1.0,0,0.327
18,2,895.0,322.0,281.0,177.0,1.0,3,0.231
18,3,34.0,350.0,41.0,107.0,1.0,0,1.0
19,1,-33.0,325.0,52.0,137.0,1.0,0,0.365
19,2,891.0,322.0,281.0,177.0,1.0,3,0.246
19,3,38.0,350.0,41.0,107.0,1.0,0,1.0
20,1,-31.0,325.0,52.0,137.0,1.0,0,0.404
20,2,888.0,322.0,281.0,177.0,1.0,3,0.256
20,3,41.0,350.0,41.0,107.0,1.0,0,1.0
21,1,-29.0,324.0,52.0,137.0,1.0,0,0.442
21,2,885.0,321.0,281.0,177.0,1.0,3,0.267
21,3,44.0,350.0,41.0,107.0,1.0,0,1.0
22,1,-26.0,324.0,52.0,137.0,1.0,0,0.5
22,2,882.0,321.0,281.0,177.0,1.0,3,0.278
22,3,47.0,350.0,41.0,107.0,1.0,0,1.0
23,1,-24.0,324.0,52.0,137.0,1.0,0,0.538
23,2,878.0,321.0,281.0,177.0,1.0,3,0.292
23,3,50.0,350.0,41.0,107.0,1.0,0,1.0
24,1,-22.0,324.0,52.0,137.0,1.0,0,0.577
24,2,875.0,321.0,281.0,177.0,1.0,3,0.302
24,3,53.0,351.0,41.0,107.0,1.0,0,1.0
25,1,-20.0,323.0,52.0,137.0,1.0,0,0.615
25,2,872.0,321.0,281.0,177.0,1.0,3,0.313
25,3,57.0,351.0,41.0,107.0,1.0,0,1.0
26,1,-18.0,323.0,52.0,137.0,1.0,0,0.654
26,2,868.0,321.0,281.0,177.0,1.0,3,0.327
26,3,60.0,351.0,41.0,107.0,1.0,0,1.0
27,1,-15.0,323.0,52.0,137.0,1.0,0,0.712
27,2,865.0,320.0,281.0,177.0,1.0,3,0.338
27,3,63.0,351.0,41.0,107.0,1.0,0,1.0
28,1,-13.0,323.0,53.0,138.0,1.0,0,0.755
28,2,862.0,320.0,279.0,176.0,1.0,3,0.351
28,3,66.0,351.0,41.0,107.0,1.0,0,1.0
29,1,-11.0,323.0,53.0,138.0,1.0,0,0.792
29,2,858.0,320.0,279.0,176.0,1.0,3,0.366
29,3,69.0,351.0,41.0,107.0,1.0,0,1.0
30,1,-9.0,322.0,53.0,138.0,1.0,0,0.83
30,2,855.0,320.0,279.0,176.0,1.0,3,0.376
30,3,72.0,351.0,41.0,107.0,1.0,0,1.0
31,1,-6.0,322.0,53.0,138.0,1.0,0,0.887
31,2,852.0,320.0,279.0,176.0,1.0,3,0.387
31,3,76.0,351.0,41.0,107.0,1.0,0,1.0
32,1,-4.0,322.0,53.0,138.0,1.0,0,0.925
32,2,848.0,319.0,279.0,176.0,1.0,3,0.401
32,3,79.0,351.0,41.0,107.0,1.0,0,1.0
33,1,-2.0,322.0,53.0,138.0,1.0,0,0.962
33,2,845.0,319.0,279.0,176.0,1.0,3,0.412
33,3,82.0,351.0,41.0,107.0,1.0,0,1.0
34,1,0.0,321.0,53.0,138.0,1.0,0,1.0
34,2,842.0,319.0,279.0,176.0,1.0,3,0.423
34,3,85.0,351.0,41.0,107.0,1.0,0,1.0
35,1,2.0,321.0,53.0,138.0,1.0,0,1.0
35,2,838.0,319.0,279.0,176.0,1.0,3,0.437
35,3,88.0,352.0,40.0,106.0,1.0,0,1.0
36,1,5.0,321.0,53.0,138.0,1.0,0,1.0
36,2,835.0,319.0,279.0,176.0,1.0,3,0.448
36,3,91.0,352.0,40.0,106.0,1.0,0,1.0
37,1,7.0,321.0,53.0,138.0,1.0,0,1.0
37,2,832.0,319.0,279.0,176.0,1.0,3,0.459
37,3,95.0,352.0,40.0,106.0,1.0,0,1.0
38,1,9.0,321.0,53.0,138.0,1.0,0,1.0
38,2,829.0,318.0,279.0,176.0,1.0,3,0.47
38,3,98.0,352.0,40.0,106.0,1.0,0,1.0
39,1,11.0,320.0,53.0,138.0,1.0,0,1.0
39,2,825.0,318.0,279.0,176.0,1.0,3,0.484
39,3,101.0,352.0,40.0,106.0,1.0,0,1.0
40,1,13.0,320.0,53.0,138.0,1.0,0,1.0
40,2,822.0,318.0,279.0,176.0,1.0,3,0.495
40,3,104.0,352.0,40.0,106.0,1.0,0,1.0
41,1,16.0,320.0,53.0,138.0,1.0,0,1.0
41,2,819.0,318.0,279.0,176.0,1.0,3,0.505
41,3,107.0,352.0,40.0,106.0,1.0,0,1.0
42,1,18.0,320.0,53.0,138.0,1.0,0,1.0
42,2,815.0,318.0,279.0,176.0,1.0,3,0.52
42,3,110.0,352.0,40.0,106.0,1.0,0,1.0
43,1,20.0,320.0,53.0,138.0,1.0,0,1.0
43,2,812.0,318.0,279.0,176.0,1.0,3,0.53
43,3,114.0,352.0,40.0,106.0,1.0,0,1.0
44,1,22.0,319.0,53.0,138.0,1.0,0,1.0
44,2,809.0,317.0,279.0,176.0,1.0,3,0.541
44,3,117.0,352.0,40.0,106.0,1.0,0,1.0
45,1,24.0,319.0,53.0,138.0,1.0,0,1.0
45,2,805.0,317.0,279.0,176.0,1.0,3,0.556
45,3,120.0,353.0,40.0,106.0,1.0,0,1.0
46,1,27.0,319.0,53.0,138.0,1.0,0,1.0
46,2,802.0,317.0,279.0,176.0,1.0,3,0.566
46,3,123.0,353.0,40.0,106.0,1.0,0,1.0
47,1,29.0,319.0,53.0,138.0,1.0,0,1.0
47,2,799.0,317.0,279.0,176.0,1.0,3,0.577
47,3,126.0,353.0,40.0,106.0,1.0,0,1.0
48,1,31.0,318.0,53.0,139.0,1.0,0,1.0
48,2,795.0,317.0,279.0,176.0,1.0,3,0.591
48,3,129.0,353.0,40.0,106.0,1.0,0,1.0
49,1,33.0,318.0,53.0,139.0,1.0,0,1.0
49,2,792.0,317.0,279.0,176.0,1.0,3,0.602
49,3,132.0,353.0,40.0,106.0,1.0,0,1.0
50,1,35.0,318.0,53.0,139.0,1.0,0,1.0
50,2,789.0,316.0,279.0,176.0,1.0,3,0.613
50,3,136.0,353.0,40.0,106.0,1.0,0,1.0
51,1,38.0,318.0,53.0,139.0,1.0,0,1.0
51,2,786.0,316.0,279.0,176.0,1.0,3,0.624
51,3,139.0,353.0,40.0,106.0,1.0,0,1.0
52,1,40.0,318.0,53.0,139.0,1.0,0,1.0
52,2,782.0,316.0,279.0,176.0,1.0,3,0.638
52,3,142.0,353.0,40.0,106.0,1.0,0,1.0
53,1,42.0,317.0,53.0,139.0,1.0,0,1.0
53,2,779.0,316.0,279.0,176.0,1.0,3,0.649
53,3,145.0,353.0,40.0,106.0,1.0,0,1.0
54,1,44.0,317.0,53.0,139.0,1.0,0,1.0
54,2,776.0,316.0,279.0,176.0,1.0,3,0.659
54,3,148.0,353.0,40.0,106.0,1.0,0,1.0
55,1,47.0,317.0,53.0,139.0,1.0,0,1.0
55,2,772.0,315.0,279.0,176.0,1.0,3,0.674
55,3,151.0,354.0,40.0,106.0,1.0,0,1.0
56,1,49.0,317.0,53.0,139.0,1.0,0,1.0
56,2,769.0,315.0,279.0,176.0,1.0,3,0.685
56,3,155.0,354.0,40.0,106.0,1.0,0,1.0
57,1,51.0,316.0,53.0,139.0,1.0,0,1.0
57,2,766.0,315.0,279.0,176.0,1.0,3,0.695
57,3,158.0,354.0,40.0,106.0,1.0,0,1.0
58,1,53.0,316.0,53.0,139.0,1.0,0,1.0
58,2,762.0,315.0,279.0,176.0,1.0,3,0.71
58,3,161.0,354.0,40.0,106.0,1.0,0,1.0
59,1,55.0,316.0,53.0,139.0,1.0,0,1.0
59,2,759.0,315.0,278.0,175.0,1.0,3,0.723
59,3,164.0,354.0,40.0,106.0,1.0,0,1.0
60,1,58.0,316.0,53.0,139.0,1.0,0,1.0
60,2,756.0,315.0,278.0,175.0,1.0,3,0.734
60,3,167.0,354.0,40.0,106.0,1.0,0,1.0
61,1,60.0,316.0,53.0,139.0,1.0,0,1.0
61,2,752.0,314.0,278.0,175.0,1.0,3,0.748
61,3,170.0,354.0,40.0,106.0,1.0,0,1.0
62,1,62.0,315.0,53.0,139.0,1.0,0,1.0
62,2,749.0,314.0,278.0,175.0,1.0,3,0.759
62,3,174.0,354.0,40.0,106.0,1.0,0,1.0
63,1,64.0,315.0,53.0,139.0,1.0,0,1.0
63,2,746.0,314.0,278.0,175.0,1.0,3,0.77
63,3,177.0,354.0,40.0,106.0,1.0,0,1.0
64,1,66.0,315.0,53.0,139.0,1.0,0,1.0
64,2,743.0,314.0,278.0,175.0,1.0,3,0.781
64,3,180.0,354.0,40.0,106.0,1.0,0,1.0
65,1,69.0,315.0,53.0,139.0,1.0,0,1.0
65,2,739.0,314.0,278.0,175.0,1.0,3,0.795
65,3,183.0,354.0,40.0,106.0,1.0,0,1.0
66,1,71.0,314.0,53.0,139.0,1.0,0,1.0
66,2,736.0,314.0,278.0,175.0,1.0,3,0.806
66,3,186.0,355.0,40.0,106.0,1.0,0,1.0
67,1,73.0,314.0,53.0,139.0,1.0,0,1.0
67,2,733.0,313.0,278.0,175.0,1.0,3,0.817
67,3,189.0,355.0,40.0,106.0,1.0,0,1.0
68,1,75.0,314.0,53.0,140.0,1.0,0,1.0
68,2,729.0,313.0,278.0,175.0,1.0,3,0.831
68,3,193.0,355.0,40.0,106.0,1.0,0,1.0
69,1,77.0,314.0,53.0,140.0,1.0,0,1.0
69,2,726.0,313.0,278.0,175.0,1.0,3,0.842
69,3,196.0,355.0,40.0,106.0,1.0,0,1.0
70,1,80.0,314.0,53.0,140.0,1.0,0,1.0
70,2,723.0,313.0,278.0,175.0,1.0,3,0.853
70,3,199.0,355.0,40.0,106.0,1.0,0,1.0
71,1,82.0,313.0,53.0,140.0,1.0,0,1.0
71,2,719.0,313.0,278.0,175.0,1.0,3,0.867
71,3,202.0,355.0,40.0,106.0,1.0,0,1.0
72,1,84.0,313.0,53.0,140.0,1.0,0,1.0
72,2,716.0,312.0,278.0,175.0,1.0,3,0.878
72,3,205.0,355.0,40.0,106.0,1.0,0,1.0
73,1,86.0,313.0,53.0,140.0,1.0,0,1.0
73,2,713.0,312.0,278.0,175.0,1.0,3,0.888
73,3,208.0,355.0,40.0,106.0,1.0,0,1.0
74,1,88.0,313.0,53.0,140.0,1.0,0,1.0
74,2,709.0,312.0,278.0,175.0,1.0,3,0.903
74,3,212.0,355.0,40.0,106.0,1.0,0,1.0
75,1,91.0,312.0,53.0,140.0,1.0,0,1.0
75,2,706.0,312.0,278.0,175.0,1.0,3,0.914
75,3,215.0,355.0,40.0,106.0,1.0,0,1.0
76,1,93.0,312.0,53.0,140.0,1.0,0,1.0
76,2,703.0,312.0,278.0,175.0,1.0,3,0.924
76,3,218.0,356.0,40.0,106.0,1.0,0,1.0
77,1,95.0,312.0,53.0,140.0,1.0,0,1.0
77,2,700.0,312.0,278.0,175.0,1.0,3,0.935
77,3,221.0,356.0,40.0,106.0,1.0,0,1.0
78,1,97.0,312.0,53.0,140.0,1.0,0,1.0
78,2,696.0,311.0,278.0,175.0,1.0,3,0.95
78,3,224.0,356.0,40.0,106.0,1.0,0,1.0
79,1,100.0,312.0,53.0,140.0,1.0,0,1.0
79,2,693.0,311.0,278.0,175.0,1.0,3,0.96
79,3,227.0,356.0,40.0,106.0,1.0,0,1.0
80,1,102.0,311.0,53.0,140.0,1.0,0,1.0
80,2,690.0,311.0,278.0,175.0,1.0,3,0.971
80,3,231.0,356.0,40.0,106.0,1.0,0,1.0
81,1,104.0,311.0,53.0,140.0,1.0,0,1.0
81,2,686.0,311.0,278.0,175.0,1.0,3,0.986
81,3,234.0,356.0,40.0,106.0,1.0,0,1.0
82,1,106.0,311.0,53.0,140.0,1.0,0,1.0
82,2,683.0,311.0,278.0,175.0,1.0,3,0.996
82,3,237.0,356.0,40.0,106.0,1.0,0,1.0
83,1,108.0,311.0,53.0,140.0,1.0,0,1.0
83,2,680.0,311.0,278.0,175.0,1.0,3,1.0
83,3,240.0,356.0,40.0,106.0,1.0,0,1.0
84,1,111.0,310.0,53.0,140.0,1.0,0,1.0
84,2,676.0,310.0,278.0,175.0,1.0,3,1.0
84,3,243.0,356.0,40.0,106.0,1.0,0,1.0
85,1,113.0,310.0,53.0,140.0,1.0,0,1.0
85,2,673.0,310.0,278.0,175.0,1.0,3,1.0
85,3,246.0,356.0,40.0,106.0,1.0,0,1.0
86,1,115.0,310.0,53.0,140.0,1.0,0,1.0
86,2,670.0,310.0,278.0,175.0,1.0,3,1.0
86,3,250.0,356.0,40.0,106.0,1.0,0,1.0
87,1,117.0,310.0,53.0,140.0,1.0,0,1.0
87,2,666.0,310.0,278.0,175.0,1.0,3,1.0
87,3,253.0,357.0,40.0,106.0,1.0,0,1.0
88,1,119.0,310.0,54.0,141.0,1.0,0,1.0
88,2,663.0,310.0,278.0,175.0,1.0,3,1.0
88,3,256.0,357.0,40.0,106.0,1.0,0,1.0
89,1,122.0,309.0,54.0,141.0,1.0,0,1.0
89,2,660.0,310.0,276.0,174.0,1.0,3,1.0
89,3,259.0,357.0,40.0,106.0,1.0,0,1.0
90,1,124.0,309.0,54.0,141.0,1.0,0,1.0
90,2,657.0,309.0,276.0,174.0,1.0,3,1.0
90,3,262.0,357.0,40.0,106.0,1.0,0,1.0
91,1,126.0,309.0,54.0,141.0,1.0,0,1.0
91,2,653.0,309.0,276.0,174.0,1.0,3,1.0
91,3,265.0,357.0,40.0,106.0,1.0,0,1.0
92,1,128.0,309.0,54.0,141.0,1.0,0,1.0
92,2,650.0,309.0,276.0,174.0,1.0,3,1.0
92,3,268.0,357.0,40.0,106.0,1.0,0,1.0
93,1,130.0,308.0,54.0,141.0,1.0,0,1.0
93,2,647.0,309.0,276.0,174.0,1.0,3,1.0
93,3,272.0,357.0,40.0,106.0,1.0,0,1.0
94,1,133.0,308.0,54.0,141.0,1.0,0,1.0
94,2,643.0,309.0,276.0,174.0,1.0,3,1.0
94,3,275.0,357.0,40.0,106.0,1.0,0,1.0
95,1,135.0,308.0,54.0,141.0,1.0,0,1.0
95,2,640.0,308.0,276.0,174.0,1.0,3,1.0
95,3,278.0,357.0,40.0,106.0,1.0,0,1.0
96,1,137.0,308.0,54.0,141.0,1.0,0,1.0
96,2,637.0,308.0,276.0,174.0,1.0,3,1.0
96,3,281.0,357.0,40.0,106.0,1.0,0,1.0
97,1,139.0,308.0,54.0,141.0,1.0,0,1.0
97,2,633.0,308.0,276.0,174.0,1.0,3,1.0
97,3,284.0,358.0,40.0,106.0,1.0,0,1.0
98,1,141.0,307.0,54.0,141.0,1.0,0,1.0
98,2,630.0,308.0,276.0,174.0,1.0,3,1.0
98,3,287.0,358.0,40.0,106.0,1.0,0,1.0
99,1,144.0,307.0,54.0,141.0,1.0,0,1.0
99,2,627.0,308.0,276.0,174.0,1.0,3,1.0
99,3,291.0,358.0,40.0,106.0,1.0,0,1.0
100,1,146.0,307.0,54.0,141.0,1.0,0,1.0
100,2,623.0,308.0,276.0,174.0,1.0,3,1.0
100,3,294.0,358.0,40.0,106.0,1.0,0,1.0
101,1,148.0,307.0,54.0,141.0,1.0,0,1.0
101,2,620.0,307.0,276.0,174.0,1.0,3,1.0
101,3,297.0,358.0,40.0,106.0,1.0,0,1.0
102,1,150.0,306.0,54.0,141.0,1.0,0,1.0
102,2,617.0,307.0,276.0,174.0,1.0,3,1.0
102,3,300.0,358.0,40.0,106.0,1.0,0,1.0
103,1,153.0,306.0,54.0,141.0,1.0,0,1.0
103,2,614.0,307.0,276.0,174.0,1.0,3,1.0
103,3,303.0,358.0,40.0,106.0,1.0,0,1.0
104,1,155.0,306.0,54.0,141.0,1.0,0,1.0
104,2,610.0,307.0,276.0,174.0,1.0,3,1.0
104,3,306.0,358.0,40.0,105.0,1.0,0,1.0
105,1,157.0,306.0,54.0,141.0,1.0,0,1.0
105,2,607.0,307.0,276.0,174.0,1.0,3,1.0
105,3,310.0,358.0,40.0,105.0,1.0,0,1.0
106,1,159.0,306.0,54.0,141.0,1.0,0,1.0
106,2,604.0,307.0,276.0,174.0,1.0,3,1.0
106,3,313.0,358.0,40.0,105.0,1.0,0,1.0
107,1,161.0,305.0,54.0,141.0,1.0,0,1.0
107,2,600.0,306.0,276.0,174.0,1.0,3,1.0
107,3,316.0,359.0,40.0,105.0,1.0,0,1.0
108,1,164.0,305.0,54.0,142.0,1.0,0,1.0
108,2,597.0,306.0,276.0,174.0,1.0,3,1.0
108,3,319.0,359.0,40.0,105.0,1.0,0,1.0
109,1,166.0,305.0,54.0,142.0,1.0,0,1.0
109,2,594.0,306.0,276.0,174.0,1.0,3,1.0
109,3,322.0,359.0,40.0,105.0,1.0,0,1.0
110,1,168.0,305.0,54.0,142.0,1.0,0,1.0
110,2,590.0,306.0,276.0,174.0,1.0,3,1.0
110,3,325.0,359.0,40.0,105.0,1.0,0,1.0
111,1,170.0,304.0,54.0,142.0,1.0,0,1.0
111,2,587.0,306.0,276.0,174.0,1.0,3,1.0
111,3,329.0,359.0,40.0,105.0,1.0,0,1.0
112,1,172.0,304.0,54.0,142.0,1.0,0,1.0
112,2,584.0,305.0,276.0,174.0,1.0,3,1.0
112,3,332.0,359.0,40.0,105.0,1.0,0,1.0
113,1,175.0,304.0,54.0,142.0,1.0,0,1.0
113,2,580.0,305.0,276.0,174.0,1.0,3,1.0
113,3,335.0,359.0,40.0,105.0,1.0,0,1.0
114,1,177.0,304.0,54.0,142.0,1.0,0,1.0
114,2,577.0,305.0,276.0,174.0,1.0,3,1.0
114,3,338.0,359.0,40.0,105.0,1.0,0,1.0
115,1,179.0,304.0,54.0,142.0,1.0,0,1.0
115,2,574.0,305.0,276.0,174.0,1.0,3,1.0
115,3,341.0,359.0,40.0,105.0,1.0,0,1.0
116,1,181.0,303.0,54.0,142.0,1.0,0,1.0
116,2,571.0,305.0,276.0,174.0,1.0,3,1.0
116,3,344.0,359.0,40.0,105.0,1.0,0,1.0
117,1,183.0,303.0,54.0,142.0,1.0,0,1.0
117,2,567.0,305.0,276.0,174.0,1.0,3,1.0
117,3,348.0,359.0,40.0,105.0,1.0,0,1.0
118,1,186.0,303.0,54.0,142.0,1.0,0,1.0
118,2,564.0,304.0,276.0,174.0,1.0,3,1.0
118,3,351.0,360.0,40.0,105.0,1.0,0,1.0
119,1,188.0,303.0,54.0,142.0,1.0,0,1.0
119,2,561.0,304.0,276.0,174.0,1.0,3,1.0
119,3,354.0,360.0,40.0,105.0,1.0,0,1.0
120,1,190.0,302.0,54.0,142.0,1.0,0,1.0
120,2,557.0,304.0,275.0,173.0,1.0,3,1.0
120,3,357.0,360.0,40.0,105.0,1.0,0,1.0
121,1,192.0,302.0,54.0,142.0,1.0,0,1.0
121,2,554.0,304.0,275.0,173.0,1.0,3,1.0
121,3,360.0,360.0,40.0,105.0,1.0,0,1.0
122,1,194.0,302.0,54.0,142.0,1.0,0,1.0
122,2,551.0,304.0,275.0,173.0,1.0,3,1.0
122,3,363.0,360.0,40.0,105.0,1.0,0,1.0
123,1,197.0,302.0,54.0,142.0,1.0,0,1.0
123,2,547.0,304.0,275.0,173.0,1.0,3,1.0
123,3,367.0,360.0,40.0,105.0,1.0,0,1.0
124,1,199.0,302.0,54.0,142.0,1.0,0,1.0
124,2,544.0,303.0,275.0,173.0,1.0,3,1.0
124,3,370.0,360.0,40.0,105.0,1.0,0,1.0
125,1,201.0,301.0,54.0,142.0,1.0,0,1.0
125,2,541.0,303.0,275.0,173.0,1.0,3,1.0
125,3,373.0,360.0,40.0,105.0,1.0,0,1.0
126,1,203.0,301.0,54.0,142.0,1.0,0,1.0
126,2,537.0,303.0,275.0,173.0,1.0,3,1.0
126,3,376.0,360.0,40.0,105.0,1.0,0,1.0
127,1,206.0,301.0,54.0,143.0,1.0,0,1.0
127,2,534.0,303.0,275.0,173.0,1.0,3,1.0
127,3,379.0,360.0,40.0,105.0,1.0,0,1.0
128,1,208.0,301.0,54.0,143.0,1.0,0,1.0
128,2,531.0,303.0,275.0,173.0,1.0,3,1.0
128,3,382.0,361.0,40.0,105.0,1.0,0,1.0
129,1,210.0,301.0,54.0,143.0,1.0,0,1.0
129,2,527.0,303.0,275.0,173.0,1.0,3,1.0
129,3,386.0,361.0,40.0,105.0,1.0,0,1.0
130,1,212.0,300.0,54.0,143.0,1.0,0,1.0
130,2,524.0,302.0,275.0,173.0,1.0,3,1.0
130,3,389.0,361.0,40.0,105.0,1.0,0,1.0
131,1,214.0,300.0,54.0,143.0,1.0,0,1.0
131,2,521.0,302.0,275.0,173.0,1.0,3,1.0
131,3,392.0,361.0,40.0,105.0,1.0,0,1.0
132,1,217.0,300.0,54.0,143.0,1.0,0,1.0
132,2,518.0,302.0,275.0,173.0,1.0,3,1.0
132,3,395.0,361.0,40.0,105.0,1.0,0,1.0
133,1,219.0,300.0,54.0,143.0,1.0,0,1.0
133,2,514.0,302.0,275.0,173.0,1.0,3,1.0
133,3,398.0,361.0,40.0,105.0,1.0,0,1.0
134,1,221.0,299.0,54.0,143.0,1.0,0,1.0
134,2,511.0,302.0,275.0,173.0,1.0,3,1.0
134,3,401.0,361.0,40.0,105.0,1.0,0,1.0
135,1,223.0,299.0,54.0,143.0,1.0,0,1.0
135,2,508.0,301.0,275.0,173.0,1.0,3,1.0
135,3,404.0,361.0,40.0,105.0,1.0,0,1.0
136,1,225.0,299.0,54.0,143.0,1.0,0,1.0
136,2,504.0,301.0,275.0,173.0,1.0,3,1.0
136,3,408.0,361.0,40.0,105.0,1.0,0,1.0
137,1,228.0,299.0,54.0,143.0,1.0,0,1.0
137,2,501.0,301.0,275.0,173.0,1.0,3,1.0
137,3,411.0,361.0,40.0,105.0,1.0,0,1.0
138,1,230.0,299.0,54.0,143.0,1.0,0,1.0
138,2,498.0,301.0,275.0,173.0,1.0,3,1.0
138,3,414.0,362.0,40.0,105.0,1.0,0,1.0
139,1,232.0,298.0,54.0,143.0,1.0,0,1.0
139,2,494.0,301.0,275.0,173.0,1.0,3,1.0
139,3,417.0,362.0,40.0,105.0,1.0,0,1.0
140,1,234.0,298.0,54.0,143.0,1.0,0,1.0
140,2,491.0,301.0,275.0,173.0,1.0,3,1.0
140,3,420.0,362.0,40.0,105.0,1.0,0,1.0
141,1,236.0,298.0,54.0,143.0,1.0,0,1.0
141,2,488.0,300.0,275.0,173.0,1.0,3,1.0
141,3,423.0,362.0,40.0,105.0,1.0,0,1.0
142,1,239.0,298.0,54.0,143.0,1.0,0,1.0
142,2,484.0,300.0,275.0,173.0,1.0,3,1.0
142,3,427.0,362.0,40.0,105.0,1.0,0,1.0
143,1,241.0,297.0,54.0,143.0,1.0,0,1.0
143,2,481.0,300.0,275.0,173.0,1.0,3,1.0
143,3,430.0,362.0,40.0,105.0,1.0,0,1.0
144,1,243.0,297.0,54.0,143.0,1.0,0,1.0
144,2,478.0,300.0,275.0,173.0,1.0,3,1.0
144,3,433.0,362.0,40.0,105.0,1.0,0,1.0
145,1,245.0,297.0,54.0,143.0,1.0,0,1.0
145,2,475.0,300.0,275.0,173.0,1.0,3,0.998
145,3,436.0,362.0,40.0,105.0,1.0,0,1.0
146,1,247.0,297.0,54.0,143.0,1.0,0,1.0
146,2,471.0,300.0,275.0,173.0,1.0,3,0.982
146,3,439.0,362.0,40.0,105.0,1.0,0,1.0
147,1,250.0,297.0,55.0,144.0,1.0,0,1.0
147,2,468.0,299.0,275.0,173.0,1.0,3,0.969
147,3,442.0,362.0,40.0,105.0,1.0,0,1.0
148,1,252.0,296.0,55.0,144.0,1.0,0,1.0
148,2,465.0,299.0,275.0,173.0,1.0,3,0.954
148,3,446.0,362.0,40.0,105.0,1.0,0,1.0
149,1,254.0,296.0,55.0,144.0,1.0,0,1.0
149,2,461.0,299.0,275.0,173.0,1.0,3,0.938
149,3,449.0,363.0,40.0,105.0,1.0,0,1.0
150,1,256.0,296.0,55.0,144.0,1.0,0,1.0
150,2,458.0,299.0,275.0,173.0,1.0,3,0.925
150,3,452.0,363.0,40.0,105.0,1.0,0,1.0
151,1,258.0,296.0,55.0,144.0,1.0,0,1.0
151,2,455.0,299.0,273.0,172.0,1.0,3,0.911
151,3,455.0,363.0,40.0,105.0,1.0,0,1.0
152,1,261.0,295.0,55.0,144.0,1.0,0,1.0
152,2,451.0,298.0,273.0,172.0,1.0,3,0.911
152,3,458.0,363.0,40.0,105.0,1.0,0,1.0
153,1,263.0,295.0,55.0,144.0,1.0,0,1.0
153,2,448.0,298.0,273.0,172.0,1.0,3,0.911
153,3,461.0,363.0,40.0,105.0,1.0,0,1.0
154,1,265.0,295.0,55.0,144.0,1.0,0,1.0
154,2,445.0,298.0,273.0,172.0,1.0,3,0.911
154,3,465.0,363.0,40.0,105.0,1.0,0,1.0
155,1,267.0,295.0,55.0,144.0,1.0,0,1.0
155,2,441.0,298.0,273.0,172.0,1.0,3,0.911
155,3,468.0,363.0,40.0,105.0,1.0,0,1.0
156,1,270.0,295.0,55.0,144.0,1.0,0,1.0
156,2,438.0,298.0,273.0,172.0,1.0,3,0.911
156,3,471.0,363.0,40.0,105.0,1.0,0,1.0
157,1,272.0,294.0,55.0,144.0,1.0,0,1.0
157,2,435.0,298.0,273.0,172.0,1.0,3,0.911
157,3,474.0,363.0,40.0,105.0,1.0,0,1.0
158,1,274.0,294.0,55.0,144.0,1.0,0,1.0
158,2,432.0,297.0,273.0,172.0,1.0,3,0.911
158,3,477.0,363.0,40.0,105.0,1.0,0,1.0
159,1,276.0,294.0,55.0,144.0,1.0,0,1.0
159,2,428.0,297.0,273.0,172.0,1.0,3,0.911
159,3,480.0,364.0,40.0,105.0,1.0,0,1.0
160,1,278.0,294.0,55.0,144.0,1.0,0,1.0
160,2,425.0,297.0,273.0,172.0,1.0,3,0.911
160,3,484.0,364.0,40.0,105.0,1.0,0,1.0
161,1,281.0,293.0,55.0,144.0,1.0,0,1.0
161,2,422.0,297.0,273.0,172.0,1.0,3,0.911
161,3,487.0,364.0,40.0,105.0,1.0,0,1.0
162,1,283.0,293.0,55.0,144.0,1.0,0,1.0
162,2,418.0,297.0,273.0,172.0,1.0,3,0.911
162,3,490.0,364.0,40.0,105.0,1.0,0,1.0
163,1,285.0,293.0,55.0,144.0,1.0,0,1.0
163,2,415.0,297.0,273.0,172.0,1.0,3,0.911
163,3,493.0,364.0,40.0,105.0,1.0,0,1.0
164,1,287.0,293.0,55.0,144.0,1.0,0,1.0
164,2,412.0,296.0,273.0,172.0,1.0,3,0.911
164,3,496.0,364.0,40.0,105.0,1.0,0,1.0
165,1,289.0,293.0,55.0,144.0,1.0,0,1.0
165,2,408.0,296.0,273.0,172.0,1.0,3,0.911
165,3,499.0,364.0,40.0,105.0,1.0,0,1.0
166,1,292.0,292.0,55.0,144.0,1.0,0,1.0
166,2,405.0,296.0,273.0,172.0,1.0,3,0.911
166,3,503.0,364.0,40.0,105.0,1.0,0,1.0
167,1,294.0,292.0,55.0,145.0,1.0,0,1.0
167,2,402.0,296.0,273.0,172.0,1.0,3,0.911
167,3,506.0,364.0,40.0,105.0,1.0,0,1.0
168,1,296.0,292.0,55.0,145.0,1.0,0,1.0
168,2,398.0,296.0,273.0,172.0,1.0,3,0.911
168,3,509.0,364.0,40.0,105.0,1.0,0,1.0
169,1,298.0,292.0,55.0,145.0,1.0,0,1.0
169,2,395.0,295.0,273.0,172.0,1.0,3,0.913
169,3,512.0,365.0,40.0,105.0,1.0,0,1.0
170,1,300.0,291.0,55.0,145.0,1.0,0,1.0
170,2,392.0,295.0,273.0,172.0,1.0,3,0.913
170,3,515.0,365.0,40.0,105.0,1.0,0,1.0
171,1,303.0,291.0,55.0,145.0,1.0,0,1.0
171,2,389.0,295.0,273.0,172.0,1.0,3,0.913
171,3,518.0,365.0,40.0,105.0,1.0,0,1.0
172,1,305.0,291.0,55.0,145.0,1.0,0,1.0
172,2,385.0,295.0,273.0,172.0,1.0,3,0.913
172,3,522.0,365.0,40.0,104.0,1.0,0,1.0
173,1,307.0,291.0,55.0,145.0,1.0,0,1.0
173,2,382.0,295.0,273.0,172.0,1.0,3,0.913
173,3,525.0,365.0,40.0,104.0,1.0,0,1.0
174,1,309.0,291.0,55.0,145.0,1.0,0,1.0
174,2,379.0,295.0,273.0,172.0,1.0,3,0.913
174,3,528.0,365.0,40.0,104.0,1.0,0,1.0
175,1,311.0,290.0,55.0,145.0,1.0,0,1.0
175,2,375.0,294.0,273.0,172.0,1.0,3,0.914
175,3,531.0,365.0,40.0,104.0,1.0,0,1.0
176,1,314.0,290.0,55.0,145.0,1.0,0,1.0
176,2,372.0,294.0,273.0,172.0,1.0,3,0.914
176,3,534.0,365.0,40.0,104.0,1.0,0,1.0
177,1,316.0,290.0,55.0,145.0,1.0,0,0.965
177,2,369.0,294.0,273.0,172.0,1.0,3,0.914
177,3,537.0,365.0,40.0,104.0,1.0,0,1.0
178,1,318.0,290.0,55.0,145.0,1.0,0,0.859
178,2,365.0,294.0,273.0,172.0,1.0,3,0.914
178,3,540.0,365.0,40.0,104.0,1.0,0,1.0
179,1,320.0,289.0,55.0,145.0,1.0,0,0.772
179,2,362.0,294.0,273.0,172.0,1.0,3,0.914
179,3,544.0,365.0,40.0,104.0,1.0,0,1.0
180,1,323.0,289.0,55.0,145.0,1.0,0,0.666
180,2,359.0,294.0,273.0,172.0,1.0,3,0.915
180,3,547.0,366.0,40.0,104.0,1.0,0,1.0
181,1,325.0,289.0,55.0,145.0,1.0,0,0.558
181,2,355.0,293.0,271.0,171.0,1.0,3,0.915
181,3,550.0,366.0,40.0,104.0,1.0,0,1.0
182,1,327.0,289.0,55.0,145.0,1.0,0,0.47
182,2,352.0,293.0,271.0,171.0,1.0,3,0.915
182,3,553.0,366.0,40.0,104.0,1.0,0,1.0
183,1,329.0,289.0,55.0,145.0,1.0,0,0.381
183,2,349.0,293.0,271.0,171.0,1.0,3,0.915
183,3,556.0,366.0,40.0,104.0,1.0,0,1.0
184,1,331.0,288.0,55.0,145.0,1.0,0,0.298
184,2,346.0,293.0,271.0,171.0,1.0,3,0.915
184,3,559.0,366.0,40.0,104.0,1.0,0,1.0
185,1,334.0,288.0,55.0,145.0,1.0,0,0.175
185,2,342.0,293.0,271.0,171.0,1.0,3,0.915
185,3,563.0,366.0,40.0,104.0,1.0,0,1.0
186,1,336.0,288.0,55.0,145.0,1.0,0,0.087
186,2,339.0,293.0,271.0,171.0,1.0,3,0.915
186,3,566.0,366.0,40.0,104.0,1.0,0,1.0
187,1,338.0,288.0,56.0,146.0,1.0,0,0.027
187,2,336.0,292.0,271.0,171.0,1.0,3,0.92
187,3,569.0,366.0,40.0,104.0,1.0,0,1.0
188,1,340.0,287.0,56.0,146.0,1.0,0,0.034
188,2,332.0,292.0,271.0,171.0,1.0,3,0.935
188,3,572.0,366.0,40.0,104.0,1.0,0,1.0
189,1,342.0,287.0,56.0,146.0,1.0,0,0.034
189,2,329.0,292.0,271.0,171.0,1.0,3,0.948
189,3,575.0,366.0,40.0,104.0,1.0,0,1.0
190,1,345.0,287.0,56.0,146.0,1.0,0,0.034
190,2,326.0,292.0,271.0,171.0,1.0,3,0.961
190,3,578.0,367.0,40.0,104.0,1.0,0,1.0
191,1,347.0,287.0,56.0,146.0,1.0,0,0.034
191,2,322.0,292.0,271.0,171.0,1.0,3,0.977
191,3,582.0,367.0,40.0,104.0,1.0,0,1.0
192,1,349.0,287.0,56.0,146.0,1.0,0,0.027
192,2,319.0,291.0,271.0,171.0,1.0,3,0.99
192,3,585.0,367.0,40.0,104.0,1.0,0,1.0
193,1,351.0,286.0,56.0,146.0,1.0,0,0.034
193,2,316.0,291.0,271.0,171.0,1.0,3,1.0
193,3,588.0,367.0,40.0,104.0,1.0,0,1.0
194,1,353.0,286.0,56.0,146.0,1.0,0,0.034
194,2,312.0,291.0,271.0,171.0,1.0,3,1.0
194,3,591.0,367.0,40.0,104.0,1.0,0,1.0
195,1,356.0,286.0,56.0,146.0,1.0,0,0.034
195,2,309.0,291.0,271.0,171.0,1.0,3,1.0
195,3,594.0,367.0,40.0,104.0,1.0,0,1.0
196,1,358.0,286.0,56.0,146.0,1.0,0,0.034
196,2,306.0,291.0,271.0,171.0,1.0,3,1.0
196,3,597.0,367.0,40.0,104.0,1.0,0,1.0
197,1,360.0,285.0,56.0,146.0,1.0,0,0.041
197,2,303.0,291.0,271.0,171.0,1.0,3,1.0
197,3,601.0,367.0,40.0,104.0,1.0,0,1.0
198,1,362.0,285.0,56.0,146.0,1.0,0,0.034
198,2,299.0,290.0,271.0,171.0,1.0,3,1.0
198,3,604.0,367.0,40.0,104.0,1.0,0,1.0
199,1,364.0,285.0,56.0,146.0,1.0,0,0.034
199,2,296.0,290.0,271.0,171.0,1.0,3,1.0
199,3,607.0,367.0,40.0,104.0,1.0,0,1.0
200,1,367.0,285.0,56.0,146.0,1.0,0,0.034
200,2,293.0,290.0,271.0,171.0,1.0,3,1.0
200,3,610.0,367.0,40.0,104.0,1.0,0,1.0
201,1,369.0,285.0,56.0,146.0,1.0,0,0.034
201,2,289.0,290.0,271.0,171.0,1.0,3,1.0
201,3,613.0,368.0,40.0,104.0,1.0,0,1.0
202,1,371.0,284.0,56.0,146.0,1.0,0,0.041
202,2,286.0,290.0,271.0,171.0,1.0,3,1.0
202,3,616.0,368.0,40.0,104.0,1.0,0,1.0
203,1,373.0,284.0,56.0,146.0,1.0,0,0.041
203,2,283.0,290.0,271.0,171.0,1.0,3,1.0
203,3,620.0,368.0,40.0,104.0,1.0,0,1.0
204,1,376.0,284.0,56.0,146.0,1.0,0,0.034
204,2,279.0,289.0,271.0,171.0,1.0,3,1.0
204,3,623.0,368.0,40.0,104.0,1.0,0,1.0
205,1,378.0,284.0,56.0,146.0,1.0,0,0.034
205,2,276.0,289.0,271.0,171.0,1.0,3,1.0
205,3,626.0,368.0,40.0,104.0,1.0,0,1.0
206,1,380.0,284.0,56.0,146.0,1.0,0,0.034
206,2,273.0,289.0,271.0,171.0,1.0,3,1.0
206,3,629.0,368.0,40.0,104.0,1.0,0,1.0
207,1,382.0,283.0,56.0,147.0,1.0,0,0.041
207,2,269.0,289.0,271.0,171.0,1.0,3,1.0
207,3,632.0,368.0,40.0,104.0,1.0,0,1.0
208,1,384.0,283.0,56.0,147.0,1.0,0,0.041
208,2,266.0,289.0,271.0,171.0,1.0,3,1.0
208,3,635.0,368.0,40.0,104.0,1.0,0,1.0
209,1,387.0,283.0,56.0,147.0,1.0,0,0.034
209,2,263.0,288.0,271.0,171.0,1.0,3,1.0
209,3,639.0,368.0,40.0,104.0,1.0,0,1.0
210,1,389.0,283.0,56.0,147.0,1.0,0,0.034
210,2,259.0,288.0,271.0,171.0,1.0,3,1.0
210,3,642.0,368.0,40.0,104.0,1.0,0,1.0
211,1,391.0,282.0,56.0,147.0,1.0,0,0.041
211,2,256.0,288.0,271.0,171.0,1.0,3,1.0
211,3,645.0,369.0,40.0,104.0,1.0,0,1.0
212,1,393.0,282.0,56.0,147.0,1.0,0,0.041
212,2,253.0,288.0,270.0,170.0,1.0,3,1.0
212,3,648.0,369.0,40.0,104.0,1.0,0,1.0
213,1,395.0,282.0,56.0,147.0,1.0,0,0.041
213,2,250.0,288.0,270.0,170.0,1.0,3,1.0
213,3,651.0,369.0,40.0,104.0,1.0,0,1.0
214,1,398.0,282.0,56.0,147.0,1.0,0,0.041
214,2,246.0,288.0,270.0,170.0,1.0,3,1.0
214,3,654.0,369.0,40.0,104.0,1.0,0,1.0
215,1,400.0,282.0,56.0,147.0,1.0,0,0.034
215,2,243.0,287.0,270.0,170.0,1.0,3,1.0
215,3,657.0,369.0,40.0,104.0,1.0,0,1.0
216,1,402.0,281.0,56.0,147.0,1.0,0,0.041
216,2,240.0,287.0,270.0,170.0,1.0,3,1.0
216,3,661.0,369.0,40.0,104.0,1.0,0,1.0
217,1,404.0,281.0,56.0,147.0,1.0,0,0.041
217,2,236.0,287.0,270.0,170.0,1.0,3,1.0
217,3,664.0,369.0,40.0,104.0,1.0,0,1.0
218,1,406.0,281.0,56.0,147.0,1.0,0,0.041
218,2,233.0,287.0,270.0,170.0,1.0,3,1.0
218,3,667.0,369.0,40.0,104.0,1.0,0,1.0
219,1,409.0,281.0,56.0,147.0,1.0,0,0.041
219,2,230.0,287.0,270.0,170.0,1.0,3,1.0
219,3,670.0,369.0,40.0,104.0,1.0,0,1.0
220,1,411.0,280.0,56.0,147.0,1.0,0,0.048
220,2,226.0,287.0,270.0,170.0,1.0,3,1.0
220,3,673.0,369.0,40.0,104.0,1.0,0,1.0
221,1,413.0,280.0,56.0,147.0,1.0,0,0.041
221,2,223.0,286.0,270.0,170.0,1.0,3,1.0
221,3,676.0,370.0,40.0,104.0,1.0,0,1.0
222,1,415.0,280.0,56.0,147.0,1.0,0,0.041
222,2,220.0,286.0,270.0,170.0,1.0,3,1.0
222,3,680.0,370.0,40.0,104.0,1.0,0,1.0
223,1,417.0,280.0,56.0,147.0,1.0,0,0.041
223,2,216.0,286.0,270.0,170.0,1.0,3,1.0
223,3,683.0,370.0,40.0,104.0,1.0,0,1.0
224,1,420.0,280.0,56.0,147.0,1.0,0,0.041
224,2,213.0,286.0,270.0,170.0,1.0,3,1.0
224,3,686.0,370.0,40.0,104.0,1.0,0,1.0
225,1,422.0,279.0,56.0,147.0,1.0,0,0.048
225,2,210.0,286.0,270.0,170.0,1.0,3,1.0
225,3,689.0,370.0,40.0,104.0,1.0,0,1.0
226,1,424.0,279.0,56.0,147.0,1.0,0,0.099
226,2,207.0,286.0,270.0,170.0,1.0,3,1.0
226,3,692.0,370.0,40.0,104.0,1.0,0,1.0
227,1,426.0,279.0,56.0,148.0,1.0,0,0.195
227,2,203.0,285.0,270.0,170.0,1.0,3,1.0
227,3,695.0,370.0,40.0,104.0,1.0,0,1.0
228,1,429.0,279.0,56.0,148.0,1.0,0,0.298
228,2,200.0,285.0,270.0,170.0,1.0,3,1.0
228,3,699.0,370.0,40.0,104.0,1.0,0,1.0
229,1,431.0,278.0,56.0,148.0,1.0,0,0.388
229,2,197.0,285.0,270.0,170.0,1.0,3,1.0
229,3,702.0,370.0,40.0,104.0,1.0,0,1.0
230,1,433.0,278.0,56.0,148.0,1.0,0,0.49
230,2,193.0,285.0,270.0,170.0,1.0,3,1.0
230,3,705.0,370.0,40.0,104.0,1.0,0,1.0
231,1,435.0,278.0,56.0,148.0,1.0,0,0.575
231,2,190.0,285.0,270.0,170.0,1.0,3,1.0
231,3,708.0,370.0,40.0,104.0,1.0,0,1.0
232,1,437.0,278.0,56.0,148.0,1.0,0,0.657
232,2,187.0,284.0,270.0,170.0,1.0,3,1.0
232,3,711.0,371.0,40.0,104.0,1.0,0,1.0
233,1,440.0,278.0,56.0,148.0,1.0,0,0.777
233,2,183.0,284.0,270.0,170.0,1.0,3,1.0
233,3,714.0,371.0,40.0,104.0,1.0,0,1.0
234,1,442.0,277.0,56.0,148.0,1.0,0,0.864
234,2,180.0,284.0,270.0,170.0,1.0,3,1.0
234,3,718.0,371.0,40.0,104.0,1.0,0,1.0
235,1,444.0,277.0,56.0,148.0,1.0,0,0.949
235,2,177.0,284.0,270.0,170.0,1.0,3,1.0
235,3,721.0,371.0,40.0,104.0,1.0,0,1.0
236,1,446.0,277.0,56.0,148.0,1.0,0,1.0
236,2,173.0,284.0,270.0,170.0,1.0,3,1.0
236,3,724.0,371.0,40.0,104.0,1.0,0,1.0
237,1,448.0,277.0,56.0,148.0,1.0,0,1.0
237,2,170.0,284.0,270.0,170.0,1.0,3,1.0
237,3,727.0,371.0,40.0,104.0,1.0,0,1.0
238,1,451.0,276.0,56.0,148.0,1.0,0,1.0
238,2,167.0,283.0,270.0,170.0,1.0,3,1.0
238,3,730.0,371.0,40.0,104.0,1.0,0,1.0
239,1,453.0,276.0,56.0,148.0,1.0,0,1.0
239,2,164.0,283.0,270.0,170.0,1.0,3,1.0
239,3,733.0,371.0,40.0,104.0,1.0,0,1.0
240,1,455.0,276.0,56.0,148.0,1.0,0,1.0
240,2,160.0,283.0,270.0,170.0,1.0,3,1.0
240,3,737.0,371.0,40.0,104.0,1.0,0,1.0
241,1,457.0,276.0,56.0,148.0,1.0,0,1.0
241,2,157.0,283.0,270.0,170.0,1.0,3,1.0
241,3,740.0,371.0,39.0,103.0,1.0,0,1.0
242,1,459.0,276.0,56.0,148.0,1.0,0,1.0
242,2,154.0,283.0,268.0,169.0,1.0,3,1.0
242,3,743.0,372.0,39.0,103.0,1.0,0,1.0
243,1,462.0,275.0,56.0,148.0,1.0,0,1.0
243,2,150.0,283.0,268.0,169.0,1.0,3,1.0
243,3,746.0,372.0,39.0,103.0,1.0,0,1.0
244,1,464.0,275.0,56.0,148.0,1.0,0,1.0
244,2,147.0,282.0,268.0,169.0,1.0,3,1.0
244,3,749.0,372.0,39.0,103.0,1.0,0,1.0
245,1,466.0,275.0,56.0,148.0,1.0,0,1.0
245,2,144.0,282.0,268.0,169.0,1.0,3,1.0
245,3,752.0,372.0,39.0,103.0,1.0,0,1.0
246,1,468.0,275.0,57.0,149.0,1.0,0,1.0
246,2,140.0,282.0,268.0,169.0,1.0,3,1.0
246,3,756.0,372.0,39.0,103.0,1.0,0,1.0
247,1,470.0,274.0,57.0,149.0,1.0,0,1.0
247,2,137.0,282.0,268.0,169.0,1.0,3,1.0
247,3,759.0,372.0,39.0,103.0,1.0,0,1.0
248,1,473.0,274.0,57.0,149.0,1.0,0,1.0
248,2,134.0,282.0,268.0,169.0,1.0,3,1.0
248,3,762.0,372.0,39.0,103.0,1.0,0,1.0
249,1,475.0,274.0,57.0,149.0,1.0,0,1.0
249,2,130.0,281.0,268.0,169.0,1.0,3,1.0
249,3,765.0,372.0,39.0,103.0,1.0,0,1.0
250,1,477.0,274.0,57.0,149.0,1.0,0,1.0
250,2,127.0,281.0,268.0,169.0,1.0,3,1.0
250,3,768.0,372.0,39.0,103.0,1.0,0,1.0
251,1,479.0,274.0,57.0,149.0,1.0,0,1.0
251,2,124.0,281.0,268.0,169.0,1.0,3,1.0
251,3,771.0,372.0,39.0,103.0,1.0,0,1.0
252,1,482.0,273.0,57.0,149.0,1.0,0,1.0
252,2,121.0,281.0,268.0,169.0,1.0,3,1.0
252,3,775.0,373.0,39.0,103.0,1.0,0,1.0
253,1,484.0,273.0,57.0,149.0,1.0,0,1.0
253,2,117.0,281.0,268.0,169.0,1.0,3,1.0
253,3,778.0,373.0,39.0,103.0,1.0,0,1.0
254,1,486.0,273.0,57.0,149.0,1.0,0,1.0
254,2,114.0,281.0,268.0,169.0,1.0,3,1.0
254,3,781.0,373.0,39.0,103.0,1.0,0,1.0
255,1,488.0,273.0,57.0,149.0,1.0,0,1.0
255,2,111.0,280.0,268.0,169.0,1.0,3,1.0
255,3,784.0,373.0,39.0,103.0,1.0,0,1.0
256,1,490.0,272.0,57.0,149.0,1.0,0,1.0
256,2,107.0,280.0,268.0,169.0,1.0,3,1.0
256,3,787.0,373.0,39.0,103.0,1.0,0,1.0
257,1,493.0,272.0,57.0,149.0,1.0,0,1.0
257,2,104.0,280.0,268.0,169.0,1.0,3,1.0
257,3,790.0,373.0,39.0,103.0,1.0,0,1.0
258,1,495.0,272.0,57.0,149.0,1.0,0,1.0
258,2,101.0,280.0,268.0,169.0,1.0,3,1.0
258,3,793.0,373.0,39.0,103.0,1.0,0,1.0
259,1,497.0,272.0,57.0,149.0,1.0,0,1.0
259,2,97.0,280.0,268.0,169.0,1.0,3,1.0
259,3,797.0,373.0,39.0,103.0,1.0,0,1.0
260,1,499.0,272.0,57.0,149.0,1.0,0,1.0
260,2,94.0,280.0,268.0,169.0,1.0,3,1.0
260,3,800.0,373.0,39.0,103.0,1.0,0,1.0
261,1,501.0,271.0,57.0,149.0,1.0,0,1.0
261,2,91.0,279.0,268.0,169.0,1.0,3,1.0
261,3,803.0,373.0,39.0,103.0,1.0,0,1.0
262,1,504.0,271.0,57.0,149.0,1.0,0,1.0
262,2,87.0,279.0,268.0,169.0,1.0,3,1.0
262,3,806.0,373.0,39.0,103.0,1.0,0,1.0
263,1,506.0,271.0,57.0,149.0,1.0,0,1.0
263,2,84.0,279.0,268.0,169.0,1.0,3,1.0
263,3,809.0,374.0,39.0,103.0,1.0,0,1.0
264,1,508.0,271.0,57.0,149.0,1.0,0,1.0
264,2,81.0,279.0,268.0,169.0,1.0,3,1.0
264,3,812.0,374.0,39.0,103.0,1.0,0,1.0
265,1,510.0,270.0,57.0,149.0,1.0,0,1.0
265,2,78.0,279.0,268.0,169.0,1.0,3,1.0
265,3,816.0,374.0,39.0,103.0,1.0,0,1.0
266,1,512.0,270.0,57.0,150.0,1.0,0,1.0
266,2,74.0,279.0,268.0,169.0,1.0,3,1.0
266,3,819.0,374.0,39.0,103.0,1.0,0,1.0
267,1,515.0,270.0,57.0,150.0,1.0,0,1.0
267,2,71.0,278.0,268.0,169.0,1.0,3,1.0
267,3,822.0,374.0,39.0,103.0,1.0,0,1.0
268,1,517.0,270.0,57.0,150.0,1.0,0,1.0
268,2,68.0,278.0,268.0,169.0,1.0,3,1.0
268,3,825.0,374.0,39.0,103.0,1.0,0,1.0
269,1,519.0,270.0,57.0,150.0,1.0,0,1.0
269,2,64.0,278.0,268.0,169.0,1.0,3,1.0
269,3,828.0,374.0,39.0,103.0,1.0,0,1.0
270,1,521.0,269.0,57.0,150.0,1.0,0,1.0
270,2,61.0,278.0,268.0,169.0,1.0,3,1.0
270,3,831.0,374.0,39.0,103.0,1.0,0,1.0
271,1,523.0,269.0,57.0,150.0,1.0,0,1.0
271,2,58.0,278.0,268.0,169.0,1.0,3,1.0
271,3,835.0,374.0,39.0,103.0,1.0,0,1.0
272,1,526.0,269.0,57.0,150.0,1.0,0,1.0
272,2,54.0,277.0,268.0,169.0,1.0,3,1.0
272,3,838.0,374.0,39.0,103.0,1.0,0,1.0
273,1,528.0,269.0,57.0,150.0,1.0,0,1.0
273,2,51.0,277.0,267.0,168.0,1.0,3,1.0
273,3,841.0,375.0,39.0,103.0,1.0,0,1.0
274,1,530.0,268.0,57.0,150.0,1.0,0,1.0
274,2,48.0,277.0,267.0,168.0,1.0,3,1.0
274,3,844.0,375.0,39.0,103.0,1.0,0,1.0
275,1,532.0,268.0,57.0,150.0,1.0,0,1.0
275,2,44.0,277.0,267.0,168.0,1.0,3,1.0
275,3,847.0,375.0,39.0,103.0,1.0,0,1.0
276,1,535.0,268.0,57.0,150.0,1.0,0,1.0
276,2,41.0,277.0,267.0,168.0,1.0,3,1.0
276,3,850.0,375.0,39.0,103.0,1.0,0,1.0
277,1,537.0,268.0,57.0,150.0,1.0,0,1.0
277,2,38.0,277.0,267.0,168.0,1.0,3,1.0
277,3,854.0,375.0,39.0,103.0,1.0,0,1.0
278,1,539.0,268.0,57.0,150.0,1.0,0,1.0
278,2,35.0,276.0,267.0,168.0,1.0,3,1.0
278,3,857.0,375.0,39.0,103.0,1.0,0,1.0
279,1,541.0,267.0,57.0,150.0,1.0,0,1.0
279,2,31.0,276.0,267.0,168.0,1.0,3,1.0
279,3,860.0,375.0,39.0,103.0,1.0,0,1.0
280,1,543.0,267.0,57.0,150.0,1.0,0,1.0
280,2,28.0,276.0,267.0,168.0,1.0,3,1.0
280,3,863.0,375.0,39.0,103.0,1.0,0,1.0
281,1,546.0,267.0,57.0,150.0,1.0,0,1.0
281,2,25.0,276.0,267.0,168.0,1.0,3,1.0
281,3,866.0,375.0,39.0,103.0,1.0,0,1.0
282,1,548.0,267.0,57.0,150.0,1.0,0,1.0
282,2,21.0,276.0,267.0,168.0,1.0,3,1.0
282,3,869.0,375.0,39.0,103.0,1.0,0,1.0
283,1,550.0,267.0,57.0,150.0,1.0,0,1.0
283,2,18.0,276.0,267.0,168.0,1.0,3,1.0
283,3,873.0,376.0,39.0,103.0,1.0,0,1.0
284,1,552.0,266.0,57.0,150.0,1.0,0,1.0
284,2,15.0,275.0,267.0,168.0,1.0,3,1.0
284,3,876.0,376.0,39.0,103.0,1.0,0,1.0
285,1,554.0,266.0,57.0,150.0,1.0,0,1.0
285,2,11.0,275.0,267.0,168.0,1.0,3,1.0
285,3,879.0,376.0,39.0,103.0,1.0,0,1.0
286,1,557.0,266.0,58.0,151.0,1.0,0,1.0
286,2,8.0,275.0,267.0,168.0,1.0,3,1.0
286,3,882.0,376.0,39.0,103.0,1.0,0,1.0
287,1,559.0,266.0,58.0,151.0,1.0,0,1.0
287,2,5.0,275.0,267.0,168.0,1.0,3,1.0
287,3,885.0,376.0,39.0,103.0,1.0,0,1.0
288,1,561.0,265.0,58.0,151.0,1.0,0,1.0
288,2,1.0,275.0,267.0,168.0,1.0,3,1.0
288,3,888.0,376.0,39.0,103.0,1.0,0,1.0
289,1,563.0,265.0,58.0,151.0,1.0,0,1.0
289,2,-2.0,274.0,267.0,168.0,1.0,3,0.993
289,3,892.0,376.0,39.0,103.0,1.0,0,1.0
290,1,565.0,265.0,58.0,151.0,1.0,0,1.0
290,2,-5.0,274.0,267.0,168.0,1.0,3,0.981
290,3,895.0,376.0,39.0,103.0,1.0,0,1.0
291,1,568.0,265.0,58.0,151.0,1.0,0,1.0
291,2,-8.0,274.0,267.0,168.0,1.0,3,0.97
291,3,898.0,376.0,39.0,103.0,1.0,0,1.0
292,1,570.0,265.0,58.0,151.0,1.0,0,1.0
292,2,-12.0,274.0,267.0,168.0,1.0,3,0.955
292,3,901.0,376.0,39.0,103.0,1.0,0,1.0
293,1,572.0,264.0,58.0,151.0,1.0,0,1.0
293,2,-15.0,274.0,267.0,168.0,1.0,3,0.944
293,3,904.0,376.0,39.0,103.0,1.0,0,1.0
294,1,574.0,264.0,58.0,151.0,1.0,0,1.0
294,2,-18.0,274.0,267.0,168.0,1.0,3,0.933
294,3,907.0,377.0,39.0,103.0,1.0,0,1.0
295,1,576.0,264.0,58.0,151.0,1.0,0,1.0
295,2,-22.0,273.0,267.0,168.0,1.0,3,0.918
295,3,911.0,377.0,39.0,103.0,1.0,0,1.0
296,1,579.0,264.0,58.0,151.0,1.0,0,1.0
296,2,-25.0,273.0,267.0,168.0,1.0,3,0.906
296,3,914.0,377.0,39.0,103.0,1.0,0,1.0
297,1,581.0,263.0,58.0,151.0,1.0,0,1.0
297,2,-28.0,273.0,267.0,168.0,1.0,3,0.895
297,3,917.0,377.0,39.0,103.0,1.0,0,1.0
298,1,583.0,263.0,58.0,151.0,1.0,0,1.0
298,2,-32.0,273.0,267.0,168.0,1.0,3,0.88
298,3,920.0,377.0,39.0,103.0,1.0,0,1.0
299,1,585.0,263.0,58.0,151.0,1.0,0,1.0
299,2,-35.0,273.0,267.0,168.0,1.0,3,0.869
299,3,923.0,377.0,39.0,103.0,1.0,0,0.949
300,1,588.0,263.0,58.0,151.0,1.0,0,1.0
300,2,-38.0,273.0,267.0,168.0,1.0,3,0.858
300,3,926.0,377.0,39.0,103.0,1.0,0,0.872
301,1,590.0,263.0,58.0,151.0,1.0,0,1.0
301,2,-42.0,272.0,267.0,168.0,1.0,3,0.843
301,3,929.0,377.0,39.0,103.0,1.0,0,0.795
302,1,592.0,262.0,58.0,151.0,1.0,0,1.0
302,2,-45.0,272.0,267.0,168.0,1.0,3,0.831
302,3,933.0,377.0,39.0,103.0,1.0,0,0.692
303,1,594.0,262.0,58.0,151.0,1.0,0,1.0
303,2,-48.0,272.0,267.0,168.0,1.0,3,0.82
303,3,936.0,377.0,39.0,103.0,1.0,0,0.615
304,1,596.0,262.0,58.0,151.0,1.0,0,1.0
304,2,-52.0,272.0,265.0,167.0,1.0,3,0.804
304,3,939.0,378.0,39.0,103.0,1.0,0,0.538
305,1,599.0,262.0,58.0,151.0,1.0,0,1.0
305,2,-55.0,272.0,265.0,167.0,1.0,3,0.792
305,3,942.0,378.0,39.0,103.0,1.0,0,0.462
306,1,601.0,261.0,58.0,152.0,1.0,0,1.0
306,2,-58.0,272.0,265.0,167.0,1.0,3,0.781
306,3,945.0,378.0,39.0,103.0,1.0,0,0.385
307,1,603.0,261.0,58.0,152.0,1.0,0,1.0
307,2,-61.0,271.0,265.0,167.0,1.0,3,0.77
307,3,948.0,378.0,39.0,103.0,1.0,0,0.308
308,1,605.0,261.0,58.0,152.0,1.0,0,1.0
308,2,-65.0,271.0,265.0,167.0,1.0,3,0.755
308,3,952.0,378.0,39.0,103.0,1.0,0,0.205
309,1,607.0,261.0,58.0,152.0,1.0,0,1.0
309,2,-68.0,271.0,265.0,167.0,1.0,3,0.743
309,3,955.0,378.0,39.0,103.0,1.0,0,0.128
310,1,610.0,261.0,58.0,152.0,1.0,0,1.0
310,2,-71.0,271.0,265.0,167.0,1.0,3,0.732
310,3,958.0,378.0,39.0,102.0,1.0,0,0.051
311,1,612.0,260.0,58.0,152.0,1.0,0,1.0
311,2,-75.0,271.0,265.0,167.0,1.0,3,0.717
312,1,614.0,260.0,58.0,152.0,1.0,0,1.0
312,2,-78.0,270.0,265.0,167.0,1.0,3,0.706
313,1,616.0,260.0,58.0,152.0,1.0,0,1.0
313,2,-81.0,270.0,265.0,167.0,1.0,3,0.694
314,1,618.0,260.0,58.0,152.0,1.0,0,1.0
314,2,-85.0,270.0,265.0,167.0,1.0,3,0.679
315,1,621.0,259.0,58.0,152.0,1.0,0,1.0
315,2,-88.0,270.0,265.0,167.0,1.0,3,0.668
316,1,623.0,259.0,58.0,152.0,1.0,0,1.0
316,2,-91.0,270.0,265.0,167.0,1.0,3,0.657
317,1,625.0,259.0,58.0,152.0,1.0,0,1.0
317,2,-95.0,270.0,265.0,167.0,1.0,3,0.642
318,1,627.0,259.0,58.0,152.0,1.0,0,1.0
318,2,-98.0,269.0,265.0,167.0,1.0,3,0.63
319,1,629.0,259.0,58.0,152.0,1.0,0,1.0
319,2,-101.0,269.0,265.0,167.0,1.0,3,0.619
320,1,632.0,258.0,58.0,152.0,1.0,0,1.0
320,2,-104.0,269.0,265.0,167.0,1.0,3,0.608
321,1,634.0,258.0,58.0,152.0,1.0,0,1.0
321,2,-108.0,269.0,265.0,167.0,1.0,3,0.592
322,1,636.0,258.0,58.0,152.0,1.0,0,1.0
322,2,-111.0,269.0,265.0,167.0,1.0,3,0.581
323,1,638.0,258.0,58.0,152.0,1.0,0,1.0
323,2,-114.0,269.0,265.0,167.0,1.0,3,0.57
324,1,640.0,257.0,58.0,152.0,1.0,0,1.0
324,2,-118.0,268.0,265.0,167.0,1.0,3,0.555
325,1,643.0,257.0,58.0,152.0,1.0,0,1.0
325,2,-121.0,268.0,265.0,167.0,1.0,3,0.543
326,1,645.0,257.0,58.0,153.0,1.0,0,1.0
326,2,-124.0,268.0,265.0,167.0,1.0,3,0.532
327,1,647.0,257.0,58.0,153.0,1.0,0,1.0
327,2,-128.0,268.0,265.0,167.0,1.0,3,0.517
328,1,649.0,257.0,58.0,153.0,1.0,0,1.0
328,2,-131.0,268.0,265.0,167.0,1.0,3,0.506
329,1,652.0,256.0,58.0,153.0,1.0,0,1.0
329,2,-134.0,267.0,265.0,167.0,1.0,3,0.494
330,1,654.0,256.0,58.0,153.0,1.0,0,1.0
330,2,-138.0,267.0,265.0,167.0,1.0,3,0.479
331,1,656.0,256.0,58.0,153.0,1.0,0,1.0
331,2,-141.0,267.0,265.0,167.0,1.0,3,0.468
332,1,658.0,256.0,58.0,153.0,1.0,0,1.0
332,2,-144.0,267.0,265.0,167.0,1.0,3,0.457
333,1,660.0,255.0,58.0,153.0,1.0,0,1.0
333,2,-147.0,267.0,265.0,167.0,1.0,3,0.445
334,1,663.0,255.0,58.0,153.0,1.0,0,1.0
334,2,-151.0,267.0,263.0,166.0,1.0,3,0.426
335,1,665.0,255.0,58.0,153.0,1.0,0,1.0
335,2,-154.0,266.0,263.0,166.0,1.0,3,0.414
336,1,667.0,255.0,58.0,153.0,1.0,0,1.0
336,2,-157.0,266.0,263.0,166.0,1.0,3,0.403
337,1,669.0,255.0,58.0,153.0,1.0,0,1.0
337,2,-161.0,266.0,263.0,166.0,1.0,3,0.388
338,1,671.0,254.0,58.0,153.0,1.0,0,1.0
338,2,-164.0,266.0,263.0,166.0,1.0,3,0.376
339,1,674.0,254.0,58.0,153.0,1.0,0,1.0
339,2,-167.0,266.0,263.0,166.0,1.0,3,0.365
340,1,676.0,254.0,58.0,153.0,1.0,0,1.0
340,2,-171.0,266.0,263.0,166.0,1.0,3,0.35
341,1,678.0,254.0,58.0,153.0,1.0,0,1.0
341,2,-174.0,265.0,263.0,166.0,1.0,3,0.338
342,1,680.0,253.0,58.0,153.0,1.0,0,1.0
342,2,-177.0,265.0,263.0,166.0,1.0,3,0.327
343,1,682.0,253.0,58.0,153.0,1.0,0,1.0
343,2,-181.0,265.0,263.0,166.0,1.0,3,0.312
344,1,685.0,253.0,58.0,153.0,1.0,0,1.0
344,2,-184.0,265.0,263.0,166.0,1.0,3,0.3
345,1,687.0,253.0,58.0,153.0,1.0,0,1.0
345,2,-187.0,265.0,263.0,166.0,1.0,3,0.289
346,1,689.0,253.0,59.0,154.0,1.0,0,1.0
346,2,-190.0,264.0,263.0,166.0,1.0,3,0.278
347,1,691.0,252.0,59.0,154.0,1.0,0,1.0
347,2,-194.0,264.0,263.0,166.0,1.0,3,0.262
348,1,693.0,252.0,59.0,154.0,1.0,0,1.0
348,2,-197.0,264.0,263.0,166.0,1.0,3,0.251
349,1,696.0,252.0,59.0,154.0,1.0,0,1.0
349,2,-200.0,264.0,263.0,166.0,1.0,3,0.24
350,1,698.0,252.0,59.0,154.0,1.0,0,1.0
350,2,-204.0,264.0,263.0,166.0,1.0,3,0.224
351,1,700.0,251.0,59.0,154.0,1.0,0,1.0
351,2,-207.0,264.0,263.0,166.0,1.0,3,0.213
352,1,702.0,251.0,59.0,154.0,1.0,0,1.0
352,2,-210.0,263.0,263.0,166.0,1.0,3,0.202
353,1,705.0,251.0,59.0,154.0,1.0,0,1.0
353,2,-214.0,263.0,263.0,166.0,1.0,3,0.186
354,1,707.0,251.0,59.0,154.0,1.0,0,1.0
354,2,-217.0,263.0,263.0,166.0,1.0,3,0.175
355,1,709.0,251.0,59.0,154.0,1.0,0,1.0
355,2,-220.0,263.0,263.0,166.0,1.0,3,0.163
356,1,711.0,250.0,59.0,154.0,1.0,0,1.0
356,2,-224.0,263.0,263.0,166.0,1.0,3,0.148
357,1,713.0,250.0,59.0,154.0,1.0,0,1.0
357,2,-227.0,263.0,263.0,166.0,1.0,3,0.137
358,1,716.0,250.0,59.0,154.0,1.0,0,1.0
358,2,-230.0,262.0,263.0,166.0,1.0,3,0.125
359,1,718.0,250.0,59.0,154.0,1.0,0,1.0
359,2,-233.0,262.0,263.0,166.0,1.0,3,0.114
360,1,720.0,250.0,59.0,154.0,1.0,0,1.0
360,2,-237.0,262.0,263.0,166.0,1.0,3,0.099
361,1,722.0,249.0,59.0,154.0,1.0,0,1.0
361,2,-240.0,262.0,263.0,166.0,1.0,3,0.087
362,1,724.0,249.0,59.0,154.0,1.0,0,1.0
362,2,-243.0,262.0,263.0,166.0,1.0,3,0.076
363,1,727.0,249.0,59.0,154.0,1.0,0,1.0
363,2,-247.0,262.0,263.0,166.0,1.0,3,0.061
364,1,729.0,249.0,59.0,154.0,1.0,0,1.0
364,2,-250.0,261.0,263.0,166.0,1.0,3,0.049
365,1,731.0,248.0,59.0,155.0,1.0,0,1.0
365,2,-253.0,261.0,262.0,165.0,1.0,3,0.034
366,1,733.0,248.0,59.0,155.0,1.0,0,1.0
366,2,-257.0,261.0,262.0,165.0,1.0,3,0.019
367,1,735.0,248.0,59.0,155.0,1.0,0,1.0
367,2,-260.0,261.0,262.0,165.0,1.0,3,0.008
368,1,738.0,248.0,59.0,155.0,1.0,0,1.0
369,1,740.0,248.0,59.0,155.0,1.0,0,1.0
370,1,742.0,247.0,59.0,155.0,1.0,0,1.0
371,1,744.0,247.0,59.0,155.0,1.0,0,1.0
372,1,746.0,247.0,59.0,155.0,1.0,0,1.0
373,1,749.0,247.0,59.0,155.0,1.0,0,1.0
374,1,751.0,246.0,59.0,155.0,1.0,0,1.0
375,1,753.0,246.0,59.0,155.0,1.0,0,1.0
375,3,-38.0,384.0,39.0,102.0,1.0,0,0.026
376,1,755.0,246.0,59.0,155.0,1.0,0,1.0
376,3,-35.0,384.0,39.0,102.0,1.0,0,0.103
377,1,758.0,246.0,59.0,155.0,1.0,0,1.0
377,3,-32.0,385.0,39.0,102.0,1.0,0,0.179
378,1,760.0,246.0,59.0,155.0,1.0,0,1.0
378,3,-28.0,385.0,39.0,102.0,1.0,0,0.282
379,1,762.0,245.0,59.0,155.0,1.0,0,1.0
379,3,-25.0,385.0,38.0,101.0,1.0,0,0.342
380,1,764.0,245.0,59.0,155.0,1.0,0,1.0
380,3,-22.0,385.0,38.0,101.0,1.0,0,0.421
381,1,766.0,245.0,59.0,155.0,1.0,0,1.0
381,3,-19.0,385.0,38.0,101.0,1.0,0,0.5
382,1,769.0,245.0,59.0,155.0,1.0,0,1.0
382,3,-16.0,385.0,38.0,101.0,1.0,0,0.579
383,1,771.0,244.0,59.0,155.0,1.0,0,1.0
383,3,-13.0,385.0,38.0,101.0,1.0,0,0.658
384,1,773.0,244.0,59.0,155.0,1.0,0,1.0
384,3,-9.0,385.0,38.0,101.0,1.0,0,0.763
385,1,775.0,244.0,59.0,156.0,1.0,0,1.0
385,3,-6.0,385.0,38.0,101.0,1.0,0,0.842
386,1,777.0,244.0,59.0,156.0,1.0,0,1.0
386,3,-3.0,385.0,38.0,101.0,1.0,0,0.921
387,1,780.0,244.0,59.0,156.0,1.0,0,1.0
387,3,0.0,386.0,38.0,101.0,1.0,0,1.0
388,1,782.0,243.0,59.0,156.0,1.0,0,1.0
388,3,3.0,386.0,38.0,101.0,1.0,0,1.0
389,1,784.0,243.0,59.0,156.0,1.0,0,1.0
389,3,6.0,386.0,38.0,101.0,1.0,0,1.0
390,1,786.0,243.0,59.0,156.0,1.0,0,1.0
390,3,10.0,386.0,38.0,101.0,1.0,0,1.0
391,1,788.0,243.0,59.0,156.0,1.0,0,1.0
391,3,13.0,386.0,38.0,101.0,1.0,0,1.0
392,1,791.0,242.0,59.0,156.0,1.0,0,1.0
392,3,16.0,386.0,38.0,101.0,1.0,0,1.0
393,1,793.0,242.0,59.0,156.0,1.0,0,1.0
393,3,19.0,386.0,38.0,101.0,1.0,0,1.0
394,1,795.0,242.0,59.0,156.0,1.0,0,1.0
394,3,22.0,386.0,38.0,101.0,1.0,0,1.0
395,1,797.0,242.0,59.0,156.0,1.0,0,1.0
395,3,25.0,386.0,38.0,101.0,1.0,0,1.0
396,1,799.0,242.0,59.0,156.0,1.0,0,1.0
396,3,29.0,386.0,38.0,101.0,1.0,0,1.0
397,1,802.0,241.0,59.0,156.0,1.0,0,1.0
397,3,32.0,387.0,38.0,101.0,1.0,0,1.0
398,1,804.0,241.0,59.0,156.0,1.0,0,1.0
398,3,35.0,387.0,38.0,101.0,1.0,0,1.0
399,1,806.0,241.0,59.0,156.0,1.0,0,1.0
399,3,38.0,387.0,38.0,101.0,1.0,0,1.0
400,1,808.0,241.0,59.0,156.0,1.0,0,1.0
400,3,41.0,387.0,38.0,101.0,1.0,0,1.0
401,1,811.0,240.0,59.0,156.0,1.0,0,1.0
401,3,44.0,387.0,38.0,101.0,1.0,0,1.0
402,1,813.0,240.0,59.0,156.0,1.0,0,1.0
402,3,48.0,387.0,38.0,101.0,1.0,0,1.0
403,1,815.0,240.0,59.0,156.0,1.0,0,1.0
403,3,51.0,387.0,38.0,101.0,1.0,0,1.0
404,1,817.0,240.0,59.0,156.0,1.0,0,1.0
404,3,54.0,387.0,38.0,101.0,1.0,0,1.0
405,1,819.0,240.0,60.0,157.0,1.0,0,1.0
405,3,57.0,387.0,38.0,101.0,1.0,0,1.0
406,1,822.0,239.0,60.0,157.0,1.0,0,1.0
406,3,60.0,387.0,38.0,101.0,1.0,0,1.0
407,1,824.0,239.0,60.0,157.0,1.0,0,1.0
407,3,63.0,387.0,38.0,101.0,1.0,0,1.0
408,1,826.0,239.0,60.0,157.0,1.0,0,1.0
408,3,66.0,388.0,38.0,101.0,1.0,0,1.0
409,1,828.0,239.0,60.0,157.0,1.0,0,1.0
409,3,70.0,388.0,38.0,101.0,1.0,0,1.0
410,1,830.0,238.0,60.0,157.0,1.0,0,1.0
410,3,73.0,388.0,38.0,101.0,1.0,0,1.0
411,1,833.0,238.0,60.0,157.0,1.0,0,1.0
411,3,76.0,388.0,38.0,101.0,1.0,0,1.0
412,1,835.0,238.0,60.0,157.0,1.0,0,1.0
412,3,79.0,388.0,38.0,101.0,1.0,0,1.0
413,1,837.0,238.0,60.0,157.0,1.0,0,1.0
413,3,82.0,388.0,38.0,101.0,1.0,0,1.0
414,1,839.0,238.0,60.0,157.0,1.0,0,1.0
414,3,85.0,388.0,38.0,101.0,1.0,0,1.0
415,1,841.0,237.0,60.0,157.0,1.0,0,1.0
415,3,89.0,388.0,38.0,101.0,1.0,0,1.0
416,1,844.0,237.0,60.0,157.0,1.0,0,1.0
416,3,92.0,388.0,38.0,101.0,1.0,0,1.0
417,1,846.0,237.0,60.0,157.0,1.0,0,1.0
417,3,95.0,388.0,38.0,101.0,1.0,0,1.0
418,1,848.0,237.0,60.0,157.0,1.0,0,1.0
418,3,98.0,389.0,38.0,101.0,1.0,0,1.0
419,1,850.0,236.0,60.0,157.0,1.0,0,1.0
419,3,101.0,389.0,38.0,101.0,1.0,0,1.0
420,1,852.0,236.0,60.0,157.0,1.0,0,1.0
420,3,104.0,389.0,38.0,101.0,1.0,0,1.0
421,1,855.0,236.0,60.0,157.0,1.0,0,1.0
421,3,108.0,389.0,38.0,101.0,1.0,0,1.0
422,1,857.0,236.0,60.0,157.0,1.0,0,1.0
422,3,111.0,389.0,38.0,101.0,1.0,0,1.0
423,1,859.0,236.0,60.0,157.0,1.0,0,1.0
423,3,114.0,389.0,38.0,101.0,1.0,0,1.0
424,1,861.0,235.0,60.0,157.0,1.0,0,1.0
424,3,117.0,389.0,38.0,101.0,1.0,0,1.0
425,1,864.0,235.0,60.0,158.0,1.0,0,1.0
425,3,120.0,389.0,38.0,101.0,1.0,0,1.0
426,1,866.0,235.0,60.0,158.0,1.0,0,1.0
426,3,123.0,389.0,38.0,101.0,1.0,0,1.0
427,1,868.0,235.0,60.0,158.0,1.0,0,1.0
427,3,127.0,389.0,38.0,101.0,1.0,0,1.0
428,1,870.0,234.0,60.0,158.0,1.0,0,1.0
428,3,130.0,389.0,38.0,101.0,1.0,0,1.0
429,1,872.0,234.0,60.0,158.0,1.0,0,1.0
429,2,957.0,250.0,259.0,163.0,1.0,3,0.012
429,3,133.0,390.0,38.0,101.0,1.0,0,1.0
430,1,875.0,234.0,60.0,158.0,1.0,0,1.0
430,2,954.0,250.0,259.0,163.0,1.0,3,0.023
430,3,136.0,390.0,38.0,101.0,1.0,0,1.0
431,1,877.0,234.0,60.0,158.0,1.0,0,1.0
431,2,950.0,250.0,259.0,163.0,1.0,3,0.039
431,3,139.0,390.0,38.0,101.0,1.0,0,1.0
432,1,879.0,234.0,60.0,158.0,1.0,0,1.0
432,2,947.0,249.0,259.0,163.0,1.0,3,0.05
432,3,142.0,390.0,38.0,101.0,1.0,0,1.0
433,1,881.0,233.0,60.0,158.0,1.0,0,1.0
433,2,944.0,249.0,259.0,163.0,1.0,3,0.062
433,3,146.0,390.0,38.0,101.0,1.0,0,1.0
434,1,883.0,233.0,60.0,158.0,1.0,0,0.955
434,2,940.0,249.0,259.0,163.0,1.0,3,0.077
434,3,149.0,390.0,38.0,101.0,1.0,0,1.0
435,1,886.0,233.0,60.0,158.0,1.0,0,0.865
435,2,937.0,249.0,259.0,163.0,1.0,3,0.089
435,3,152.0,390.0,38.0,101.0,1.0,0,1.0
436,1,888.0,233.0,60.0,158.0,1.0,0,0.79
436,2,934.0,249.0,259.0,163.0,1.0,3,0.1
436,3,155.0,390.0,38.0,101.0,1.0,0,1.0
437,1,890.0,233.0,60.0,158.0,1.0,0,0.715
437,2,931.0,249.0,259.0,163.0,1.0,3,0.112
437,3,158.0,390.0,38.0,101.0,1.0,0,1.0
438,1,892.0,232.0,60.0,158.0,1.0,0,0.626
438,2,927.0,248.0,259.0,163.0,1.0,3,0.127
438,3,161.0,390.0,38.0,101.0,1.0,0,1.0
439,1,894.0,232.0,60.0,158.0,1.0,0,0.551
439,2,924.0,248.0,259.0,163.0,1.0,3,0.139
439,3,165.0,391.0,38.0,101.0,1.0,0,1.0
440,1,897.0,232.0,60.0,158.0,1.0,0,0.461
440,2,921.0,248.0,259.0,163.0,1.0,3,0.151
440,3,168.0,391.0,38.0,101.0,1.0,0,1.0
441,1,899.0,232.0,60.0,158.0,1.0,0,0.371
441,2,917.0,248.0,259.0,163.0,1.0,3,0.166
441,3,171.0,391.0,38.0,101.0,1.0,0,1.0
442,1,901.0,231.0,60.0,158.0,1.0,0,0.299
442,2,914.0,248.0,259.0,163.0,1.0,3,0.178
442,3,174.0,391.0,38.0,101.0,1.0,0,1.0
443,1,903.0,231.0,60.0,158.0,1.0,0,0.221
443,2,911.0,248.0,259.0,163.0,1.0,3,0.189
443,3,177.0,391.0,38.0,101.0,1.0,0,1.0
444,1,905.0,231.0,60.0,158.0,1.0,0,0.123
444,2,907.0,247.0,259.0,163.0,1.0,3,0.205
444,3,180.0,391.0,38.0,101.0,1.0,0,1.0
445,1,908.0,231.0,61.0,159.0,1.0,0,0.086
445,2,904.0,247.0,259.0,163.0,1.0,3,0.216
445,3,184.0,391.0,38.0,101.0,1.0,0,1.0
446,1,910.0,231.0,61.0,159.0,1.0,0,0.082
446,2,901.0,247.0,259.0,163.0,1.0,3,0.228
446,3,187.0,391.0,38.0,101.0,1.0,0,1.0
447,1,912.0,230.0,61.0,159.0,1.0,0,0.084
447,2,897.0,247.0,259.0,163.0,1.0,3,0.243
447,3,190.0,391.0,38.0,101.0,1.0,0,1.0
448,1,914.0,230.0,61.0,159.0,1.0,0,0.081
448,2,894.0,247.0,259.0,163.0,1.0,3,0.255
448,3,193.0,391.0,38.0,100.0,1.0,0,1.0
449,1,917.0,230.0,61.0,159.0,1.0,0,0.071
449,2,891.0,246.0,259.0,163.0,1.0,3,0.266
449,3,196.0,392.0,38.0,100.0,1.0,0,1.0
450,1,919.0,230.0,61.0,159.0,1.0,0,0.068
450,2,888.0,246.0,259.0,163.0,1.0,3,0.278
450,3,199.0,392.0,38.0,100.0,1.0,0,1.0
