1,1,43.0,426.0,32.0,146.0,1.0,0,0.781
1,3,-105.0,323.0,196.0,103.0,1.0,0,0.464
1,4,890.0,422.0,213.0,134.0,1.0,3,0.289
2,1,46.0,427.0,32.0,146.0,1.0,0,0.774
2,3,-103.0,323.0,196.0,103.0,1.0,0,0.474
2,4,887.0,422.0,213.0,134.0,1.0,3,0.302
3,1,49.0,427.0,32.0,146.0,1.0,0,0.774
3,3,-101.0,324.0,196.0,103.0,1.0,0,0.485
3,4,884.0,422.0,213.0,134.0,1.0,3,0.314
4,1,52.0,427.0,32.0,146.0,1.0,0,0.774
4,3,-99.0,324.0,196.0,103.0,1.0,0,0.495
4,4,880.0,422.0,213.0,134.0,1.0,3,0.331
5,1,55.0,427.0,32.0,146.0,1.0,0,0.774
5,3,-97.0,324.0,196.0,103.0,1.0,0,0.505
5,4,877.0,422.0,213.0,134.0,1.0,3,0.343
6,1,58.0,427.0,32.0,146.0,1.0,0,0.774
6,3,-95.0,324.0,196.0,103.0,1.0,0,0.515
6,4,874.0,422.0,213.0,134.0,1.0,3,0.356
7,1,61.0,428.0,32.0,146.0,1.0,0,0.767
7,3,-93.0,324.0,196.0,103.0,1.0,0,0.526
7,4,870.0,422.0,213.0,134.0,1.0,3,0.372
8,1,64.0,428.0,32.0,146.0,1.0,0,0.767
8,3,-91.0,325.0,196.0,103.0,1.0,0,0.536
8,4,867.0,422.0,213.0,134.0,1.0,3,0.384
9,1,67.0,428.0,32.0,146.0,1.0,0,0.767
9,3,-89.0,325.0,196.0,103.0,1.0,0,0.546
9,4,864.0,422.0,213.0,134.0,1.0,3,0.397
10,1,70.0,428.0,32.0,146.0,1.0,0,0.767
10,3,-87.0,325.0,196.0,103.0,1.0,0,0.556
10,4,861.0,422.0,213.0,134.0,1.0,3,0.409
11,1,73.0,428.0,32.0,146.0,1.0,0,0.767
11,3,-86.0,325.0,196.0,103.0,1.0,0,0.561
11,4,857.0,422.0,213.0,134.0,1.0,3,0.426
12,1,76.0,429.0,32.0,146.0,1.0,0,0.76
12,3,-84.0,325.0,198.0,104.0,1.0,0,0.576
12,4,854.0,422.0,213.0,134.0,1.0,3,0.438
13,1,79.0,429.0,32.0,146.0,1.0,0,0.76
13,3,-82.0,325.0,198.0,104.0,1.0,0,0.586
13,4,851.0,422.0,213.0,134.0,1.0,3,0.451
14,1,82.0,429.0,32.0,146.0,1.0,0,0.76
14,3,-80.0,326.0,198.0,104.0,1.0,0,0.594
14,4,847.0,423.0,213.0,134.0,1.0,3,0.463
15,1,85.0,429.0,32.0,146.0,1.0,0,0.76
15,3,-78.0,326.0,198.0,104.0,1.0,0,0.605
15,4,844.0,423.0,213.0,134.0,1.0,3,0.476
16,1,88.0,429.0,32.0,146.0,1.0,0,0.76
16,3,-76.0,326.0,198.0,104.0,1.0,0,0.615
16,4,841.0,423.0,213.0,134.0,1.0,3,0.488
17,1,91.0,429.0,32.0,146.0,1.0,0,0.76
17,3,-74.0,326.0,198.0,104.0,1.0,0,0.625
17,4,838.0,423.0,213.0,134.0,1.0,3,0.5
18,1,94.0,430.0,32.0,146.0,1.0,0,0.753
18,3,-72.0,326.0,198.0,104.0,1.0,0,0.636
18,4,834.0,423.0,213.0,134.0,1.0,3,0.517
19,1,98.0,430.0,32.0,146.0,1.0,0,0.753
19,3,-70.0,326.0,198.0,104.0,1.0,0,0.646
19,4,831.0,423.0,213.0,134.0,1.0,3,0.529
20,1,101.0,430.0,32.0,146.0,1.0,0,0.753
20,2,959.0,247.0,202.0,127.0,1.0,3,0.005
20,3,-68.0,327.0,198.0,104.0,1.0,0,0.655
20,4,828.0,423.0,213.0,134.0,1.0,3,0.541
21,1,104.0,430.0,32.0,146.0,1.0,0,0.753
21,2,955.0,248.0,202.0,127.0,1.0,3,0.025
21,3,-66.0,327.0,198.0,104.0,1.0,0,0.665
21,4,824.0,423.0,214.0,135.0,1.0,3,0.551
22,1,107.0,430.0,32.0,146.0,1.0,0,0.753
22,2,952.0,248.0,202.0,127.0,1.0,3,0.04
22,3,-65.0,327.0,198.0,104.0,1.0,0,0.67
22,4,821.0,423.0,214.0,135.0,1.0,3,0.563
23,1,110.0,431.0,32.0,146.0,1.0,0,0.747
23,2,948.0,248.0,202.0,127.0,1.0,3,0.059
23,3,-63.0,327.0,198.0,104.0,1.0,0,0.682
23,4,818.0,423.0,214.0,135.0,1.0,3,0.575
24,1,113.0,431.0,32.0,146.0,1.0,0,0.747
24,2,945.0,248.0,202.0,127.0,1.0,3,0.074
24,3,-61.0,327.0,198.0,104.0,1.0,0,0.692
24,4,815.0,423.0,214.0,135.0,1.0,3,0.587
25,1,116.0,431.0,32.0,145.0,1.0,0,0.752
25,2,942.0,248.0,202.0,127.0,1.0,3,0.089
25,3,-59.0,327.0,200.0,105.0,1.0,0,0.704
25,4,811.0,423.0,214.0,135.0,1.0,3,0.603
26,1,119.0,431.0,32.0,145.0,1.0,0,0.752
26,2,938.0,248.0,202.0,127.0,1.0,3,0.109
26,3,-57.0,328.0,200.0,105.0,1.0,0,0.713
26,4,808.0,423.0,214.0,135.0,1.0,3,0.616
27,1,122.0,431.0,32.0,145.0,1.0,0,0.752
27,2,935.0,248.0,202.0,127.0,1.0,3,0.124
27,3,-55.0,328.0,200.0,105.0,1.0,0,0.723
27,4,805.0,424.0,214.0,135.0,1.0,3,0.622
28,1,125.0,432.0,32.0,145.0,1.0,0,0.745
28,2,931.0,248.0,202.0,127.0,1.0,3,0.144
28,3,-53.0,328.0,200.0,105.0,1.0,0,0.734
28,4,801.0,424.0,214.0,135.0,1.0,3,0.638
29,1,128.0,432.0,32.0,145.0,1.0,0,0.745
29,2,928.0,248.0,202.0,127.0,1.0,3,0.158
29,3,-51.0,328.0,200.0,105.0,1.0,0,0.744
29,4,798.0,424.0,214.0,135.0,1.0,3,0.65
30,1,131.0,432.0,32.0,145.0,1.0,0,0.745
30,2,924.0,249.0,202.0,127.0,1.0,3,0.178
30,3,-49.0,328.0,200.0,105.0,1.0,0,0.754
30,4,795.0,424.0,214.0,135.0,1.0,3,0.663
31,1,134.0,432.0,32.0,145.0,1.0,0,0.745
31,2,921.0,249.0,202.0,127.0,1.0,3,0.193
31,3,-47.0,328.0,200.0,105.0,1.0,0,0.764
31,4,792.0,424.0,214.0,135.0,1.0,3,0.675
32,1,137.0,432.0,32.0,145.0,1.0,0,0.745
32,2,918.0,249.0,202.0,127.0,1.0,3,0.208
32,3,-46.0,329.0,200.0,105.0,1.0,0,0.768
32,4,788.0,424.0,214.0,135.0,1.0,3,0.691
33,1,140.0,433.0,32.0,145.0,1.0,0,0.738
33,2,914.0,249.0,202.0,127.0,1.0,3,0.228
33,3,-44.0,329.0,200.0,105.0,1.0,0,0.779
33,4,785.0,424.0,214.0,135.0,1.0,3,0.703
34,1,143.0,433.0,32.0,145.0,1.0,0,0.738
34,2,911.0,249.0,202.0,127.0,1.0,3,0.243
34,3,-42.0,329.0,200.0,105.0,1.0,0,0.789
34,4,782.0,424.0,214.0,135.0,1.0,3,0.715
35,1,146.0,433.0,32.0,145.0,1.0,0,0.738
35,2,907.0,249.0,200.0,126.0,1.0,3,0.265
35,3,-40.0,329.0,200.0,105.0,1.0,0,0.799
35,4,778.0,424.0,214.0,135.0,1.0,3,0.731
36,1,149.0,433.0,32.0,145.0,1.0,0,0.738
36,2,904.0,249.0,200.0,126.0,1.0,3,0.28
36,3,-38.0,329.0,200.0,105.0,1.0,0,0.809
36,4,775.0,424.0,214.0,135.0,1.0,3,0.743
37,1,152.0,433.0,32.0,145.0,1.0,0,0.738
37,2,900.0,249.0,200.0,126.0,1.0,3,0.3
37,3,-36.0,330.0,200.0,105.0,1.0,0,0.819
37,4,772.0,424.0,214.0,135.0,1.0,3,0.755
38,1,155.0,433.0,32.0,145.0,1.0,0,0.738
38,2,897.0,250.0,200.0,126.0,1.0,3,0.315
38,3,-34.0,330.0,200.0,105.0,1.0,0,0.829
38,4,768.0,424.0,214.0,135.0,1.0,3,0.771
39,1,158.0,434.0,32.0,145.0,1.0,0,0.731
39,2,893.0,250.0,200.0,126.0,1.0,3,0.335
39,3,-32.0,330.0,202.0,106.0,1.0,0,0.84
39,4,765.0,424.0,214.0,135.0,1.0,3,0.783
40,1,161.0,434.0,32.0,145.0,1.0,0,0.731
40,2,890.0,250.0,200.0,126.0,1.0,3,0.35
40,3,-30.0,330.0,202.0,106.0,1.0,0,0.85
40,4,762.0,424.0,214.0,135.0,1.0,3,0.795
41,1,164.0,434.0,32.0,145.0,1.0,0,0.731
41,2,887.0,250.0,200.0,126.0,1.0,3,0.365
41,3,-28.0,330.0,202.0,106.0,1.0,0,0.86
41,4,759.0,425.0,214.0,135.0,1.0,3,0.8
42,1,167.0,434.0,32.0,145.0,1.0,0,0.731
42,2,883.0,250.0,200.0,126.0,1.0,3,0.385
42,3,-26.0,330.0,202.0,106.0,1.0,0,0.87
42,4,755.0,425.0,214.0,135.0,1.0,3,0.816
43,1,170.0,434.0,32.0,145.0,1.0,0,0.731
43,2,880.0,250.0,200.0,126.0,1.0,3,0.4
43,3,-25.0,331.0,202.0,106.0,1.0,0,0.875
43,4,752.0,425.0,214.0,135.0,1.0,3,0.828
44,1,173.0,435.0,32.0,145.0,1.0,0,0.724
44,2,876.0,250.0,200.0,126.0,1.0,3,0.42
44,3,-23.0,331.0,202.0,106.0,1.0,0,0.886
44,4,749.0,425.0,216.0,136.0,1.0,3,0.826
45,1,176.0,435.0,32.0,145.0,1.0,0,0.724
45,2,873.0,250.0,200.0,126.0,1.0,3,0.435
45,3,-21.0,331.0,202.0,106.0,1.0,0,0.896
45,4,745.0,425.0,216.0,136.0,1.0,3,0.842
46,1,179.0,435.0,32.0,145.0,1.0,0,0.724
46,2,869.0,250.0,200.0,126.0,1.0,3,0.455
46,3,-19.0,331.0,202.0,106.0,1.0,0,0.906
46,4,742.0,425.0,216.0,136.0,1.0,3,0.846
47,1,182.0,435.0,32.0,145.0,1.0,0,0.724
47,2,866.0,251.0,200.0,126.0,1.0,3,0.47
47,3,-17.0,331.0,202.0,106.0,1.0,0,0.916
47,4,739.0,425.0,216.0,136.0,1.0,3,0.846
48,1,185.0,435.0,32.0,145.0,1.0,0,0.724
48,2,863.0,251.0,200.0,126.0,1.0,3,0.485
48,3,-15.0,331.0,202.0,106.0,1.0,0,0.926
48,4,736.0,425.0,216.0,136.0,1.0,3,0.846
49,1,188.0,436.0,32.0,145.0,1.0,0,0.717
49,2,859.0,251.0,200.0,126.0,1.0,3,0.505
49,3,-13.0,332.0,202.0,106.0,1.0,0,0.936
49,4,732.0,425.0,216.0,136.0,1.0,3,0.846
50,1,191.0,436.0,32.0,145.0,1.0,0,0.717
50,2,856.0,251.0,200.0,126.0,1.0,3,0.52
50,3,-11.0,332.0,202.0,106.0,1.0,0,0.946
50,4,729.0,425.0,216.0,136.0,1.0,3,0.846
51,1,194.0,436.0,32.0,145.0,1.0,0,0.717
51,2,852.0,251.0,200.0,126.0,1.0,3,0.54
51,3,-9.0,332.0,202.0,106.0,1.0,0,0.955
51,4,726.0,425.0,216.0,136.0,1.0,3,0.846
52,1,197.0,436.0,32.0,145.0,1.0,0,0.717
52,2,849.0,251.0,200.0,126.0,1.0,3,0.555
52,3,-7.0,332.0,202.0,106.0,1.0,0,0.965
52,4,722.0,425.0,216.0,136.0,1.0,3,0.846
53,1,200.0,436.0,32.0,145.0,1.0,0,0.717
53,2,845.0,251.0,200.0,126.0,1.0,3,0.575
53,3,-5.0,332.0,204.0,107.0,1.0,0,0.975
53,4,719.0,425.0,216.0,136.0,1.0,3,0.846
54,1,203.0,436.0,32.0,145.0,1.0,0,0.717
54,2,842.0,251.0,200.0,126.0,1.0,3,0.59
54,3,-4.0,332.0,204.0,107.0,1.0,0,0.98
54,4,716.0,426.0,216.0,136.0,1.0,3,0.838
55,1,206.0,437.0,31.0,144.0,1.0,0,0.715
55,2,838.0,251.0,200.0,126.0,1.0,3,0.61
55,3,-2.0,333.0,204.0,107.0,1.0,0,0.99
55,4,713.0,426.0,216.0,136.0,1.0,3,0.838
56,1,209.0,437.0,31.0,144.0,1.0,0,0.715
56,2,835.0,252.0,200.0,126.0,1.0,3,0.625
56,3,0.0,333.0,204.0,107.0,1.0,0,1.0
56,4,709.0,426.0,216.0,136.0,1.0,3,0.838
57,1,212.0,437.0,31.0,144.0,1.0,0,0.715
57,2,832.0,252.0,200.0,126.0,1.0,3,0.64
57,3,2.0,333.0,204.0,107.0,1.0,0,1.0
57,4,706.0,426.0,216.0,136.0,1.0,3,0.838
58,1,215.0,437.0,31.0,144.0,1.0,0,0.715
58,2,828.0,252.0,200.0,126.0,1.0,3,0.66
58,3,4.0,333.0,204.0,107.0,1.0,0,1.0
58,4,703.0,426.0,216.0,136.0,1.0,3,0.838
59,1,218.0,437.0,31.0,144.0,1.0,0,0.715
59,2,825.0,252.0,198.0,125.0,1.0,3,0.682
59,3,6.0,333.0,204.0,107.0,1.0,0,1.0
59,4,699.0,426.0,216.0,136.0,1.0,3,0.838
60,1,221.0,438.0,31.0,144.0,1.0,0,0.708
60,2,821.0,252.0,198.0,125.0,1.0,3,0.702
60,3,8.0,333.0,204.0,107.0,1.0,0,1.0
60,4,696.0,426.0,216.0,136.0,1.0,3,0.838
61,1,224.0,438.0,31.0,144.0,1.0,0,0.708
61,2,818.0,252.0,198.0,125.0,1.0,3,0.717
61,3,10.0,334.0,204.0,107.0,1.0,0,1.0
61,4,693.0,426.0,216.0,136.0,1.0,3,0.838
62,1,228.0,438.0,31.0,144.0,1.0,0,0.708
62,2,814.0,252.0,198.0,125.0,1.0,3,0.737
62,3,12.0,334.0,204.0,107.0,1.0,0,1.0
62,4,690.0,426.0,216.0,136.0,1.0,3,0.838
63,1,231.0,438.0,31.0,144.0,1.0,0,0.708
63,2,811.0,252.0,198.0,125.0,1.0,3,0.753
63,3,14.0,334.0,204.0,107.0,1.0,0,1.0
63,4,686.0,426.0,216.0,136.0,1.0,3,0.838
64,1,234.0,438.0,31.0,144.0,1.0,0,0.708
64,2,808.0,252.0,198.0,125.0,1.0,3,0.768
64,3,15.0,334.0,204.0,107.0,1.0,0,1.0
64,4,683.0,426.0,216.0,136.0,1.0,3,0.838
65,1,237.0,439.0,31.0,144.0,1.0,0,0.701
65,2,804.0,253.0,198.0,125.0,1.0,3,0.788
65,3,17.0,334.0,204.0,107.0,1.0,0,1.0
65,4,680.0,426.0,216.0,136.0,1.0,3,0.838
66,1,240.0,439.0,31.0,144.0,1.0,0,0.701
66,2,801.0,253.0,198.0,125.0,1.0,3,0.803
66,3,19.0,335.0,206.0,108.0,1.0,0,1.0
66,4,676.0,426.0,216.0,136.0,1.0,3,0.838
67,1,243.0,439.0,31.0,144.0,1.0,0,0.701
67,2,797.0,253.0,198.0,125.0,1.0,3,0.823
67,3,21.0,335.0,206.0,108.0,1.0,0,1.0
67,4,673.0,427.0,216.0,136.0,1.0,3,0.831
68,1,246.0,439.0,31.0,144.0,1.0,0,0.701
68,2,794.0,253.0,198.0,125.0,1.0,3,0.838
68,3,23.0,335.0,206.0,108.0,1.0,0,1.0
68,4,670.0,427.0,217.0,137.0,1.0,3,0.825
69,1,249.0,439.0,31.0,144.0,1.0,0,0.701
69,2,790.0,253.0,198.0,125.0,1.0,3,0.859
69,3,25.0,335.0,206.0,108.0,1.0,0,1.0
69,4,666.0,427.0,217.0,137.0,1.0,3,0.825
70,1,252.0,440.0,31.0,144.0,1.0,0,0.694
70,2,787.0,253.0,198.0,125.0,1.0,3,0.874
70,3,27.0,335.0,206.0,108.0,1.0,0,1.0
70,4,663.0,427.0,217.0,137.0,1.0,3,0.825
71,1,255.0,440.0,31.0,144.0,1.0,0,0.694
71,2,784.0,253.0,198.0,125.0,1.0,3,0.889
71,3,29.0,335.0,206.0,108.0,1.0,0,1.0
71,4,660.0,427.0,217.0,137.0,1.0,3,0.825
72,1,258.0,440.0,31.0,144.0,1.0,0,0.694
72,2,780.0,253.0,198.0,125.0,1.0,3,0.909
72,3,31.0,336.0,206.0,108.0,1.0,0,1.0
72,4,657.0,427.0,217.0,137.0,1.0,3,0.825
73,1,261.0,440.0,31.0,144.0,1.0,0,0.694
73,2,777.0,254.0,198.0,125.0,1.0,3,0.924
73,3,33.0,336.0,206.0,108.0,1.0,0,1.0
73,4,653.0,427.0,217.0,137.0,1.0,3,0.825
74,1,264.0,440.0,31.0,144.0,1.0,0,0.694
74,2,773.0,254.0,198.0,125.0,1.0,3,0.944
74,3,35.0,336.0,206.0,108.0,1.0,0,1.0
74,4,650.0,427.0,217.0,137.0,1.0,3,0.825
75,1,267.0,440.0,31.0,144.0,1.0,0,0.694
75,2,770.0,254.0,198.0,125.0,1.0,3,0.96
75,3,36.0,336.0,206.0,108.0,1.0,0,1.0
75,4,647.0,427.0,217.0,137.0,1.0,3,0.825
76,1,270.0,441.0,31.0,144.0,1.0,0,0.688
76,2,766.0,254.0,198.0,125.0,1.0,3,0.98
76,3,38.0,336.0,206.0,108.0,1.0,0,1.0
76,4,643.0,427.0,217.0,137.0,1.0,3,0.825
77,1,273.0,441.0,31.0,144.0,1.0,0,0.688
77,2,763.0,254.0,198.0,125.0,1.0,3,0.995
77,3,40.0,336.0,206.0,108.0,1.0,0,1.0
77,4,640.0,427.0,217.0,137.0,1.0,3,0.825
78,1,276.0,441.0,31.0,144.0,1.0,0,0.688
78,2,759.0,254.0,198.0,125.0,1.0,3,1.0
78,3,42.0,337.0,206.0,108.0,1.0,0,1.0
78,4,637.0,427.0,217.0,137.0,1.0,3,0.825
79,1,279.0,441.0,31.0,144.0,1.0,0,0.688
79,2,756.0,254.0,198.0,125.0,1.0,3,1.0
79,3,44.0,337.0,206.0,108.0,1.0,0,1.0
79,4,634.0,427.0,217.0,137.0,1.0,3,0.825
80,1,282.0,441.0,31.0,144.0,1.0,0,0.688
80,2,753.0,254.0,198.0,125.0,1.0,3,1.0
80,3,46.0,337.0,208.0,109.0,1.0,0,1.0
80,4,630.0,427.0,217.0,137.0,1.0,3,0.825
81,1,285.0,442.0,31.0,144.0,1.0,0,0.681
81,2,749.0,254.0,198.0,125.0,1.0,3,1.0
81,3,48.0,337.0,208.0,109.0,1.0,0,1.0
81,4,627.0,428.0,217.0,137.0,1.0,3,0.818
82,1,288.0,442.0,31.0,144.0,1.0,0,0.681
82,2,746.0,255.0,198.0,125.0,1.0,3,1.0
82,3,50.0,337.0,208.0,109.0,1.0,0,1.0
82,4,624.0,428.0,217.0,137.0,1.0,3,0.818
83,1,291.0,442.0,31.0,144.0,1.0,0,0.681
83,2,742.0,255.0,197.0,124.0,1.0,3,1.0
83,3,52.0,337.0,208.0,109.0,1.0,0,1.0
83,4,620.0,428.0,217.0,137.0,1.0,3,0.818
84,1,294.0,442.0,31.0,144.0,1.0,0,0.681
84,2,739.0,255.0,197.0,124.0,1.0,3,1.0
84,3,54.0,338.0,208.0,109.0,1.0,0,1.0
84,4,617.0,428.0,217.0,137.0,1.0,3,0.818
85,1,297.0,442.0,31.0,143.0,1.0,0,0.685
85,2,735.0,255.0,197.0,124.0,1.0,3,1.0
85,3,55.0,338.0,208.0,109.0,1.0,0,1.0
85,4,614.0,428.0,217.0,137.0,1.0,3,0.818
86,1,300.0,443.0,31.0,143.0,1.0,0,0.678
86,2,732.0,255.0,197.0,124.0,1.0,3,1.0
86,3,57.0,338.0,208.0,109.0,1.0,0,1.0
86,4,611.0,428.0,217.0,137.0,1.0,3,0.818
87,1,303.0,443.0,31.0,143.0,1.0,0,0.678
87,2,729.0,255.0,197.0,124.0,1.0,3,1.0
87,3,59.0,338.0,208.0,109.0,1.0,0,1.0
87,4,607.0,428.0,217.0,137.0,1.0,3,0.818
88,1,306.0,443.0,31.0,143.0,1.0,0,0.678
88,2,725.0,255.0,197.0,124.0,1.0,3,1.0
88,3,61.0,338.0,208.0,109.0,1.0,0,1.0
88,4,604.0,428.0,217.0,137.0,1.0,3,0.818
89,1,309.0,443.0,31.0,143.0,1.0,0,0.678
89,2,722.0,255.0,197.0,124.0,1.0,3,1.0
89,3,63.0,339.0,208.0,109.0,1.0,0,1.0
89,4,601.0,428.0,217.0,137.0,1.0,3,0.818
90,1,312.0,443.0,31.0,143.0,1.0,0,0.678
90,2,718.0,255.0,197.0,124.0,1.0,3,1.0
90,3,65.0,339.0,208.0,109.0,1.0,0,1.0
90,4,597.0,428.0,217.0,137.0,1.0,3,0.818
91,1,315.0,444.0,31.0,143.0,1.0,0,0.671
91,2,715.0,256.0,197.0,124.0,1.0,3,1.0
91,3,67.0,339.0,208.0,109.0,1.0,0,1.0
91,4,594.0,428.0,217.0,137.0,1.0,3,0.818
92,1,318.0,444.0,31.0,143.0,1.0,0,0.671
92,2,711.0,256.0,197.0,124.0,1.0,3,1.0
92,3,69.0,339.0,208.0,109.0,1.0,0,1.0
92,4,591.0,428.0,219.0,138.0,1.0,3,0.812
93,1,321.0,444.0,31.0,143.0,1.0,0,0.671
93,2,708.0,256.0,197.0,124.0,1.0,3,1.0
93,3,71.0,339.0,208.0,109.0,1.0,0,1.0
93,4,588.0,428.0,219.0,138.0,1.0,3,0.812
94,1,324.0,444.0,31.0,143.0,1.0,0,0.671
94,2,705.0,256.0,197.0,124.0,1.0,3,1.0
94,3,73.0,339.0,210.0,110.0,1.0,0,1.0
94,4,584.0,429.0,219.0,138.0,1.0,3,0.804
95,1,327.0,444.0,31.0,143.0,1.0,0,0.671
95,2,701.0,256.0,197.0,124.0,1.0,3,1.0
95,3,75.0,340.0,210.0,110.0,1.0,0,1.0
95,4,581.0,429.0,219.0,138.0,1.0,3,0.804
96,1,330.0,444.0,31.0,143.0,1.0,0,0.671
96,2,698.0,256.0,197.0,124.0,1.0,3,1.0
96,3,76.0,340.0,210.0,110.0,1.0,0,1.0
96,4,578.0,429.0,219.0,138.0,1.0,3,0.804
97,1,333.0,445.0,31.0,143.0,1.0,0,0.664
97,2,694.0,256.0,197.0,124.0,1.0,3,1.0
97,3,78.0,340.0,210.0,110.0,1.0,0,1.0
97,4,574.0,429.0,219.0,138.0,1.0,3,0.804
98,1,336.0,445.0,31.0,143.0,1.0,0,0.664
98,2,691.0,256.0,197.0,124.0,1.0,3,1.0
98,3,80.0,340.0,210.0,110.0,1.0,0,1.0
98,4,571.0,429.0,219.0,138.0,1.0,3,0.804
99,1,339.0,445.0,31.0,143.0,1.0,0,0.664
99,2,687.0,256.0,197.0,124.0,1.0,3,1.0
99,3,82.0,340.0,210.0,110.0,1.0,0,1.0
99,4,568.0,429.0,219.0,138.0,1.0,3,0.804
100,1,342.0,445.0,31.0,143.0,1.0,0,0.664
100,2,684.0,257.0,197.0,124.0,1.0,3,1.0
100,3,84.0,340.0,210.0,110.0,1.0,0,1.0
100,4,564.0,429.0,219.0,138.0,1.0,3,0.804
101,1,345.0,445.0,31.0,143.0,1.0,0,0.664
101,2,680.0,257.0,197.0,124.0,1.0,3,1.0
101,3,86.0,341.0,210.0,110.0,1.0,0,1.0
101,4,561.0,429.0,219.0,138.0,1.0,3,0.804
102,1,348.0,446.0,31.0,143.0,1.0,0,0.657
102,2,677.0,257.0,197.0,124.0,1.0,3,1.0
102,3,88.0,341.0,210.0,110.0,1.0,0,1.0
102,4,558.0,429.0,219.0,138.0,1.0,3,0.804
103,1,351.0,446.0,31.0,143.0,1.0,0,0.657
103,2,674.0,257.0,197.0,124.0,1.0,3,1.0
103,3,90.0,341.0,210.0,110.0,1.0,0,1.0
103,4,555.0,429.0,219.0,138.0,1.0,3,0.804
104,1,354.0,446.0,31.0,143.0,1.0,0,0.657
104,2,670.0,257.0,197.0,124.0,1.0,3,1.0
104,3,92.0,341.0,210.0,110.0,1.0,0,1.0
104,4,551.0,429.0,219.0,138.0,1.0,3,0.804
105,1,358.0,446.0,31.0,143.0,1.0,0,0.657
105,2,667.0,257.0,197.0,124.0,1.0,3,1.0
105,3,94.0,341.0,210.0,110.0,1.0,0,1.0
105,4,548.0,429.0,219.0,138.0,1.0,3,0.804
106,1,361.0,446.0,31.0,143.0,1.0,0,0.657
106,2,663.0,257.0,197.0,124.0,1.0,3,1.0
106,3,96.0,341.0,210.0,110.0,1.0,0,1.0
106,4,545.0,429.0,219.0,138.0,1.0,3,0.804
107,1,364.0,447.0,31.0,143.0,1.0,0,0.65
107,2,660.0,257.0,195.0,123.0,1.0,3,1.0
107,3,97.0,342.0,210.0,110.0,1.0,0,1.0
107,4,541.0,430.0,219.0,138.0,1.0,3,0.797
108,1,367.0,447.0,31.0,143.0,1.0,0,0.65
108,2,656.0,258.0,195.0,123.0,1.0,3,1.0
108,3,99.0,342.0,212.0,111.0,1.0,0,1.0
108,4,538.0,430.0,219.0,138.0,1.0,3,0.797
109,1,370.0,447.0,31.0,143.0,1.0,0,0.65
109,2,653.0,258.0,195.0,123.0,1.0,3,1.0
109,3,101.0,342.0,212.0,111.0,1.0,0,1.0
109,4,535.0,430.0,219.0,138.0,1.0,3,0.797
110,1,373.0,447.0,31.0,143.0,1.0,0,0.65
110,2,650.0,258.0,195.0,123.0,1.0,3,1.0
110,3,103.0,342.0,212.0,111.0,1.0,0,1.0
110,4,532.0,430.0,219.0,138.0,1.0,3,0.797
111,1,376.0,447.0,31.0,143.0,1.0,0,0.65
111,2,646.0,258.0,195.0,123.0,1.0,3,1.0
111,3,105.0,342.0,212.0,111.0,1.0,0,1.0
111,4,528.0,430.0,219.0,138.0,1.0,3,0.797
112,1,379.0,447.0,31.0,143.0,1.0,0,0.65
112,2,643.0,258.0,195.0,123.0,1.0,3,1.0
112,3,107.0,342.0,212.0,111.0,1.0,0,1.0
112,4,525.0,430.0,219.0,138.0,1.0,3,0.797
113,1,382.0,448.0,31.0,143.0,1.0,0,0.643
113,2,639.0,258.0,195.0,123.0,1.0,3,1.0
113,3,109.0,343.0,212.0,111.0,1.0,0,1.0
113,4,522.0,430.0,219.0,138.0,1.0,3,0.79
114,1,385.0,448.0,31.0,143.0,1.0,0,0.643
114,2,636.0,258.0,195.0,123.0,1.0,3,1.0
114,3,111.0,343.0,212.0,111.0,1.0,0,1.0
114,4,518.0,430.0,219.0,138.0,1.0,3,0.775
115,1,388.0,448.0,31.0,142.0,1.0,0,0.648
115,2,632.0,258.0,195.0,123.0,1.0,3,1.0
115,3,113.0,343.0,212.0,111.0,1.0,0,1.0
115,4,515.0,430.0,219.0,138.0,1.0,3,0.764
116,1,391.0,448.0,31.0,142.0,1.0,0,0.648
116,2,629.0,258.0,195.0,123.0,1.0,3,1.0
116,3,115.0,343.0,212.0,111.0,1.0,0,1.0
116,4,512.0,430.0,221.0,139.0,1.0,3,0.748
117,1,394.0,448.0,31.0,142.0,1.0,0,0.648
117,2,625.0,259.0,195.0,123.0,1.0,3,1.0
117,3,116.0,343.0,212.0,111.0,1.0,0,1.0
117,4,509.0,430.0,221.0,139.0,1.0,3,0.738
118,1,397.0,449.0,31.0,142.0,1.0,0,0.641
118,2,622.0,259.0,195.0,123.0,1.0,3,1.0
118,3,118.0,344.0,212.0,111.0,1.0,0,1.0
118,4,505.0,430.0,221.0,139.0,1.0,3,0.723
119,1,400.0,449.0,31.0,142.0,1.0,0,0.641
119,2,619.0,259.0,195.0,123.0,1.0,3,1.0
119,3,120.0,344.0,212.0,111.0,1.0,0,1.0
119,4,502.0,430.0,221.0,139.0,1.0,3,0.713
120,1,403.0,449.0,31.0,142.0,1.0,0,0.641
120,2,615.0,259.0,195.0,123.0,1.0,3,1.0
120,3,122.0,344.0,212.0,111.0,1.0,0,1.0
120,4,499.0,430.0,221.0,139.0,1.0,3,0.702
121,1,406.0,449.0,31.0,142.0,1.0,0,0.62
121,2,612.0,259.0,195.0,123.0,1.0,3,1.0
121,3,124.0,344.0,214.0,112.0,1.0,0,1.0
121,4,495.0,431.0,221.0,139.0,1.0,3,0.681
122,1,409.0,449.0,31.0,142.0,1.0,0,0.558
122,2,608.0,259.0,195.0,123.0,1.0,3,1.0
122,3,126.0,344.0,214.0,112.0,1.0,0,1.0
122,4,492.0,431.0,221.0,139.0,1.0,3,0.671
123,1,412.0,450.0,31.0,142.0,1.0,0,0.491
123,2,605.0,259.0,195.0,123.0,1.0,3,1.0
123,3,128.0,344.0,214.0,112.0,1.0,0,1.0
123,4,489.0,431.0,221.0,139.0,1.0,3,0.66
124,1,415.0,450.0,31.0,142.0,1.0,0,0.429
124,2,601.0,259.0,195.0,123.0,1.0,3,1.0
124,3,130.0,345.0,214.0,112.0,1.0,0,1.0
124,4,486.0,431.0,221.0,139.0,1.0,3,0.649
125,1,418.0,450.0,31.0,142.0,1.0,0,0.368
125,2,598.0,259.0,195.0,123.0,1.0,3,1.0
125,3,132.0,345.0,214.0,112.0,1.0,0,1.0
125,4,482.0,431.0,221.0,139.0,1.0,3,0.635
126,1,421.0,450.0,31.0,142.0,1.0,0,0.307
126,2,595.0,260.0,195.0,123.0,1.0,3,1.0
126,3,134.0,345.0,214.0,112.0,1.0,0,1.0
126,4,479.0,431.0,221.0,139.0,1.0,3,0.624
127,1,424.0,450.0,31.0,142.0,1.0,0,0.245
127,2,591.0,260.0,195.0,123.0,1.0,3,1.0
127,3,136.0,345.0,214.0,112.0,1.0,0,1.0
127,4,476.0,431.0,221.0,139.0,1.0,3,0.614
128,1,427.0,451.0,31.0,142.0,1.0,0,0.182
128,2,588.0,260.0,195.0,123.0,1.0,3,1.0
128,3,137.0,345.0,214.0,112.0,1.0,0,1.0
128,4,472.0,431.0,221.0,139.0,1.0,3,0.6
129,1,430.0,451.0,31.0,142.0,1.0,0,0.121
129,2,584.0,260.0,195.0,123.0,1.0,3,1.0
129,3,139.0,345.0,214.0,112.0,1.0,0,1.0
129,4,469.0,431.0,221.0,139.0,1.0,3,0.589
130,1,433.0,451.0,31.0,142.0,1.0,0,0.061
130,2,581.0,260.0,195.0,123.0,1.0,3,1.0
130,3,141.0,346.0,214.0,112.0,1.0,0,1.0
130,4,466.0,431.0,221.0,139.0,1.0,3,0.578
131,1,436.0,451.0,31.0,142.0,1.0,0,0.0
131,2,577.0,260.0,195.0,123.0,1.0,3,1.0
131,3,143.0,346.0,214.0,112.0,1.0,0,1.0
131,4,462.0,431.0,221.0,139.0,1.0,3,0.564
132,1,439.0,451.0,31.0,142.0,1.0,0,0.0
132,2,574.0,260.0,194.0,122.0,1.0,3,1.0
132,3,145.0,346.0,214.0,112.0,1.0,0,1.0
132,4,459.0,431.0,221.0,139.0,1.0,3,0.554
133,1,442.0,451.0,31.0,142.0,1.0,0,0.0
133,2,571.0,260.0,194.0,122.0,1.0,3,1.0
133,3,147.0,346.0,214.0,112.0,1.0,0,1.0
133,4,456.0,431.0,221.0,139.0,1.0,3,0.543
134,1,445.0,452.0,31.0,142.0,1.0,0,0.0
134,2,567.0,261.0,194.0,122.0,1.0,3,1.0
134,3,149.0,346.0,214.0,112.0,1.0,0,1.0
134,4,453.0,432.0,221.0,139.0,1.0,3,0.527
135,1,448.0,452.0,31.0,142.0,1.0,0,0.0
135,2,564.0,261.0,194.0,122.0,1.0,3,1.0
135,3,151.0,346.0,215.0,113.0,1.0,0,1.0
135,4,449.0,432.0,221.0,139.0,1.0,3,0.513
136,1,451.0,452.0,31.0,142.0,1.0,0,0.0
136,2,560.0,261.0,194.0,122.0,1.0,3,1.0
136,3,153.0,347.0,215.0,113.0,1.0,0,1.0
136,4,446.0,432.0,221.0,139.0,1.0,3,0.503
137,1,454.0,452.0,31.0,142.0,1.0,0,0.0
137,2,557.0,261.0,194.0,122.0,1.0,3,1.0
137,3,155.0,347.0,215.0,113.0,1.0,0,1.0
137,4,443.0,432.0,221.0,139.0,1.0,3,0.492
138,1,457.0,452.0,31.0,142.0,1.0,0,0.0
138,2,553.0,261.0,194.0,122.0,1.0,3,1.0
138,3,156.0,347.0,215.0,113.0,1.0,0,1.0
138,4,439.0,432.0,221.0,139.0,1.0,3,0.478
139,1,460.0,453.0,31.0,142.0,1.0,0,0.0
139,2,550.0,261.0,194.0,122.0,1.0,3,1.0
139,3,158.0,347.0,215.0,113.0,1.0,0,1.0
139,4,436.0,432.0,222.0,140.0,1.0,3,0.466
140,1,463.0,453.0,31.0,142.0,1.0,0,0.0
140,2,546.0,261.0,194.0,122.0,1.0,3,1.0
140,3,160.0,347.0,215.0,113.0,1.0,0,1.0
140,4,433.0,432.0,222.0,140.0,1.0,3,0.466
141,1,466.0,453.0,31.0,142.0,1.0,0,0.0
141,2,543.0,261.0,194.0,122.0,1.0,3,1.0
141,3,162.0,347.0,215.0,113.0,1.0,0,1.0
141,4,430.0,432.0,222.0,140.0,1.0,3,0.466
142,1,469.0,453.0,31.0,142.0,1.0,0,0.0
142,2,540.0,261.0,194.0,122.0,1.0,3,1.0
142,3,164.0,348.0,215.0,113.0,1.0,0,1.0
142,4,426.0,432.0,222.0,140.0,1.0,3,0.466
143,1,472.0,453.0,31.0,142.0,1.0,0,0.0
143,2,536.0,262.0,194.0,122.0,1.0,3,1.0
143,3,166.0,348.0,215.0,113.0,1.0,0,1.0
143,4,423.0,432.0,222.0,140.0,1.0,3,0.466
144,1,475.0,454.0,31.0,142.0,1.0,0,0.0
144,2,533.0,262.0,194.0,122.0,1.0,3,1.0
144,3,168.0,348.0,215.0,113.0,1.0,0,1.0
144,4,420.0,432.0,222.0,140.0,1.0,3,0.466
145,1,478.0,454.0,31.0,141.0,1.0,0,0.0
145,2,529.0,262.0,194.0,122.0,1.0,3,1.0
145,3,170.0,348.0,215.0,113.0,1.0,0,1.0
145,4,416.0,432.0,222.0,140.0,1.0,3,0.466
146,1,481.0,454.0,31.0,141.0,1.0,0,0.0
146,2,526.0,262.0,194.0,122.0,1.0,3,1.0
146,3,172.0,348.0,215.0,113.0,1.0,0,1.0
146,4,413.0,432.0,222.0,140.0,1.0,3,0.466
147,1,484.0,454.0,31.0,141.0,1.0,0,0.0
147,2,522.0,262.0,194.0,122.0,1.0,3,0.99
147,3,174.0,349.0,215.0,113.0,1.0,0,1.0
147,4,410.0,433.0,222.0,140.0,1.0,3,0.461
148,1,488.0,454.0,31.0,141.0,1.0,0,0.0
148,2,519.0,262.0,194.0,122.0,1.0,3,0.974
148,3,176.0,349.0,215.0,113.0,1.0,0,1.0
148,4,407.0,433.0,222.0,140.0,1.0,3,0.461
149,1,491.0,455.0,31.0,141.0,1.0,0,0.0
149,2,516.0,262.0,194.0,122.0,1.0,3,0.959
149,3,177.0,349.0,217.0,114.0,1.0,0,1.0
149,4,403.0,433.0,222.0,140.0,1.0,3,0.461
150,1,494.0,455.0,31.0,141.0,1.0,0,0.019
150,2,512.0,262.0,194.0,122.0,1.0,3,0.938
150,3,179.0,349.0,217.0,114.0,1.0,0,1.0
150,4,400.0,433.0,222.0,140.0,1.0,3,0.459
151,1,497.0,455.0,31.0,141.0,1.0,0,0.078
151,2,509.0,262.0,194.0,122.0,1.0,3,0.923
151,3,181.0,349.0,217.0,114.0,1.0,0,0.999
151,4,397.0,433.0,222.0,140.0,1.0,3,0.45
152,1,500.0,455.0,31.0,141.0,1.0,0,0.136
152,2,505.0,263.0,194.0,122.0,1.0,3,0.902
152,3,183.0,349.0,217.0,114.0,1.0,0,0.992
152,4,393.0,433.0,222.0,140.0,1.0,3,0.442
153,1,503.0,455.0,31.0,141.0,1.0,0,0.194
153,2,502.0,263.0,194.0,122.0,1.0,3,0.887
153,3,185.0,350.0,217.0,114.0,1.0,0,0.985
153,4,390.0,433.0,222.0,140.0,1.0,3,0.434
154,1,506.0,455.0,31.0,141.0,1.0,0,0.253
154,2,498.0,263.0,194.0,122.0,1.0,3,0.866
154,3,187.0,350.0,217.0,114.0,1.0,0,0.979
154,4,387.0,433.0,222.0,140.0,1.0,3,0.426
155,1,509.0,456.0,31.0,141.0,1.0,0,0.307
155,2,495.0,263.0,194.0,122.0,1.0,3,0.851
155,3,189.0,350.0,217.0,114.0,1.0,0,0.971
155,4,383.0,433.0,222.0,140.0,1.0,3,0.418
156,1,512.0,456.0,31.0,141.0,1.0,0,0.365
156,2,492.0,263.0,192.0,121.0,1.0,3,0.833
156,3,191.0,350.0,217.0,114.0,1.0,0,0.965
156,4,380.0,433.0,222.0,140.0,1.0,3,0.41
157,1,515.0,456.0,31.0,141.0,1.0,0,0.423
157,2,488.0,263.0,192.0,121.0,1.0,3,0.812
157,3,193.0,350.0,217.0,114.0,1.0,0,0.959
157,4,377.0,433.0,222.0,140.0,1.0,3,0.402
158,1,518.0,456.0,31.0,141.0,1.0,0,0.48
158,2,485.0,263.0,192.0,121.0,1.0,3,0.797
158,3,195.0,350.0,217.0,114.0,1.0,0,0.952
158,4,374.0,433.0,222.0,140.0,1.0,3,0.394
159,1,521.0,456.0,31.0,141.0,1.0,0,0.538
159,2,481.0,263.0,192.0,121.0,1.0,3,0.776
159,3,197.0,351.0,217.0,114.0,1.0,0,0.943
159,4,370.0,433.0,222.0,140.0,1.0,3,0.386
160,1,524.0,457.0,31.0,141.0,1.0,0,0.589
160,2,478.0,263.0,192.0,121.0,1.0,3,0.76
160,3,198.0,351.0,217.0,114.0,1.0,0,0.94
160,4,367.0,434.0,222.0,140.0,1.0,3,0.374
161,1,527.0,457.0,31.0,141.0,1.0,0,0.589
161,2,474.0,264.0,192.0,121.0,1.0,3,0.74
161,3,200.0,351.0,217.0,114.0,1.0,0,0.934
161,4,364.0,434.0,222.0,140.0,1.0,3,0.374
162,1,530.0,457.0,31.0,141.0,1.0,0,0.589
162,2,471.0,264.0,192.0,121.0,1.0,3,0.724
162,3,202.0,351.0,219.0,115.0,1.0,0,0.922
162,4,360.0,434.0,222.0,140.0,1.0,3,0.374
163,1,533.0,457.0,31.0,141.0,1.0,0,0.589
163,2,467.0,264.0,192.0,121.0,1.0,3,0.703
163,3,204.0,351.0,219.0,115.0,1.0,0,0.916
163,4,357.0,434.0,224.0,141.0,1.0,3,0.375
164,1,536.0,457.0,31.0,141.0,1.0,0,0.589
164,2,464.0,264.0,192.0,121.0,1.0,3,0.688
164,3,206.0,351.0,219.0,115.0,1.0,0,0.91
164,4,354.0,434.0,224.0,141.0,1.0,3,0.375
165,1,539.0,458.0,31.0,141.0,1.0,0,0.582
165,2,461.0,264.0,192.0,121.0,1.0,3,0.672
165,3,208.0,352.0,219.0,115.0,1.0,0,0.9
165,4,351.0,434.0,224.0,141.0,1.0,3,0.376
166,1,542.0,458.0,31.0,141.0,1.0,0,0.582
166,2,457.0,264.0,192.0,121.0,1.0,3,0.651
166,3,210.0,352.0,219.0,115.0,1.0,0,0.893
166,4,347.0,434.0,224.0,141.0,1.0,3,0.381
167,1,545.0,458.0,31.0,141.0,1.0,0,0.582
167,2,454.0,264.0,192.0,121.0,1.0,3,0.635
167,3,212.0,352.0,219.0,115.0,1.0,0,0.886
167,4,344.0,434.0,224.0,141.0,1.0,3,0.397
168,1,548.0,458.0,31.0,141.0,1.0,0,0.582
168,2,450.0,264.0,192.0,121.0,1.0,3,0.615
168,3,214.0,352.0,219.0,115.0,1.0,0,0.879
168,4,341.0,434.0,224.0,141.0,1.0,3,0.412
169,1,551.0,458.0,31.0,141.0,1.0,0,0.582
169,2,447.0,265.0,192.0,121.0,1.0,3,0.599
169,3,216.0,352.0,219.0,115.0,1.0,0,0.872
169,4,337.0,434.0,224.0,141.0,1.0,3,0.43
170,1,554.0,458.0,31.0,141.0,1.0,0,0.582
170,2,443.0,265.0,192.0,121.0,1.0,3,0.578
170,3,217.0,352.0,219.0,115.0,1.0,0,0.866
170,4,334.0,434.0,224.0,141.0,1.0,3,0.446
171,1,557.0,459.0,31.0,141.0,1.0,0,0.574
171,2,440.0,265.0,192.0,121.0,1.0,3,0.562
171,3,219.0,353.0,219.0,115.0,1.0,0,0.849
171,4,331.0,434.0,224.0,141.0,1.0,3,0.456
172,1,560.0,459.0,31.0,141.0,1.0,0,0.574
172,2,437.0,265.0,192.0,121.0,1.0,3,0.547
172,3,221.0,353.0,219.0,115.0,1.0,0,0.836
172,4,328.0,434.0,224.0,141.0,1.0,3,0.456
173,1,563.0,459.0,31.0,141.0,1.0,0,0.574
173,2,433.0,265.0,192.0,121.0,1.0,3,0.537
173,3,223.0,353.0,219.0,115.0,1.0,0,0.821
173,4,324.0,434.0,224.0,141.0,1.0,3,0.456
174,1,566.0,459.0,31.0,141.0,1.0,0,0.574
174,2,430.0,265.0,192.0,121.0,1.0,3,0.533
174,3,225.0,353.0,219.0,115.0,1.0,0,0.813
174,4,321.0,435.0,224.0,141.0,1.0,3,0.452
175,1,569.0,459.0,31.0,140.0,1.0,0,0.579
175,2,426.0,265.0,192.0,121.0,1.0,3,0.527
175,3,227.0,353.0,219.0,115.0,1.0,0,0.8
175,4,318.0,435.0,224.0,141.0,1.0,3,0.452
176,1,572.0,460.0,31.0,140.0,1.0,0,0.571
176,2,423.0,265.0,192.0,121.0,1.0,3,0.524
176,3,229.0,354.0,221.0,116.0,1.0,0,0.77
176,4,314.0,435.0,224.0,141.0,1.0,3,0.452
177,1,575.0,460.0,31.0,140.0,1.0,0,0.571
177,2,419.0,265.0,192.0,121.0,1.0,3,0.518
177,3,231.0,354.0,221.0,116.0,1.0,0,0.757
177,4,311.0,435.0,224.0,141.0,1.0,3,0.452
178,1,578.0,460.0,31.0,140.0,1.0,0,0.571
178,2,416.0,266.0,192.0,121.0,1.0,3,0.513
178,3,233.0,354.0,221.0,116.0,1.0,0,0.744
178,4,308.0,435.0,224.0,141.0,1.0,3,0.452
179,1,581.0,460.0,31.0,140.0,1.0,0,0.571
179,2,412.0,266.0,192.0,121.0,1.0,3,0.508
179,3,235.0,354.0,221.0,116.0,1.0,0,0.731
179,4,305.0,435.0,224.0,141.0,1.0,3,0.452
180,1,584.0,460.0,31.0,140.0,1.0,0,0.571
180,2,409.0,266.0,190.0,120.0,1.0,3,0.499
180,3,237.0,354.0,221.0,116.0,1.0,0,0.716
180,4,301.0,435.0,224.0,141.0,1.0,3,0.452
181,1,587.0,461.0,31.0,140.0,1.0,0,0.564
181,2,406.0,266.0,190.0,120.0,1.0,3,0.495
181,3,238.0,354.0,221.0,116.0,1.0,0,0.708
181,4,298.0,435.0,224.0,141.0,1.0,3,0.459
182,1,590.0,461.0,31.0,140.0,1.0,0,0.564
182,2,402.0,266.0,190.0,120.0,1.0,3,0.491
182,3,240.0,355.0,221.0,116.0,1.0,0,0.689
182,4,295.0,435.0,224.0,141.0,1.0,3,0.469
183,1,593.0,461.0,31.0,140.0,1.0,0,0.564
183,2,399.0,266.0,190.0,120.0,1.0,3,0.487
183,3,242.0,355.0,221.0,116.0,1.0,0,0.674
183,4,291.0,435.0,224.0,141.0,1.0,3,0.482
184,1,596.0,461.0,31.0,140.0,1.0,0,0.564
184,2,395.0,266.0,190.0,120.0,1.0,3,0.481
184,3,244.0,355.0,221.0,116.0,1.0,0,0.661
184,4,288.0,435.0,224.0,141.0,1.0,3,0.492
185,1,599.0,461.0,31.0,140.0,1.0,0,0.564
185,2,392.0,266.0,190.0,120.0,1.0,3,0.477
185,3,246.0,355.0,221.0,116.0,1.0,0,0.648
185,4,285.0,435.0,224.0,141.0,1.0,3,0.502
186,1,602.0,462.0,31.0,140.0,1.0,0,0.557
186,2,388.0,266.0,190.0,120.0,1.0,3,0.472
186,3,248.0,355.0,221.0,116.0,1.0,0,0.633
186,4,281.0,435.0,224.0,141.0,1.0,3,0.515
187,1,605.0,462.0,31.0,140.0,1.0,0,0.557
187,2,385.0,267.0,190.0,120.0,1.0,3,0.465
187,3,250.0,355.0,221.0,116.0,1.0,0,0.626
187,4,278.0,436.0,225.0,142.0,1.0,3,0.514
188,1,608.0,462.0,31.0,140.0,1.0,0,0.557
188,2,382.0,267.0,190.0,120.0,1.0,3,0.463
188,3,252.0,356.0,221.0,116.0,1.0,0,0.606
188,4,275.0,436.0,225.0,142.0,1.0,3,0.524
189,1,611.0,462.0,31.0,140.0,1.0,0,0.557
189,2,378.0,267.0,190.0,120.0,1.0,3,0.458
189,3,254.0,356.0,221.0,116.0,1.0,0,0.593
189,4,272.0,436.0,225.0,142.0,1.0,3,0.534
190,1,615.0,462.0,31.0,140.0,1.0,0,0.557
190,2,375.0,267.0,190.0,120.0,1.0,3,0.454
190,3,256.0,356.0,223.0,117.0,1.0,0,0.569
190,4,268.0,436.0,225.0,142.0,1.0,3,0.547
191,1,618.0,462.0,31.0,140.0,1.0,0,0.557
191,2,371.0,267.0,190.0,120.0,1.0,3,0.448
191,3,257.0,356.0,223.0,117.0,1.0,0,0.56
191,4,265.0,436.0,225.0,142.0,1.0,3,0.557
192,1,621.0,463.0,31.0,140.0,1.0,0,0.55
192,2,368.0,267.0,190.0,120.0,1.0,3,0.444
192,3,259.0,356.0,223.0,117.0,1.0,0,0.547
192,4,262.0,436.0,225.0,142.0,1.0,3,0.566
193,1,624.0,463.0,31.0,140.0,1.0,0,0.55
193,2,364.0,267.0,190.0,120.0,1.0,3,0.439
193,3,261.0,356.0,223.0,117.0,1.0,0,0.537
193,4,258.0,436.0,225.0,142.0,1.0,3,0.579
194,1,627.0,463.0,31.0,140.0,1.0,0,0.55
194,2,361.0,267.0,190.0,120.0,1.0,3,0.438
194,3,263.0,357.0,223.0,117.0,1.0,0,0.524
194,4,255.0,436.0,225.0,142.0,1.0,3,0.589
195,1,630.0,463.0,31.0,140.0,1.0,0,0.55
195,2,358.0,268.0,190.0,120.0,1.0,3,0.431
195,3,265.0,357.0,223.0,117.0,1.0,0,0.518
195,4,252.0,436.0,225.0,142.0,1.0,3,0.599
196,1,633.0,463.0,31.0,140.0,1.0,0,0.55
196,2,354.0,268.0,190.0,120.0,1.0,3,0.425
196,3,267.0,357.0,223.0,117.0,1.0,0,0.512
196,4,249.0,436.0,225.0,142.0,1.0,3,0.609
197,1,636.0,464.0,31.0,140.0,1.0,0,0.543
197,2,351.0,268.0,190.0,120.0,1.0,3,0.421
197,3,269.0,357.0,223.0,117.0,1.0,0,0.506
197,4,245.0,436.0,225.0,142.0,1.0,3,0.622
198,1,639.0,464.0,31.0,140.0,1.0,0,0.543
198,2,347.0,268.0,190.0,120.0,1.0,3,0.416
198,3,271.0,357.0,223.0,117.0,1.0,0,0.5
198,4,242.0,436.0,225.0,142.0,1.0,3,0.631
199,1,642.0,464.0,31.0,140.0,1.0,0,0.543
199,2,344.0,268.0,190.0,120.0,1.0,3,0.412
199,3,273.0,357.0,223.0,117.0,1.0,0,0.494
199,4,239.0,436.0,225.0,142.0,1.0,3,0.641
200,1,645.0,464.0,31.0,140.0,1.0,0,0.543
200,2,340.0,268.0,190.0,120.0,1.0,3,0.411
200,3,275.0,358.0,223.0,117.0,1.0,0,0.487
200,4,235.0,437.0,225.0,142.0,1.0,3,0.648
201,1,648.0,464.0,31.0,140.0,1.0,0,0.543
201,2,337.0,268.0,190.0,120.0,1.0,3,0.407
201,3,277.0,358.0,223.0,117.0,1.0,0,0.481
201,4,232.0,437.0,225.0,142.0,1.0,3,0.658
202,1,651.0,465.0,31.0,140.0,1.0,0,0.536
202,2,333.0,268.0,190.0,120.0,1.0,3,0.407
202,3,278.0,358.0,223.0,117.0,1.0,0,0.478
202,4,229.0,437.0,225.0,142.0,1.0,3,0.667
203,1,654.0,465.0,31.0,140.0,1.0,0,0.536
203,2,330.0,268.0,190.0,120.0,1.0,3,0.418
203,3,280.0,358.0,225.0,118.0,1.0,0,0.464
203,4,226.0,437.0,225.0,142.0,1.0,3,0.677
204,1,657.0,465.0,31.0,140.0,1.0,0,0.536
204,2,327.0,269.0,189.0,119.0,1.0,3,0.431
204,3,282.0,358.0,225.0,118.0,1.0,0,0.458
204,4,222.0,437.0,225.0,142.0,1.0,3,0.69
205,1,660.0,465.0,30.0,139.0,1.0,0,0.54
205,2,323.0,269.0,189.0,119.0,1.0,3,0.452
205,3,284.0,359.0,225.0,118.0,1.0,0,0.447
205,4,219.0,437.0,225.0,142.0,1.0,3,0.7
206,1,663.0,465.0,30.0,139.0,1.0,0,0.54
206,2,320.0,269.0,189.0,119.0,1.0,3,0.464
206,3,286.0,359.0,225.0,118.0,1.0,0,0.441
206,4,216.0,437.0,225.0,142.0,1.0,3,0.709
207,1,666.0,466.0,30.0,139.0,1.0,0,0.532
207,2,316.0,269.0,189.0,119.0,1.0,3,0.48
207,3,288.0,359.0,225.0,118.0,1.0,0,0.435
207,4,212.0,437.0,225.0,142.0,1.0,3,0.722
208,1,669.0,466.0,30.0,139.0,1.0,0,0.532
208,2,313.0,269.0,189.0,119.0,1.0,3,0.492
208,3,290.0,359.0,225.0,118.0,1.0,0,0.432
208,4,209.0,437.0,225.0,142.0,1.0,3,0.725
209,1,672.0,466.0,30.0,139.0,1.0,0,0.532
209,2,309.0,269.0,189.0,119.0,1.0,3,0.508
209,3,292.0,359.0,225.0,118.0,1.0,0,0.431
209,4,206.0,437.0,225.0,142.0,1.0,3,0.725
210,1,675.0,466.0,30.0,139.0,1.0,0,0.532
210,2,306.0,269.0,189.0,119.0,1.0,3,0.52
210,3,294.0,359.0,225.0,118.0,1.0,0,0.429
210,4,203.0,437.0,225.0,142.0,1.0,3,0.725
211,1,678.0,466.0,30.0,139.0,1.0,0,0.532
211,2,303.0,269.0,189.0,119.0,1.0,3,0.538
211,3,296.0,360.0,225.0,118.0,1.0,0,0.421
211,4,199.0,437.0,227.0,143.0,1.0,3,0.72
212,1,681.0,466.0,30.0,139.0,1.0,0,0.532
212,2,299.0,269.0,189.0,119.0,1.0,3,0.554
212,3,298.0,360.0,225.0,118.0,1.0,0,0.42
212,4,196.0,437.0,227.0,143.0,1.0,3,0.72
213,1,684.0,467.0,30.0,139.0,1.0,0,0.525
213,2,296.0,270.0,189.0,119.0,1.0,3,0.564
213,3,299.0,360.0,225.0,118.0,1.0,0,0.422
213,4,193.0,437.0,227.0,143.0,1.0,3,0.72
214,1,687.0,467.0,30.0,139.0,1.0,0,0.525
214,2,292.0,270.0,189.0,119.0,1.0,3,0.588
214,3,301.0,360.0,225.0,118.0,1.0,0,0.436
214,4,189.0,438.0,227.0,143.0,1.0,3,0.713
215,1,690.0,467.0,30.0,139.0,1.0,0,0.525
215,2,289.0,270.0,189.0,119.0,1.0,3,0.606
215,3,303.0,360.0,225.0,118.0,1.0,0,0.443
215,4,186.0,438.0,227.0,143.0,1.0,3,0.713
216,1,693.0,467.0,30.0,139.0,1.0,0,0.525
216,2,285.0,270.0,189.0,119.0,1.0,3,0.63
216,3,305.0,360.0,225.0,118.0,1.0,0,0.451
216,4,183.0,438.0,227.0,143.0,1.0,3,0.713
217,1,696.0,467.0,30.0,139.0,1.0,0,0.525
217,2,282.0,270.0,189.0,119.0,1.0,3,0.654
217,3,307.0,361.0,227.0,119.0,1.0,0,0.458
217,4,179.0,438.0,227.0,143.0,1.0,3,0.713
218,1,699.0,468.0,30.0,139.0,1.0,0,0.518
218,2,279.0,270.0,189.0,119.0,1.0,3,0.673
218,3,309.0,361.0,227.0,119.0,1.0,0,0.466
218,4,176.0,438.0,227.0,143.0,1.0,3,0.713
219,1,702.0,468.0,30.0,139.0,1.0,0,0.518
219,2,275.0,270.0,189.0,119.0,1.0,3,0.696
219,3,311.0,361.0,227.0,119.0,1.0,0,0.474
219,4,173.0,438.0,227.0,143.0,1.0,3,0.713
220,1,705.0,468.0,30.0,139.0,1.0,0,0.518
220,2,272.0,270.0,189.0,119.0,1.0,3,0.715
220,3,313.0,361.0,227.0,119.0,1.0,0,0.482
220,4,170.0,438.0,227.0,143.0,1.0,3,0.713
221,1,708.0,468.0,30.0,139.0,1.0,0,0.518
221,2,268.0,270.0,189.0,119.0,1.0,3,0.738
221,3,315.0,361.0,227.0,119.0,1.0,0,0.491
221,4,166.0,438.0,227.0,143.0,1.0,3,0.713
222,1,711.0,468.0,30.0,139.0,1.0,0,0.518
222,2,265.0,271.0,189.0,119.0,1.0,3,0.751
222,3,317.0,361.0,227.0,119.0,1.0,0,0.499
222,4,163.0,438.0,227.0,143.0,1.0,3,0.713
223,1,714.0,469.0,30.0,139.0,1.0,0,0.511
223,2,261.0,271.0,189.0,119.0,1.0,3,0.779
223,3,318.0,362.0,227.0,119.0,1.0,0,0.502
223,4,160.0,438.0,227.0,143.0,1.0,3,0.713
224,1,717.0,469.0,30.0,139.0,1.0,0,0.511
224,2,258.0,271.0,189.0,119.0,1.0,3,0.797
224,3,320.0,362.0,227.0,119.0,1.0,0,0.512
224,4,156.0,438.0,227.0,143.0,1.0,3,0.713
225,1,720.0,469.0,30.0,139.0,1.0,0,0.511
225,2,254.0,271.0,189.0,119.0,1.0,3,0.821
225,3,322.0,362.0,227.0,119.0,1.0,0,0.52
225,4,153.0,438.0,227.0,143.0,1.0,3,0.713
226,1,723.0,469.0,30.0,139.0,1.0,0,0.511
226,2,251.0,271.0,189.0,119.0,1.0,3,0.839
226,3,324.0,362.0,227.0,119.0,1.0,0,0.528
226,4,150.0,438.0,227.0,143.0,1.0,3,0.713
227,1,726.0,469.0,30.0,139.0,1.0,0,0.511
227,2,248.0,271.0,189.0,119.0,1.0,3,0.858
227,3,326.0,362.0,227.0,119.0,1.0,0,0.538
227,4,147.0,439.0,227.0,143.0,1.0,3,0.706
228,1,729.0,469.0,30.0,139.0,1.0,0,0.511
228,2,244.0,271.0,189.0,119.0,1.0,3,0.874
228,3,328.0,363.0,227.0,119.0,1.0,0,0.545
228,4,143.0,439.0,227.0,143.0,1.0,3,0.706
229,1,732.0,470.0,30.0,139.0,1.0,0,0.504
229,2,241.0,271.0,187.0,118.0,1.0,3,0.885
229,3,330.0,363.0,227.0,119.0,1.0,0,0.553
229,4,140.0,439.0,227.0,143.0,1.0,3,0.706
230,1,735.0,470.0,30.0,139.0,1.0,0,0.504
230,2,237.0,272.0,187.0,118.0,1.0,3,0.887
230,3,332.0,363.0,227.0,119.0,1.0,0,0.561
230,4,137.0,439.0,227.0,143.0,1.0,3,0.706
231,1,738.0,470.0,30.0,139.0,1.0,0,0.504
231,2,234.0,272.0,187.0,118.0,1.0,3,0.894
231,3,334.0,363.0,229.0,120.0,1.0,0,0.574
231,4,133.0,439.0,227.0,143.0,1.0,3,0.706
232,1,741.0,470.0,30.0,139.0,1.0,0,0.504
232,2,230.0,272.0,187.0,118.0,1.0,3,0.901
232,3,336.0,363.0,229.0,120.0,1.0,0,0.582
232,4,130.0,439.0,227.0,143.0,1.0,3,0.706
233,1,745.0,470.0,30.0,139.0,1.0,0,0.504
233,2,227.0,272.0,187.0,118.0,1.0,3,0.907
233,3,338.0,363.0,229.0,120.0,1.0,0,0.59
233,4,127.0,439.0,227.0,143.0,1.0,3,0.706
234,1,748.0,471.0,30.0,139.0,1.0,0,0.496
234,2,224.0,272.0,187.0,118.0,1.0,3,0.915
234,3,339.0,364.0,229.0,120.0,1.0,0,0.593
234,4,124.0,439.0,229.0,144.0,1.0,3,0.701
235,1,751.0,471.0,30.0,138.0,1.0,0,0.5
235,2,220.0,272.0,187.0,118.0,1.0,3,0.922
235,3,341.0,364.0,229.0,120.0,1.0,0,0.603
235,4,120.0,439.0,229.0,144.0,1.0,3,0.701
236,1,754.0,471.0,30.0,138.0,1.0,0,0.5
236,2,217.0,272.0,187.0,118.0,1.0,3,0.928
236,3,343.0,364.0,229.0,120.0,1.0,0,0.611
236,4,117.0,439.0,229.0,144.0,1.0,3,0.701
237,1,757.0,471.0,30.0,138.0,1.0,0,0.5
237,2,213.0,272.0,187.0,118.0,1.0,3,0.935
237,3,345.0,364.0,229.0,120.0,1.0,0,0.616
237,4,114.0,439.0,229.0,144.0,1.0,3,0.701
238,1,760.0,471.0,30.0,138.0,1.0,0,0.5
238,2,210.0,272.0,187.0,118.0,1.0,3,0.941
238,3,347.0,364.0,229.0,120.0,1.0,0,0.616
238,4,110.0,439.0,229.0,144.0,1.0,3,0.701
239,1,763.0,472.0,30.0,138.0,1.0,0,0.493
239,2,206.0,273.0,187.0,118.0,1.0,3,0.946
239,3,349.0,364.0,229.0,120.0,1.0,0,0.616
239,4,107.0,439.0,229.0,144.0,1.0,3,0.701
240,1,766.0,472.0,30.0,138.0,1.0,0,0.493
240,2,203.0,273.0,187.0,118.0,1.0,3,0.954
240,3,351.0,365.0,229.0,120.0,1.0,0,0.616
240,4,104.0,440.0,229.0,144.0,1.0,3,0.694
241,1,769.0,472.0,30.0,138.0,1.0,0,0.493
241,2,199.0,273.0,187.0,118.0,1.0,3,0.961
241,3,353.0,365.0,229.0,120.0,1.0,0,0.616
241,4,101.0,440.0,229.0,144.0,1.0,3,0.694
242,1,772.0,472.0,30.0,138.0,1.0,0,0.493
242,2,196.0,273.0,187.0,118.0,1.0,3,0.967
242,3,355.0,365.0,229.0,120.0,1.0,0,0.616
242,4,97.0,440.0,229.0,144.0,1.0,3,0.694
243,1,775.0,472.0,30.0,138.0,1.0,0,0.493
243,2,193.0,273.0,187.0,118.0,1.0,3,0.973
243,3,357.0,365.0,229.0,120.0,1.0,0,0.616
243,4,94.0,440.0,229.0,144.0,1.0,3,0.694
244,1,778.0,473.0,30.0,138.0,1.0,0,0.486
244,2,189.0,273.0,187.0,118.0,1.0,3,0.98
244,3,359.0,365.0,229.0,120.0,1.0,0,0.616
244,4,91.0,440.0,229.0,144.0,1.0,3,0.694
245,1,781.0,473.0,30.0,138.0,1.0,0,0.486
245,2,186.0,273.0,187.0,118.0,1.0,3,0.985
245,3,360.0,365.0,231.0,121.0,1.0,0,0.619
245,4,87.0,440.0,229.0,144.0,1.0,3,0.694
246,1,784.0,473.0,30.0,138.0,1.0,0,0.486
246,2,182.0,273.0,187.0,118.0,1.0,3,0.992
246,3,362.0,366.0,231.0,121.0,1.0,0,0.619
246,4,84.0,440.0,229.0,144.0,1.0,3,0.694
247,1,787.0,473.0,30.0,138.0,1.0,0,0.486
247,2,179.0,273.0,187.0,118.0,1.0,3,0.998
247,3,364.0,366.0,231.0,121.0,1.0,0,0.619
247,4,81.0,440.0,229.0,144.0,1.0,3,0.694
248,1,790.0,473.0,30.0,138.0,1.0,0,0.486
248,2,175.0,274.0,187.0,118.0,1.0,3,1.0
248,3,366.0,366.0,231.0,121.0,1.0,0,0.619
248,4,77.0,440.0,229.0,144.0,1.0,3,0.694
249,1,793.0,473.0,30.0,138.0,1.0,0,0.486
249,2,172.0,274.0,187.0,118.0,1.0,3,1.0
249,3,368.0,366.0,231.0,121.0,1.0,0,0.619
249,4,74.0,440.0,229.0,144.0,1.0,3,0.694
250,1,796.0,474.0,30.0,138.0,1.0,0,0.478
250,2,169.0,274.0,187.0,118.0,1.0,3,1.0
250,3,370.0,366.0,231.0,121.0,1.0,0,0.619
250,4,71.0,440.0,229.0,144.0,1.0,3,0.694
251,1,799.0,474.0,30.0,138.0,1.0,0,0.478
251,2,165.0,274.0,187.0,118.0,1.0,3,1.0
251,3,372.0,366.0,231.0,121.0,1.0,0,0.619
251,4,68.0,440.0,229.0,144.0,1.0,3,0.694
252,1,802.0,474.0,30.0,138.0,1.0,0,0.478
252,2,162.0,274.0,187.0,118.0,1.0,3,1.0
252,3,374.0,367.0,231.0,121.0,1.0,0,0.619
252,4,64.0,440.0,229.0,144.0,1.0,3,0.694
253,1,805.0,474.0,30.0,138.0,1.0,0,0.478
253,2,158.0,274.0,186.0,117.0,1.0,3,1.0
253,3,376.0,367.0,231.0,121.0,1.0,0,0.619
253,4,61.0,440.0,229.0,144.0,1.0,3,0.694
254,1,808.0,474.0,30.0,138.0,1.0,0,0.478
254,2,155.0,274.0,186.0,117.0,1.0,3,1.0
254,3,378.0,367.0,231.0,121.0,1.0,0,0.619
254,4,58.0,441.0,229.0,144.0,1.0,3,0.688
255,1,811.0,475.0,30.0,138.0,1.0,0,0.471
255,2,151.0,274.0,186.0,117.0,1.0,3,1.0
255,3,379.0,367.0,231.0,121.0,1.0,0,0.619
255,4,54.0,441.0,229.0,144.0,1.0,3,0.688
256,1,814.0,475.0,30.0,138.0,1.0,0,0.471
256,2,148.0,275.0,186.0,117.0,1.0,3,1.0
256,3,381.0,367.0,231.0,121.0,1.0,0,0.619
256,4,51.0,441.0,229.0,144.0,1.0,3,0.688
257,1,817.0,475.0,30.0,138.0,1.0,0,0.471
257,2,145.0,275.0,186.0,117.0,1.0,3,1.0
257,3,383.0,368.0,231.0,121.0,1.0,0,0.619
257,4,48.0,441.0,229.0,144.0,1.0,3,0.688
258,1,820.0,475.0,30.0,138.0,1.0,0,0.471
258,2,141.0,275.0,186.0,117.0,1.0,3,1.0
258,3,385.0,368.0,233.0,122.0,1.0,0,0.622
258,4,45.0,441.0,230.0,145.0,1.0,3,0.683
259,1,823.0,475.0,30.0,138.0,1.0,0,0.471
259,2,138.0,275.0,186.0,117.0,1.0,3,1.0
259,3,387.0,368.0,233.0,122.0,1.0,0,0.622
259,4,41.0,441.0,230.0,145.0,1.0,3,0.683
260,1,826.0,476.0,30.0,138.0,1.0,0,0.464
260,2,134.0,275.0,186.0,117.0,1.0,3,1.0
260,3,389.0,368.0,233.0,122.0,1.0,0,0.622
260,4,38.0,441.0,230.0,145.0,1.0,3,0.683
261,1,829.0,476.0,30.0,138.0,1.0,0,0.464
261,2,131.0,275.0,186.0,117.0,1.0,3,1.0
261,3,391.0,368.0,233.0,122.0,1.0,0,0.622
261,4,35.0,441.0,230.0,145.0,1.0,3,0.683
262,1,832.0,476.0,30.0,138.0,1.0,0,0.464
262,2,127.0,275.0,186.0,117.0,1.0,3,1.0
262,3,393.0,368.0,233.0,122.0,1.0,0,0.622
262,4,31.0,441.0,230.0,145.0,1.0,3,0.683
263,1,835.0,476.0,30.0,138.0,1.0,0,0.464
263,2,124.0,275.0,186.0,117.0,1.0,3,1.0
263,3,395.0,369.0,233.0,122.0,1.0,0,0.622
263,4,28.0,441.0,230.0,145.0,1.0,3,0.683
264,1,838.0,476.0,30.0,138.0,1.0,0,0.464
264,2,120.0,275.0,186.0,117.0,1.0,3,1.0
264,3,397.0,369.0,233.0,122.0,1.0,0,0.622
264,4,25.0,441.0,230.0,145.0,1.0,3,0.683
265,1,841.0,476.0,30.0,137.0,1.0,0,0.467
265,2,117.0,276.0,186.0,117.0,1.0,3,1.0
265,3,399.0,369.0,233.0,122.0,1.0,0,0.622
265,4,22.0,441.0,230.0,145.0,1.0,3,0.683
266,1,844.0,477.0,30.0,137.0,1.0,0,0.46
266,2,114.0,276.0,186.0,117.0,1.0,3,1.0
266,3,400.0,369.0,233.0,122.0,1.0,0,0.622
266,4,18.0,441.0,230.0,145.0,1.0,3,0.683
267,1,847.0,477.0,30.0,137.0,1.0,0,0.46
267,2,110.0,276.0,186.0,117.0,1.0,3,1.0
267,3,402.0,369.0,233.0,122.0,1.0,0,0.622
267,4,15.0,442.0,230.0,145.0,1.0,3,0.676
268,1,850.0,477.0,30.0,137.0,1.0,0,0.46
268,2,107.0,276.0,186.0,117.0,1.0,3,1.0
268,3,404.0,369.0,233.0,122.0,1.0,0,0.622
268,4,12.0,442.0,230.0,145.0,1.0,3,0.676
269,1,853.0,477.0,30.0,137.0,1.0,0,0.46
269,2,103.0,276.0,186.0,117.0,1.0,3,1.0
269,3,406.0,370.0,233.0,122.0,1.0,0,0.622
269,4,8.0,442.0,230.0,145.0,1.0,3,0.676
270,1,856.0,477.0,30.0,137.0,1.0,0,0.46
270,2,100.0,276.0,186.0,117.0,1.0,3,1.0
270,3,408.0,370.0,233.0,122.0,1.0,0,0.622
270,4,5.0,442.0,230.0,145.0,1.0,3,0.676
271,1,859.0,478.0,30.0,137.0,1.0,0,0.453
271,2,96.0,276.0,186.0,117.0,1.0,3,1.0
271,3,410.0,370.0,233.0,122.0,1.0,0,0.622
271,4,2.0,442.0,230.0,145.0,1.0,3,0.676
272,1,862.0,478.0,30.0,137.0,1.0,0,0.453
272,2,93.0,276.0,186.0,117.0,1.0,3,1.0
272,3,412.0,370.0,234.0,123.0,1.0,0,0.624
272,4,-1.0,442.0,230.0,145.0,1.0,3,0.673
273,1,865.0,478.0,30.0,137.0,1.0,0,0.453
273,2,90.0,276.0,186.0,117.0,1.0,3,1.0
273,3,414.0,370.0,234.0,123.0,1.0,0,0.624
273,4,-5.0,442.0,230.0,145.0,1.0,3,0.661
274,1,868.0,478.0,30.0,137.0,1.0,0,0.453
274,2,86.0,277.0,186.0,117.0,1.0,3,1.0
274,3,416.0,370.0,234.0,123.0,1.0,0,0.624
274,4,-8.0,442.0,230.0,145.0,1.0,3,0.652
275,1,871.0,478.0,30.0,137.0,1.0,0,0.453
275,2,83.0,277.0,186.0,117.0,1.0,3,1.0
275,3,418.0,371.0,234.0,123.0,1.0,0,0.624
275,4,-11.0,442.0,230.0,145.0,1.0,3,0.644
276,1,875.0,479.0,30.0,137.0,1.0,0,0.445
276,2,79.0,277.0,186.0,117.0,1.0,3,1.0
276,3,419.0,371.0,234.0,123.0,1.0,0,0.624
276,4,-15.0,442.0,230.0,145.0,1.0,3,0.632
277,1,878.0,479.0,30.0,137.0,1.0,0,0.445
277,2,76.0,277.0,184.0,116.0,1.0,3,1.0
277,3,421.0,371.0,234.0,123.0,1.0,0,0.624
277,4,-18.0,442.0,230.0,145.0,1.0,3,0.623
278,1,881.0,479.0,30.0,137.0,1.0,0,0.445
278,2,72.0,277.0,184.0,116.0,1.0,3,1.0
278,3,423.0,371.0,234.0,123.0,1.0,0,0.624
278,4,-21.0,442.0,230.0,145.0,1.0,3,0.614
279,1,884.0,479.0,30.0,137.0,1.0,0,0.445
279,2,69.0,277.0,184.0,116.0,1.0,3,1.0
279,3,425.0,371.0,234.0,123.0,1.0,0,0.624
279,4,-25.0,442.0,230.0,145.0,1.0,3,0.602
280,1,887.0,479.0,30.0,137.0,1.0,0,0.445
280,2,66.0,277.0,184.0,116.0,1.0,3,1.0
280,3,427.0,371.0,234.0,123.0,1.0,0,0.624
280,4,-28.0,443.0,230.0,145.0,1.0,3,0.588
281,1,890.0,480.0,30.0,137.0,1.0,0,0.438
281,2,62.0,277.0,184.0,116.0,1.0,3,1.0
281,3,429.0,372.0,234.0,123.0,1.0,0,0.624
281,4,-31.0,443.0,230.0,145.0,1.0,3,0.579
282,1,893.0,480.0,30.0,137.0,1.0,0,0.438
282,2,59.0,277.0,184.0,116.0,1.0,3,1.0
282,3,431.0,372.0,234.0,123.0,1.0,0,0.624
282,4,-34.0,443.0,232.0,146.0,1.0,3,0.567
283,1,896.0,480.0,30.0,137.0,1.0,0,0.438
283,2,55.0,278.0,184.0,116.0,1.0,3,1.0
283,3,433.0,372.0,234.0,123.0,1.0,0,0.624
283,4,-38.0,443.0,232.0,146.0,1.0,3,0.556
284,1,899.0,480.0,30.0,137.0,1.0,0,0.438
284,2,52.0,278.0,184.0,116.0,1.0,3,1.0
284,3,435.0,372.0,234.0,123.0,1.0,0,0.624
284,4,-41.0,443.0,232.0,146.0,1.0,3,0.547
285,1,902.0,480.0,30.0,137.0,1.0,0,0.438
285,2,48.0,278.0,184.0,116.0,1.0,3,1.0
285,3,437.0,372.0,234.0,123.0,1.0,0,0.628
285,4,-44.0,443.0,232.0,146.0,1.0,3,0.538
286,1,905.0,480.0,30.0,137.0,1.0,0,0.438
286,2,45.0,278.0,184.0,116.0,1.0,3,1.0
286,3,439.0,373.0,236.0,124.0,1.0,0,0.64
286,4,-48.0,443.0,232.0,146.0,1.0,3,0.527
287,1,908.0,481.0,30.0,137.0,1.0,0,0.431
287,2,41.0,278.0,184.0,116.0,1.0,3,1.0
287,3,440.0,373.0,236.0,124.0,1.0,0,0.644
287,4,-51.0,443.0,232.0,146.0,1.0,3,0.518
288,1,911.0,481.0,30.0,137.0,1.0,0,0.431
288,2,38.0,278.0,184.0,116.0,1.0,3,1.0
288,3,442.0,373.0,236.0,124.0,1.0,0,0.653
288,4,-54.0,443.0,232.0,146.0,1.0,3,0.51
289,1,914.0,481.0,30.0,137.0,1.0,0,0.431
289,2,35.0,278.0,184.0,116.0,1.0,3,1.0
289,3,444.0,373.0,236.0,124.0,1.0,0,0.661
289,4,-57.0,443.0,232.0,146.0,1.0,3,0.501
290,1,917.0,481.0,30.0,137.0,1.0,0,0.431
290,2,31.0,278.0,184.0,116.0,1.0,3,1.0
290,3,446.0,373.0,236.0,124.0,1.0,0,0.669
290,4,-61.0,443.0,232.0,146.0,1.0,3,0.49
291,1,920.0,481.0,30.0,137.0,1.0,0,0.431
291,2,28.0,279.0,184.0,116.0,1.0,3,1.0
291,3,448.0,373.0,236.0,124.0,1.0,0,0.678
291,4,-64.0,443.0,232.0,146.0,1.0,3,0.481
292,1,923.0,482.0,30.0,137.0,1.0,0,0.423
292,2,24.0,279.0,184.0,116.0,1.0,3,1.0
292,3,450.0,374.0,236.0,124.0,1.0,0,0.686
292,4,-67.0,443.0,232.0,146.0,1.0,3,0.473
293,1,926.0,482.0,30.0,137.0,1.0,0,0.423
293,2,21.0,279.0,184.0,116.0,1.0,3,1.0
293,3,452.0,374.0,236.0,124.0,1.0,0,0.695
293,4,-71.0,443.0,232.0,146.0,1.0,3,0.461
294,1,929.0,482.0,30.0,137.0,1.0,0,0.423
294,2,17.0,279.0,184.0,116.0,1.0,3,1.0
294,3,454.0,374.0,236.0,124.0,1.0,0,0.703
294,4,-74.0,444.0,232.0,146.0,1.0,3,0.448
295,1,932.0,482.0,30.0,136.0,1.0,0,0.398
295,2,14.0,279.0,184.0,116.0,1.0,3,1.0
295,3,456.0,374.0,236.0,124.0,1.0,0,0.712
295,4,-77.0,444.0,232.0,146.0,1.0,3,0.439
296,1,935.0,482.0,30.0,136.0,1.0,0,0.355
296,2,11.0,279.0,184.0,116.0,1.0,3,1.0
296,3,458.0,374.0,236.0,124.0,1.0,0,0.72
296,4,-80.0,444.0,232.0,146.0,1.0,3,0.431
297,1,938.0,483.0,30.0,136.0,1.0,0,0.307
297,2,7.0,279.0,184.0,116.0,1.0,3,1.0
297,3,460.0,374.0,236.0,124.0,1.0,0,0.729
297,4,-84.0,444.0,232.0,146.0,1.0,3,0.419
298,1,941.0,483.0,30.0,136.0,1.0,0,0.265
298,2,4.0,279.0,184.0,116.0,1.0,3,1.0
298,3,461.0,375.0,236.0,124.0,1.0,0,0.733
298,4,-87.0,444.0,232.0,146.0,1.0,3,0.411
299,1,944.0,483.0,30.0,136.0,1.0,0,0.224
299,2,0.0,279.0,184.0,116.0,1.0,3,1.0
299,3,463.0,375.0,238.0,125.0,1.0,0,0.744
299,4,-90.0,444.0,232.0,146.0,1.0,3,0.402
300,1,947.0,483.0,30.0,136.0,1.0,0,0.182
300,2,-3.0,280.0,184.0,116.0,1.0,3,0.984
300,3,465.0,375.0,238.0,125.0,1.0,0,0.752
300,4,-94.0,444.0,232.0,146.0,1.0,3,0.391
301,1,950.0,483.0,30.0,136.0,1.0,0,0.14
301,2,-7.0,280.0,184.0,116.0,1.0,3,0.962
301,3,467.0,375.0,238.0,125.0,1.0,0,0.761
301,4,-97.0,444.0,232.0,146.0,1.0,3,0.383
302,1,953.0,484.0,30.0,136.0,1.0,0,0.096
302,2,-10.0,280.0,183.0,115.0,1.0,3,0.945
302,3,469.0,375.0,238.0,125.0,1.0,0,0.769
302,4,-100.0,444.0,232.0,146.0,1.0,3,0.374
303,1,956.0,484.0,30.0,136.0,1.0,0,0.055
303,2,-14.0,280.0,183.0,115.0,1.0,3,0.923
303,3,471.0,375.0,238.0,125.0,1.0,0,0.777
303,4,-103.0,444.0,232.0,146.0,1.0,3,0.366
304,1,959.0,484.0,30.0,136.0,1.0,0,0.014
304,2,-17.0,280.0,183.0,115.0,1.0,3,0.907
304,3,473.0,376.0,238.0,125.0,1.0,0,0.786
304,4,-107.0,444.0,232.0,146.0,1.0,3,0.354
305,2,-20.0,280.0,183.0,115.0,1.0,3,0.891
305,3,475.0,376.0,238.0,125.0,1.0,0,0.794
305,4,-110.0,444.0,232.0,146.0,1.0,3,0.346
306,2,-24.0,280.0,183.0,115.0,1.0,3,0.869
306,3,477.0,376.0,238.0,125.0,1.0,0,0.803
306,4,-113.0,444.0,233.0,147.0,1.0,3,0.336
307,2,-27.0,280.0,183.0,115.0,1.0,3,0.852
307,3,479.0,376.0,238.0,125.0,1.0,0,0.811
307,4,-117.0,445.0,233.0,147.0,1.0,3,0.322
308,2,-31.0,280.0,183.0,115.0,1.0,3,0.831
308,3,480.0,376.0,238.0,125.0,1.0,0,0.815
308,4,-120.0,445.0,233.0,147.0,1.0,3,0.313
309,2,-34.0,281.0,183.0,115.0,1.0,3,0.814
309,3,482.0,376.0,238.0,125.0,1.0,0,0.824
309,4,-123.0,445.0,233.0,147.0,1.0,3,0.305
310,2,-38.0,281.0,183.0,115.0,1.0,3,0.792
310,3,484.0,377.0,238.0,125.0,1.0,0,0.832
310,4,-127.0,445.0,233.0,147.0,1.0,3,0.294
311,2,-41.0,281.0,183.0,115.0,1.0,3,0.776
311,3,486.0,377.0,238.0,125.0,1.0,0,0.84
311,4,-130.0,445.0,233.0,147.0,1.0,3,0.286
312,2,-44.0,281.0,183.0,115.0,1.0,3,0.76
312,3,488.0,377.0,238.0,125.0,1.0,0,0.849
312,4,-133.0,445.0,233.0,147.0,1.0,3,0.277
313,2,-48.0,281.0,183.0,115.0,1.0,3,0.738
313,3,490.0,377.0,240.0,126.0,1.0,0,0.858
313,4,-136.0,445.0,233.0,147.0,1.0,3,0.269
314,2,-51.0,281.0,183.0,115.0,1.0,3,0.721
314,3,492.0,377.0,240.0,126.0,1.0,0,0.867
314,4,-140.0,445.0,233.0,147.0,1.0,3,0.258
315,2,-55.0,281.0,183.0,115.0,1.0,3,0.699
315,3,494.0,378.0,240.0,126.0,1.0,0,0.875
315,4,-143.0,445.0,233.0,147.0,1.0,3,0.25
316,2,-58.0,281.0,183.0,115.0,1.0,3,0.683
316,3,496.0,378.0,240.0,126.0,1.0,0,0.883
316,4,-146.0,445.0,233.0,147.0,1.0,3,0.241
317,2,-62.0,281.0,183.0,115.0,1.0,3,0.661
317,3,498.0,378.0,240.0,126.0,1.0,0,0.892
317,4,-150.0,445.0,233.0,147.0,1.0,3,0.23
318,2,-65.0,282.0,183.0,115.0,1.0,3,0.645
318,3,500.0,378.0,240.0,126.0,1.0,0,0.9
318,4,-153.0,445.0,233.0,147.0,1.0,3,0.222
319,2,-68.0,282.0,183.0,115.0,1.0,3,0.628
319,3,501.0,378.0,240.0,126.0,1.0,0,0.904
319,4,-156.0,445.0,233.0,147.0,1.0,3,0.214
320,2,-72.0,282.0,183.0,115.0,1.0,3,0.607
320,3,503.0,378.0,240.0,126.0,1.0,0,0.912
320,4,-159.0,446.0,233.0,147.0,1.0,3,0.203
321,2,-75.0,282.0,183.0,115.0,1.0,3,0.59
321,3,505.0,379.0,240.0,126.0,1.0,0,0.921
321,4,-163.0,446.0,233.0,147.0,1.0,3,0.192
322,2,-79.0,282.0,183.0,115.0,1.0,3,0.568
322,3,507.0,379.0,240.0,126.0,1.0,0,0.929
322,4,-166.0,446.0,233.0,147.0,1.0,3,0.184
323,2,-82.0,282.0,183.0,115.0,1.0,3,0.552
323,3,509.0,379.0,240.0,126.0,1.0,0,0.938
323,4,-169.0,446.0,233.0,147.0,1.0,3,0.176
324,2,-86.0,282.0,183.0,115.0,1.0,3,0.53
324,3,511.0,379.0,240.0,126.0,1.0,0,0.946
324,4,-173.0,446.0,233.0,147.0,1.0,3,0.165
325,2,-89.0,282.0,183.0,115.0,1.0,3,0.514
325,3,513.0,379.0,240.0,126.0,1.0,0,0.954
325,4,-176.0,446.0,233.0,147.0,1.0,3,0.156
326,2,-93.0,283.0,181.0,114.0,1.0,3,0.486
326,3,515.0,379.0,240.0,126.0,1.0,0,0.963
326,4,-179.0,446.0,233.0,147.0,1.0,3,0.148
327,2,-96.0,283.0,181.0,114.0,1.0,3,0.47
327,3,517.0,380.0,242.0,127.0,1.0,0,0.971
327,4,-182.0,446.0,233.0,147.0,1.0,3,0.14
328,2,-99.0,283.0,181.0,114.0,1.0,3,0.453
328,3,519.0,380.0,242.0,127.0,1.0,0,0.979
328,4,-186.0,446.0,233.0,147.0,1.0,3,0.129
329,2,-103.0,283.0,181.0,114.0,1.0,3,0.431
329,3,520.0,380.0,242.0,127.0,1.0,0,0.983
329,4,-189.0,446.0,235.0,148.0,1.0,3,0.124
330,2,-106.0,283.0,181.0,114.0,1.0,3,0.414
330,3,522.0,380.0,242.0,127.0,1.0,0,0.992
330,4,-192.0,446.0,235.0,148.0,1.0,3,0.116
331,2,-110.0,283.0,181.0,114.0,1.0,3,0.392
331,3,524.0,380.0,242.0,127.0,1.0,0,1.0
331,4,-196.0,446.0,235.0,148.0,1.0,3,0.105
332,2,-113.0,283.0,181.0,114.0,1.0,3,0.376
332,3,526.0,380.0,242.0,127.0,1.0,0,1.0
332,4,-199.0,446.0,235.0,148.0,1.0,3,0.097
333,2,-117.0,283.0,181.0,114.0,1.0,3,0.354
333,3,528.0,381.0,242.0,127.0,1.0,0,1.0
333,4,-202.0,447.0,235.0,148.0,1.0,3,0.088
334,2,-120.0,283.0,181.0,114.0,1.0,3,0.337
334,3,530.0,381.0,242.0,127.0,1.0,0,1.0
334,4,-205.0,447.0,235.0,148.0,1.0,3,0.08
335,2,-123.0,284.0,181.0,114.0,1.0,3,0.32
335,3,532.0,381.0,242.0,127.0,1.0,0,1.0
335,4,-209.0,447.0,235.0,148.0,1.0,3,0.07
336,2,-127.0,284.0,181.0,114.0,1.0,3,0.298
336,3,534.0,381.0,242.0,127.0,1.0,0,1.0
336,4,-212.0,447.0,235.0,148.0,1.0,3,0.062
337,2,-130.0,284.0,181.0,114.0,1.0,3,0.282
337,3,536.0,381.0,242.0,127.0,1.0,0,1.0
337,4,-215.0,447.0,235.0,148.0,1.0,3,0.053
338,2,-134.0,284.0,181.0,114.0,1.0,3,0.26
338,3,538.0,382.0,242.0,127.0,1.0,0,1.0
338,4,-219.0,447.0,235.0,148.0,1.0,3,0.043
339,2,-137.0,284.0,181.0,114.0,1.0,3,0.243
339,3,540.0,382.0,242.0,127.0,1.0,0,1.0
339,4,-222.0,447.0,235.0,148.0,1.0,3,0.035
340,2,-141.0,284.0,181.0,114.0,1.0,3,0.221
340,3,541.0,382.0,244.0,128.0,1.0,0,1.0
340,4,-225.0,447.0,235.0,148.0,1.0,3,0.027
341,2,-144.0,284.0,181.0,114.0,1.0,3,0.204
341,3,543.0,382.0,244.0,128.0,1.0,0,1.0
341,4,-229.0,447.0,235.0,148.0,1.0,3,0.016
342,2,-147.0,284.0,181.0,114.0,1.0,3,0.188
342,3,545.0,382.0,244.0,128.0,1.0,0,1.0
342,4,-232.0,447.0,235.0,148.0,1.0,3,0.008
343,2,-151.0,284.0,181.0,114.0,1.0,3,0.166
343,3,547.0,382.0,244.0,128.0,1.0,0,1.0
344,2,-154.0,285.0,181.0,114.0,1.0,3,0.149
344,3,549.0,383.0,244.0,128.0,1.0,0,1.0
345,2,-158.0,285.0,181.0,114.0,1.0,3,0.127
345,3,551.0,383.0,244.0,128.0,1.0,0,1.0
346,2,-161.0,285.0,181.0,114.0,1.0,3,0.11
346,3,553.0,383.0,244.0,128.0,1.0,0,1.0
347,2,-165.0,285.0,181.0,114.0,1.0,3,0.088
347,3,555.0,383.0,244.0,128.0,1.0,0,1.0
348,2,-168.0,285.0,181.0,114.0,1.0,3,0.072
348,3,557.0,383.0,244.0,128.0,1.0,0,1.0
349,2,-172.0,285.0,181.0,114.0,1.0,3,0.05
349,3,559.0,383.0,244.0,128.0,1.0,0,1.0
350,2,-175.0,285.0,179.0,113.0,1.0,3,0.022
350,3,561.0,384.0,244.0,128.0,1.0,0,1.0
351,2,-178.0,285.0,179.0,113.0,1.0,3,0.006
351,3,562.0,384.0,244.0,128.0,1.0,0,1.0
352,3,564.0,384.0,244.0,128.0,1.0,0,1.0
353,3,566.0,384.0,244.0,128.0,1.0,0,1.0
354,3,568.0,384.0,246.0,129.0,1.0,0,1.0
355,3,570.0,384.0,246.0,129.0,1.0,0,1.0
356,3,572.0,385.0,246.0,129.0,1.0,0,1.0
357,3,574.0,385.0,246.0,129.0,1.0,0,1.0
358,3,576.0,385.0,246.0,129.0,1.0,0,1.0
359,3,578.0,385.0,246.0,129.0,1.0,0,1.0
360,3,580.0,385.0,246.0,129.0,1.0,0,1.0
361,3,581.0,385.0,246.0,129.0,1.0,0,1.0
362,3,583.0,386.0,246.0,129.0,1.0,0,1.0
363,3,585.0,386.0,246.0,129.0,1.0,0,1.0
364,3,587.0,386.0,246.0,129.0,1.0,0,1.0
365,3,589.0,386.0,246.0,129.0,1.0,0,1.0
366,3,591.0,386.0,246.0,129.0,1.0,0,1.0
367,3,593.0,387.0,246.0,129.0,1.0,0,1.0
368,3,595.0,387.0,248.0,130.0,1.0,0,1.0
369,3,597.0,387.0,248.0,130.0,1.0,0,1.0
370,3,599.0,387.0,248.0,130.0,1.0,0,1.0
371,3,601.0,387.0,248.0,130.0,1.0,0,1.0
372,1,-27.0,497.0,29.0,134.0,1.0,0,0.022
372,3,602.0,387.0,248.0,130.0,1.0,0,1.0
373,1,-24.0,497.0,29.0,134.0,1.0,0,0.055
373,3,604.0,388.0,248.0,130.0,1.0,0,1.0
374,1,-21.0,497.0,29.0,134.0,1.0,0,0.089
374,3,606.0,388.0,248.0,130.0,1.0,0,1.0
375,1,-18.0,497.0,29.0,134.0,1.0,0,0.122
375,3,608.0,388.0,248.0,130.0,1.0,0,1.0
376,1,-15.0,498.0,29.0,134.0,1.0,0,0.151
376,3,610.0,388.0,248.0,130.0,1.0,0,1.0
377,1,-12.0,498.0,29.0,134.0,1.0,0,0.184
377,3,612.0,388.0,248.0,130.0,1.0,0,1.0
378,1,-9.0,498.0,29.0,134.0,1.0,0,0.216
378,3,614.0,388.0,248.0,130.0,1.0,0,1.0
379,1,-6.0,498.0,29.0,134.0,1.0,0,0.249
379,3,616.0,389.0,248.0,130.0,1.0,0,1.0
380,1,-2.0,498.0,29.0,134.0,1.0,0,0.292
380,3,618.0,389.0,248.0,130.0,1.0,0,1.0
381,1,1.0,498.0,29.0,134.0,1.0,0,0.313
381,3,620.0,389.0,250.0,131.0,1.0,0,1.0
382,1,4.0,499.0,29.0,134.0,1.0,0,0.306
382,3,622.0,389.0,250.0,131.0,1.0,0,1.0
383,1,7.0,499.0,29.0,134.0,1.0,0,0.306
383,3,623.0,389.0,250.0,131.0,1.0,0,1.0
384,1,10.0,499.0,29.0,134.0,1.0,0,0.306
384,3,625.0,389.0,250.0,131.0,1.0,0,1.0
385,1,13.0,499.0,29.0,133.0,1.0,0,0.308
385,3,627.0,390.0,250.0,131.0,1.0,0,1.0
386,1,16.0,499.0,29.0,133.0,1.0,0,0.308
386,3,629.0,390.0,250.0,131.0,1.0,0,1.0
387,1,19.0,500.0,29.0,133.0,1.0,0,0.301
387,3,631.0,390.0,250.0,131.0,1.0,0,1.0
388,1,22.0,500.0,29.0,133.0,1.0,0,0.301
388,3,633.0,390.0,250.0,131.0,1.0,0,1.0
389,1,25.0,500.0,29.0,133.0,1.0,0,0.301
389,3,635.0,390.0,250.0,131.0,1.0,0,1.0
390,1,28.0,500.0,29.0,133.0,1.0,0,0.301
390,3,637.0,390.0,250.0,131.0,1.0,0,1.0
391,1,31.0,500.0,29.0,133.0,1.0,0,0.301
391,3,639.0,391.0,250.0,131.0,1.0,0,1.0
392,1,34.0,501.0,29.0,133.0,1.0,0,0.293
392,3,641.0,391.0,250.0,131.0,1.0,0,1.0
393,1,37.0,501.0,29.0,133.0,1.0,0,0.293
393,3,642.0,391.0,250.0,131.0,1.0,0,1.0
394,1,40.0,501.0,29.0,133.0,1.0,0,0.293
394,3,644.0,391.0,250.0,131.0,1.0,0,1.0
395,1,43.0,501.0,29.0,133.0,1.0,0,0.293
395,3,646.0,391.0,252.0,132.0,1.0,0,1.0
396,1,46.0,501.0,29.0,133.0,1.0,0,0.293
396,3,648.0,392.0,252.0,132.0,1.0,0,1.0
397,1,49.0,502.0,29.0,133.0,1.0,0,0.286
397,3,650.0,392.0,252.0,132.0,1.0,0,1.0
398,1,52.0,502.0,29.0,133.0,1.0,0,0.286
398,3,652.0,392.0,252.0,132.0,1.0,0,1.0
399,1,55.0,502.0,29.0,133.0,1.0,0,0.286
399,3,654.0,392.0,252.0,132.0,1.0,0,1.0
400,1,58.0,502.0,29.0,133.0,1.0,0,0.286
400,3,656.0,392.0,252.0,132.0,1.0,0,1.0
401,1,61.0,502.0,29.0,133.0,1.0,0,0.286
401,3,658.0,392.0,252.0,132.0,1.0,0,1.0
402,1,64.0,502.0,29.0,133.0,1.0,0,0.286
402,3,660.0,393.0,252.0,132.0,1.0,0,1.0
403,1,67.0,503.0,29.0,133.0,1.0,0,0.278
403,3,662.0,393.0,252.0,132.0,1.0,0,1.0
404,1,70.0,503.0,29.0,133.0,1.0,0,0.278
404,3,663.0,393.0,252.0,132.0,1.0,0,1.0
405,1,73.0,503.0,29.0,133.0,1.0,0,0.278
405,3,665.0,393.0,252.0,132.0,1.0,0,1.0
406,1,76.0,503.0,29.0,133.0,1.0,0,0.278
406,3,667.0,393.0,252.0,132.0,1.0,0,1.0
406,4,957.0,452.0,240.0,151.0,1.0,3,0.007
407,1,79.0,503.0,29.0,133.0,1.0,0,0.278
407,3,669.0,393.0,252.0,132.0,1.0,0,1.0
407,4,954.0,452.0,240.0,151.0,1.0,3,0.015
408,1,82.0,504.0,29.0,133.0,1.0,0,0.271
408,3,671.0,394.0,252.0,132.0,1.0,0,1.0
408,4,951.0,452.0,240.0,151.0,1.0,3,0.022
409,1,85.0,504.0,29.0,133.0,1.0,0,0.271
409,3,673.0,394.0,254.0,133.0,1.0,0,1.0
409,4,947.0,452.0,240.0,151.0,1.0,3,0.032
410,1,88.0,504.0,29.0,133.0,1.0,0,0.271
410,2,959.0,292.0,176.0,111.0,1.0,3,0.006
410,3,675.0,394.0,254.0,133.0,1.0,0,1.0
410,4,944.0,452.0,240.0,151.0,1.0,3,0.039
411,1,91.0,504.0,29.0,133.0,1.0,0,0.271
411,2,955.0,292.0,176.0,111.0,1.0,3,0.028
411,3,677.0,394.0,254.0,133.0,1.0,0,1.0
411,4,941.0,452.0,240.0,151.0,1.0,3,0.046
412,1,94.0,504.0,29.0,133.0,1.0,0,0.271
412,2,952.0,292.0,176.0,111.0,1.0,3,0.045
412,3,679.0,394.0,254.0,133.0,1.0,0,1.0
412,4,937.0,452.0,240.0,151.0,1.0,3,0.056
413,1,97.0,505.0,29.0,133.0,1.0,0,0.263
413,2,948.0,293.0,176.0,111.0,1.0,3,0.068
413,3,681.0,394.0,254.0,133.0,1.0,0,0.998
413,4,934.0,453.0,240.0,151.0,1.0,3,0.062
414,1,100.0,505.0,29.0,133.0,1.0,0,0.263
414,2,945.0,293.0,176.0,111.0,1.0,3,0.085
414,3,682.0,395.0,254.0,133.0,1.0,0,0.989
414,4,931.0,453.0,240.0,151.0,1.0,3,0.07
415,1,103.0,505.0,29.0,132.0,1.0,0,0.265
415,2,942.0,293.0,176.0,111.0,1.0,3,0.102
415,3,684.0,395.0,254.0,133.0,1.0,0,0.978
415,4,928.0,453.0,240.0,151.0,1.0,3,0.077
416,1,106.0,505.0,29.0,132.0,1.0,0,0.265
416,2,938.0,293.0,176.0,111.0,1.0,3,0.124
416,3,686.0,395.0,254.0,133.0,1.0,0,0.964
416,4,924.0,453.0,240.0,151.0,1.0,3,0.086
417,1,109.0,505.0,29.0,132.0,1.0,0,0.265
417,2,935.0,293.0,176.0,111.0,1.0,3,0.139
417,3,688.0,395.0,254.0,133.0,1.0,0,0.953
417,4,921.0,453.0,240.0,151.0,1.0,3,0.094
418,1,112.0,506.0,29.0,132.0,1.0,0,0.258
418,2,931.0,293.0,176.0,111.0,1.0,3,0.159
418,3,690.0,395.0,254.0,133.0,1.0,0,0.942
418,4,918.0,453.0,240.0,151.0,1.0,3,0.101
419,1,115.0,506.0,29.0,132.0,1.0,0,0.258
419,2,928.0,293.0,176.0,111.0,1.0,3,0.174
419,3,692.0,395.0,254.0,133.0,1.0,0,0.929
419,4,914.0,453.0,240.0,151.0,1.0,3,0.11
420,1,118.0,506.0,29.0,132.0,1.0,0,0.258
420,2,924.0,293.0,176.0,111.0,1.0,3,0.195
420,3,694.0,396.0,254.0,133.0,1.0,0,0.917
420,4,911.0,453.0,240.0,151.0,1.0,3,0.118
421,1,121.0,506.0,29.0,132.0,1.0,0,0.258
421,2,921.0,293.0,176.0,111.0,1.0,3,0.21
421,3,696.0,396.0,254.0,133.0,1.0,0,0.906
421,4,908.0,453.0,240.0,151.0,1.0,3,0.125
422,1,124.0,506.0,29.0,132.0,1.0,0,0.258
422,2,918.0,294.0,176.0,111.0,1.0,3,0.223
422,3,698.0,396.0,254.0,133.0,1.0,0,0.894
422,4,905.0,453.0,240.0,151.0,1.0,3,0.132
423,1,128.0,506.0,29.0,132.0,1.0,0,0.258
423,2,914.0,294.0,175.0,110.0,1.0,3,0.246
423,3,700.0,396.0,255.0,134.0,1.0,0,0.878
423,4,901.0,453.0,240.0,151.0,1.0,3,0.142
424,1,131.0,507.0,29.0,132.0,1.0,0,0.25
424,2,911.0,294.0,175.0,110.0,1.0,3,0.261
424,3,702.0,396.0,255.0,134.0,1.0,0,0.867
424,4,898.0,453.0,240.0,151.0,1.0,3,0.149
425,1,134.0,507.0,29.0,132.0,1.0,0,0.25
425,2,907.0,294.0,175.0,110.0,1.0,3,0.284
425,3,703.0,397.0,255.0,134.0,1.0,0,0.856
425,4,895.0,453.0,241.0,152.0,1.0,3,0.154
426,1,137.0,507.0,29.0,132.0,1.0,0,0.25
426,2,904.0,294.0,175.0,110.0,1.0,3,0.3
426,3,705.0,397.0,255.0,134.0,1.0,0,0.842
426,4,891.0,453.0,241.0,152.0,1.0,3,0.164
427,1,140.0,507.0,29.0,132.0,1.0,0,0.25
427,2,900.0,294.0,175.0,110.0,1.0,3,0.321
427,3,707.0,397.0,255.0,134.0,1.0,0,0.83
427,4,888.0,454.0,241.0,152.0,1.0,3,0.169
428,1,143.0,507.0,29.0,132.0,1.0,0,0.25
428,2,897.0,294.0,175.0,110.0,1.0,3,0.337
428,3,709.0,397.0,255.0,134.0,1.0,0,0.815
428,4,885.0,454.0,241.0,152.0,1.0,3,0.176
429,1,146.0,508.0,29.0,132.0,1.0,0,0.242
429,2,893.0,294.0,175.0,110.0,1.0,3,0.358
429,3,711.0,397.0,255.0,134.0,1.0,0,0.801
429,4,882.0,454.0,241.0,152.0,1.0,3,0.183
430,1,149.0,508.0,29.0,132.0,1.0,0,0.242
430,2,890.0,294.0,175.0,110.0,1.0,3,0.375
430,3,713.0,397.0,255.0,134.0,1.0,0,0.784
430,4,878.0,454.0,241.0,152.0,1.0,3,0.193
431,1,152.0,508.0,29.0,132.0,1.0,0,0.242
431,2,887.0,295.0,175.0,110.0,1.0,3,0.391
431,3,715.0,398.0,255.0,134.0,1.0,0,0.767
431,4,875.0,454.0,241.0,152.0,1.0,3,0.2
432,1,155.0,508.0,29.0,132.0,1.0,0,0.242
432,2,883.0,295.0,175.0,110.0,1.0,3,0.412
432,3,717.0,398.0,255.0,134.0,1.0,0,0.752
432,4,872.0,454.0,241.0,152.0,1.0,3,0.207
433,1,158.0,508.0,29.0,132.0,1.0,0,0.242
433,2,880.0,295.0,175.0,110.0,1.0,3,0.428
433,3,719.0,398.0,255.0,134.0,1.0,0,0.735
433,4,868.0,454.0,241.0,152.0,1.0,3,0.216
434,1,161.0,509.0,29.0,132.0,1.0,0,0.235
434,2,876.0,295.0,175.0,110.0,1.0,3,0.449
434,3,721.0,398.0,255.0,134.0,1.0,0,0.72
434,4,865.0,454.0,241.0,152.0,1.0,3,0.223
435,1,164.0,509.0,29.0,132.0,1.0,0,0.235
435,2,873.0,295.0,175.0,110.0,1.0,3,0.466
435,3,723.0,398.0,255.0,134.0,1.0,0,0.706
435,4,862.0,454.0,241.0,152.0,1.0,3,0.23
436,1,167.0,509.0,29.0,132.0,1.0,0,0.235
436,2,869.0,295.0,175.0,110.0,1.0,3,0.487
436,3,724.0,398.0,257.0,135.0,1.0,0,0.688
436,4,859.0,454.0,241.0,152.0,1.0,3,0.237
437,1,170.0,509.0,29.0,132.0,1.0,0,0.235
437,2,866.0,295.0,175.0,110.0,1.0,3,0.508
437,3,726.0,399.0,257.0,135.0,1.0,0,0.668
437,4,855.0,454.0,241.0,152.0,1.0,3,0.247
438,1,173.0,509.0,29.0,132.0,1.0,0,0.235
438,2,863.0,295.0,175.0,110.0,1.0,3,0.524
438,3,728.0,399.0,257.0,135.0,1.0,0,0.654
438,4,852.0,454.0,241.0,152.0,1.0,3,0.254
439,1,176.0,509.0,29.0,132.0,1.0,0,0.235
439,2,859.0,295.0,175.0,110.0,1.0,3,0.546
439,3,730.0,399.0,257.0,135.0,1.0,0,0.639
439,4,849.0,454.0,241.0,152.0,1.0,3,0.261
440,1,179.0,510.0,29.0,132.0,1.0,0,0.227
440,2,856.0,296.0,175.0,110.0,1.0,3,0.556
440,3,732.0,399.0,257.0,135.0,1.0,0,0.625
440,4,845.0,455.0,241.0,152.0,1.0,3,0.267
441,1,182.0,510.0,29.0,132.0,1.0,0,0.227
441,2,852.0,296.0,175.0,110.0,1.0,3,0.578
441,3,734.0,399.0,257.0,135.0,1.0,0,0.611
441,4,842.0,455.0,241.0,152.0,1.0,3,0.274
442,1,185.0,510.0,29.0,132.0,1.0,0,0.227
442,2,849.0,296.0,175.0,110.0,1.0,3,0.594
442,3,736.0,399.0,257.0,135.0,1.0,0,0.596
442,4,839.0,455.0,241.0,152.0,1.0,3,0.281
443,1,188.0,510.0,29.0,132.0,1.0,0,0.227
443,2,845.0,296.0,175.0,110.0,1.0,3,0.621
443,3,738.0,400.0,257.0,135.0,1.0,0,0.576
443,4,835.0,455.0,241.0,152.0,1.0,3,0.29
444,1,191.0,510.0,29.0,132.0,1.0,0,0.227
444,2,842.0,296.0,175.0,110.0,1.0,3,0.638
444,3,740.0,400.0,257.0,135.0,1.0,0,0.561
444,4,832.0,455.0,241.0,152.0,1.0,3,0.297
445,1,194.0,511.0,29.0,131.0,1.0,0,0.221
445,2,839.0,296.0,175.0,110.0,1.0,3,0.654
445,3,742.0,400.0,257.0,135.0,1.0,0,0.546
445,4,829.0,455.0,241.0,152.0,1.0,3,0.304
446,1,197.0,511.0,29.0,131.0,1.0,0,0.221
446,2,835.0,296.0,175.0,110.0,1.0,3,0.675
446,3,743.0,400.0,257.0,135.0,1.0,0,0.535
446,4,826.0,455.0,241.0,152.0,1.0,3,0.311
447,1,200.0,511.0,29.0,131.0,1.0,0,0.221
447,2,832.0,296.0,173.0,109.0,1.0,3,0.706
447,3,745.0,400.0,257.0,135.0,1.0,0,0.518
447,4,822.0,455.0,241.0,152.0,1.0,3,0.32
448,1,203.0,511.0,29.0,131.0,1.0,0,0.221
448,2,828.0,297.0,173.0,109.0,1.0,3,0.728
448,3,747.0,401.0,257.0,135.0,1.0,0,0.5
448,4,819.0,455.0,243.0,153.0,1.0,3,0.322
449,1,206.0,511.0,29.0,131.0,1.0,0,0.221
449,2,825.0,297.0,173.0,109.0,1.0,3,0.745
449,3,749.0,401.0,257.0,135.0,1.0,0,0.485
449,4,816.0,455.0,243.0,153.0,1.0,3,0.329
450,1,209.0,512.0,29.0,131.0,1.0,0,0.214
450,2,821.0,297.0,173.0,109.0,1.0,3,0.767
450,3,751.0,401.0,259.0,136.0,1.0,0,0.462
450,4,812.0,455.0,243.0,153.0,1.0,3,0.338
