1,1,-81.0,333.0,89.0,149.0,1.0,0,0.09
1,3,31.0,259.0,28.0,98.0,1.0,0,1.0
2,1,-80.0,333.0,89.0,149.0,1.0,0,0.101
2,3,32.0,259.0,28.0,98.0,1.0,0,1.0
3,1,-78.0,333.0,89.0,149.0,1.0,0,0.124
3,3,34.0,259.0,28.0,98.0,1.0,0,1.0
4,1,-76.0,334.0,89.0,149.0,1.0,0,0.146
4,3,36.0,259.0,28.0,98.0,1.0,0,1.0
5,1,-74.0,334.0,89.0,149.0,1.0,0,0.169
5,3,38.0,259.0,28.0,98.0,1.0,0,1.0
6,1,-72.0,334.0,89.0,149.0,1.0,0,0.191
6,3,41.0,259.0,28.0,98.0,1.0,0,1.0
7,1,-70.0,334.0,89.0,149.0,1.0,0,0.213
7,3,43.0,259.0,28.0,98.0,1.0,0,1.0
8,1,-68.0,334.0,89.0,149.0,1.0,0,0.236
8,3,44.0,259.0,28.0,98.0,1.0,0,1.0
9,1,-66.0,335.0,89.0,149.0,1.0,0,0.258
9,3,46.0,260.0,28.0,98.0,1.0,0,1.0
9,4,958.0,376.0,183.0,115.0,1.0,3,0.011
10,1,-65.0,335.0,89.0,149.0,1.0,0,0.27
10,3,48.0,260.0,28.0,98.0,1.0,0,1.0
10,4,955.0,376.0,183.0,115.0,1.0,3,0.027
11,1,-63.0,335.0,89.0,149.0,1.0,0,0.292
11,3,50.0,260.0,28.0,98.0,1.0,0,1.0
11,4,952.0,375.0,183.0,115.0,1.0,3,0.044
12,1,-61.0,335.0,89.0,149.0,1.0,0,0.315
12,3,52.0,260.0,28.0,98.0,1.0,0,1.0
12,4,949.0,375.0,183.0,115.0,1.0,3,0.06
13,1,-59.0,335.0,89.0,150.0,1.0,0,0.337
13,2,957.0,396.0,279.0,176.0,1.0,3,0.009
13,3,54.0,260.0,28.0,98.0,1.0,0,1.0
13,4,946.0,375.0,183.0,115.0,1.0,3,0.063
14,1,-58.0,336.0,89.0,150.0,1.0,0,0.348
14,2,953.0,396.0,279.0,176.0,1.0,3,0.021
14,3,55.0,260.0,28.0,99.0,1.0,0,1.0
14,4,943.0,375.0,183.0,115.0,1.0,3,0.062
15,1,-56.0,336.0,89.0,150.0,1.0,0,0.371
15,2,949.0,397.0,279.0,176.0,1.0,3,0.032
15,3,57.0,260.0,28.0,99.0,1.0,0,1.0
15,4,940.0,375.0,183.0,115.0,1.0,3,0.061
16,1,-54.0,336.0,89.0,150.0,1.0,0,0.393
16,2,945.0,397.0,279.0,176.0,1.0,3,0.044
16,3,59.0,260.0,28.0,99.0,1.0,0,1.0
16,4,937.0,375.0,183.0,115.0,1.0,3,0.059
17,1,-51.0,336.0,89.0,150.0,1.0,0,0.427
17,2,942.0,397.0,279.0,176.0,1.0,3,0.052
17,3,62.0,260.0,28.0,99.0,1.0,0,1.0
17,4,935.0,374.0,183.0,115.0,1.0,3,0.058
18,1,-50.0,336.0,89.0,150.0,1.0,0,0.438
18,2,938.0,397.0,279.0,176.0,1.0,3,0.064
18,3,64.0,260.0,28.0,99.0,1.0,0,1.0
18,4,932.0,374.0,183.0,115.0,1.0,3,0.057
19,1,-48.0,336.0,89.0,150.0,1.0,0,0.461
19,2,934.0,397.0,279.0,176.0,1.0,3,0.076
19,3,66.0,260.0,28.0,99.0,1.0,0,1.0
19,4,929.0,374.0,183.0,115.0,1.0,3,0.056
20,1,-46.0,337.0,89.0,150.0,1.0,0,0.483
20,2,930.0,397.0,279.0,176.0,1.0,3,0.087
20,3,67.0,260.0,28.0,99.0,1.0,0,1.0
20,4,926.0,374.0,183.0,115.0,1.0,3,0.055
21,1,-44.0,337.0,89.0,150.0,1.0,0,0.506
21,2,926.0,397.0,279.0,176.0,1.0,3,0.099
21,3,69.0,260.0,28.0,99.0,1.0,0,1.0
21,4,923.0,374.0,183.0,115.0,1.0,3,0.054
22,1,-42.0,337.0,89.0,150.0,1.0,0,0.528
22,2,922.0,398.0,279.0,176.0,1.0,3,0.11
22,3,71.0,260.0,28.0,99.0,1.0,0,1.0
22,4,920.0,374.0,184.0,116.0,1.0,3,0.054
23,1,-41.0,337.0,89.0,150.0,1.0,0,0.539
23,2,918.0,398.0,279.0,176.0,1.0,3,0.121
23,3,73.0,260.0,28.0,99.0,1.0,0,1.0
23,4,917.0,374.0,184.0,116.0,1.0,3,0.053
24,1,-39.0,337.0,89.0,150.0,1.0,0,0.562
24,2,914.0,398.0,279.0,176.0,1.0,3,0.133
24,3,75.0,261.0,28.0,99.0,1.0,0,1.0
24,4,914.0,373.0,184.0,116.0,1.0,3,0.054
25,1,-37.0,338.0,89.0,150.0,1.0,0,0.584
25,2,910.0,398.0,279.0,176.0,1.0,3,0.145
25,3,76.0,261.0,28.0,99.0,1.0,0,1.0
25,4,912.0,373.0,184.0,116.0,1.0,3,0.056
26,1,-34.0,338.0,89.0,150.0,1.0,0,0.618
26,2,907.0,398.0,279.0,176.0,1.0,3,0.153
26,3,79.0,261.0,28.0,99.0,1.0,0,1.0
26,4,910.0,373.0,184.0,116.0,1.0,3,0.059
27,1,-33.0,338.0,89.0,150.0,1.0,0,0.629
27,2,903.0,398.0,279.0,176.0,1.0,3,0.165
27,3,81.0,261.0,28.0,99.0,1.0,0,1.0
27,4,907.0,373.0,184.0,116.0,1.0,3,0.062
28,1,-31.0,338.0,89.0,150.0,1.0,0,0.652
28,2,899.0,398.0,279.0,176.0,1.0,3,0.176
28,3,83.0,261.0,28.0,99.0,1.0,0,1.0
28,4,904.0,373.0,184.0,116.0,1.0,3,0.066
29,1,-29.0,338.0,89.0,150.0,1.0,0,0.674
29,2,895.0,399.0,279.0,176.0,1.0,3,0.187
29,3,85.0,261.0,28.0,99.0,1.0,0,1.0
29,4,901.0,373.0,184.0,116.0,1.0,3,0.072
30,1,-27.0,339.0,89.0,150.0,1.0,0,0.697
30,2,891.0,399.0,279.0,176.0,1.0,3,0.198
30,3,87.0,261.0,28.0,99.0,1.0,0,1.0
30,4,898.0,373.0,184.0,116.0,1.0,3,0.076
31,1,-26.0,339.0,89.0,150.0,1.0,0,0.708
31,2,887.0,399.0,279.0,176.0,1.0,3,0.21
31,3,88.0,261.0,28.0,99.0,1.0,0,1.0
31,4,895.0,372.0,184.0,116.0,1.0,3,0.082
32,1,-24.0,339.0,89.0,150.0,1.0,0,0.73
32,2,883.0,399.0,279.0,176.0,1.0,3,0.221
32,3,90.0,261.0,28.0,99.0,1.0,0,1.0
32,4,892.0,372.0,184.0,116.0,1.0,3,0.086
33,1,-22.0,339.0,90.0,151.0,1.0,0,0.756
33,2,879.0,399.0,279.0,176.0,1.0,3,0.233
33,3,92.0,261.0,28.0,99.0,1.0,0,1.0
33,4,889.0,372.0,184.0,116.0,1.0,3,0.09
34,1,-20.0,339.0,90.0,151.0,1.0,0,0.778
34,2,875.0,399.0,279.0,176.0,1.0,3,0.244
34,3,94.0,261.0,28.0,99.0,1.0,0,1.0
34,4,886.0,372.0,184.0,116.0,1.0,3,0.094
35,1,-19.0,340.0,90.0,151.0,1.0,0,0.789
35,2,871.0,399.0,279.0,176.0,1.0,3,0.256
35,3,96.0,261.0,28.0,99.0,1.0,0,1.0
35,4,883.0,372.0,184.0,116.0,1.0,3,0.097
36,1,-17.0,340.0,90.0,151.0,1.0,0,0.811
36,2,867.0,400.0,279.0,176.0,1.0,3,0.265
36,3,98.0,261.0,28.0,99.0,1.0,0,1.0
36,4,880.0,372.0,184.0,116.0,1.0,3,0.105
37,1,-14.0,340.0,90.0,151.0,1.0,0,0.844
37,2,864.0,400.0,279.0,176.0,1.0,3,0.274
37,3,100.0,261.0,29.0,100.0,1.0,0,1.0
37,4,878.0,372.0,186.0,117.0,1.0,3,0.106
38,1,-12.0,340.0,90.0,151.0,1.0,0,0.867
38,2,860.0,400.0,279.0,176.0,1.0,3,0.285
38,3,102.0,261.0,29.0,100.0,1.0,0,1.0
38,4,875.0,371.0,186.0,117.0,1.0,3,0.113
39,1,-11.0,340.0,90.0,151.0,1.0,0,0.878
39,2,856.0,400.0,279.0,176.0,1.0,3,0.297
39,3,104.0,262.0,29.0,100.0,1.0,0,1.0
39,4,872.0,371.0,186.0,117.0,1.0,3,0.117
40,1,-9.0,341.0,90.0,151.0,1.0,0,0.9
40,2,852.0,400.0,279.0,176.0,1.0,3,0.308
40,3,106.0,262.0,29.0,100.0,1.0,0,1.0
40,4,869.0,371.0,186.0,117.0,1.0,3,0.121
41,1,-7.0,341.0,90.0,151.0,1.0,0,0.922
41,2,848.0,400.0,279.0,176.0,1.0,3,0.319
41,3,108.0,262.0,29.0,100.0,1.0,0,1.0
41,4,866.0,371.0,186.0,117.0,1.0,3,0.125
42,1,-5.0,341.0,90.0,151.0,1.0,0,0.944
42,2,844.0,400.0,279.0,176.0,1.0,3,0.331
42,3,109.0,262.0,29.0,100.0,1.0,0,1.0
42,4,863.0,371.0,186.0,117.0,1.0,3,0.129
43,1,-3.0,341.0,90.0,151.0,1.0,0,0.967
43,2,840.0,401.0,279.0,176.0,1.0,3,0.34
43,3,111.0,262.0,29.0,100.0,1.0,0,1.0
43,4,860.0,371.0,186.0,117.0,1.0,3,0.138
44,1,-2.0,341.0,90.0,151.0,1.0,0,0.978
44,2,836.0,401.0,279.0,176.0,1.0,3,0.351
44,3,113.0,262.0,29.0,100.0,1.0,0,1.0
44,4,857.0,371.0,186.0,117.0,1.0,3,0.142
45,1,0.0,342.0,90.0,151.0,1.0,0,1.0
45,2,832.0,401.0,279.0,176.0,1.0,3,0.362
45,3,115.0,262.0,29.0,100.0,1.0,0,1.0
45,4,854.0,370.0,186.0,117.0,1.0,3,0.151
46,1,3.0,342.0,90.0,151.0,1.0,0,1.0
46,2,829.0,401.0,279.0,176.0,1.0,3,0.371
46,3,118.0,262.0,29.0,100.0,1.0,0,1.0
46,4,852.0,370.0,186.0,117.0,1.0,3,0.154
47,1,5.0,342.0,90.0,151.0,1.0,0,1.0
47,2,825.0,401.0,279.0,176.0,1.0,3,0.382
47,3,120.0,262.0,29.0,100.0,1.0,0,1.0
47,4,849.0,370.0,186.0,117.0,1.0,3,0.158
48,1,6.0,342.0,90.0,151.0,1.0,0,1.0
48,2,821.0,401.0,279.0,176.0,1.0,3,0.393
48,3,121.0,262.0,29.0,100.0,1.0,0,1.0
48,4,846.0,370.0,186.0,117.0,1.0,3,0.162
49,1,8.0,342.0,90.0,151.0,1.0,0,1.0
49,2,817.0,401.0,279.0,176.0,1.0,3,0.405
49,3,123.0,262.0,29.0,100.0,1.0,0,1.0
49,4,843.0,370.0,186.0,117.0,1.0,3,0.167
50,1,10.0,343.0,90.0,151.0,1.0,0,1.0
50,2,812.0,402.0,279.0,176.0,1.0,3,0.416
50,3,125.0,262.0,29.0,100.0,1.0,0,1.0
50,4,840.0,370.0,186.0,117.0,1.0,3,0.176
51,1,12.0,343.0,90.0,151.0,1.0,0,1.0
51,2,808.0,402.0,279.0,176.0,1.0,3,0.427
51,3,127.0,262.0,29.0,100.0,1.0,0,1.0
51,4,837.0,370.0,186.0,117.0,1.0,3,0.181
52,1,13.0,343.0,90.0,151.0,1.0,0,1.0
52,2,804.0,402.0,279.0,176.0,1.0,3,0.438
52,3,129.0,262.0,29.0,100.0,1.0,0,1.0
52,4,834.0,369.0,187.0,118.0,1.0,3,0.188
53,1,15.0,343.0,90.0,151.0,1.0,0,1.0
53,2,800.0,402.0,279.0,176.0,1.0,3,0.45
53,3,131.0,262.0,29.0,100.0,1.0,0,1.0
53,4,831.0,369.0,187.0,118.0,1.0,3,0.193
54,1,17.0,343.0,91.0,152.0,1.0,0,1.0
54,2,796.0,402.0,279.0,176.0,1.0,3,0.461
54,3,132.0,262.0,29.0,100.0,1.0,0,1.0
54,4,828.0,369.0,187.0,118.0,1.0,3,0.197
55,1,19.0,343.0,91.0,152.0,1.0,0,1.0
55,2,792.0,402.0,279.0,176.0,1.0,3,0.472
55,3,134.0,263.0,29.0,100.0,1.0,0,1.0
55,4,825.0,369.0,187.0,118.0,1.0,3,0.202
56,1,20.0,344.0,91.0,152.0,1.0,0,1.0
56,2,788.0,402.0,279.0,176.0,1.0,3,0.483
56,3,136.0,263.0,29.0,100.0,1.0,0,1.0
56,4,822.0,369.0,187.0,118.0,1.0,3,0.206
57,1,23.0,344.0,91.0,152.0,1.0,0,1.0
57,2,785.0,403.0,279.0,176.0,1.0,3,0.488
57,3,139.0,263.0,29.0,100.0,1.0,0,1.0
57,4,820.0,369.0,187.0,118.0,1.0,3,0.216
58,1,25.0,344.0,91.0,152.0,1.0,0,1.0
58,2,781.0,403.0,279.0,176.0,1.0,3,0.499
58,3,141.0,263.0,29.0,100.0,1.0,0,1.0
58,4,817.0,369.0,187.0,118.0,1.0,3,0.22
59,1,27.0,344.0,91.0,152.0,1.0,0,1.0
59,2,777.0,403.0,279.0,176.0,1.0,3,0.511
59,3,143.0,263.0,29.0,101.0,1.0,0,1.0
59,4,814.0,368.0,187.0,118.0,1.0,3,0.232
60,1,28.0,344.0,91.0,152.0,1.0,0,1.0
60,2,773.0,403.0,279.0,176.0,1.0,3,0.522
60,3,144.0,263.0,29.0,101.0,1.0,0,1.0
60,4,811.0,368.0,187.0,118.0,1.0,3,0.236
61,1,30.0,345.0,91.0,152.0,1.0,0,1.0
61,2,769.0,403.0,279.0,176.0,1.0,3,0.533
61,3,146.0,263.0,29.0,101.0,1.0,0,1.0
61,4,808.0,368.0,187.0,118.0,1.0,3,0.241
62,1,32.0,345.0,91.0,152.0,1.0,0,1.0
62,2,765.0,403.0,279.0,176.0,1.0,3,0.544
62,3,148.0,263.0,29.0,101.0,1.0,0,1.0
62,4,806.0,368.0,187.0,118.0,1.0,3,0.244
63,1,34.0,345.0,91.0,152.0,1.0,0,1.0
63,2,761.0,403.0,279.0,176.0,1.0,3,0.555
63,3,150.0,263.0,29.0,101.0,1.0,0,1.0
63,4,803.0,368.0,187.0,118.0,1.0,3,0.249
64,1,36.0,345.0,91.0,152.0,1.0,0,1.0
64,2,757.0,404.0,279.0,176.0,1.0,3,0.562
64,3,152.0,263.0,29.0,101.0,1.0,0,1.0
64,4,800.0,368.0,187.0,118.0,1.0,3,0.261
65,1,37.0,345.0,91.0,152.0,1.0,0,1.0
65,2,753.0,404.0,279.0,176.0,1.0,3,0.573
65,3,153.0,263.0,29.0,101.0,1.0,0,1.0
65,4,797.0,368.0,187.0,118.0,1.0,3,0.266
66,1,40.0,346.0,91.0,152.0,1.0,0,1.0
66,2,750.0,404.0,279.0,176.0,1.0,3,0.582
66,3,156.0,263.0,29.0,101.0,1.0,0,1.0
66,4,795.0,367.0,187.0,118.0,1.0,3,0.277
67,1,42.0,346.0,91.0,152.0,1.0,0,1.0
67,2,746.0,404.0,279.0,176.0,1.0,3,0.593
67,3,158.0,263.0,29.0,101.0,1.0,0,1.0
67,4,792.0,367.0,189.0,119.0,1.0,3,0.276
68,1,44.0,346.0,91.0,152.0,1.0,0,1.0
68,2,742.0,404.0,279.0,176.0,1.0,3,0.604
68,3,160.0,263.0,29.0,101.0,1.0,0,1.0
68,4,789.0,367.0,189.0,119.0,1.0,3,0.281
69,1,45.0,346.0,91.0,152.0,1.0,0,1.0
69,2,738.0,404.0,279.0,176.0,1.0,3,0.615
69,3,162.0,263.0,29.0,101.0,1.0,0,1.0
69,4,786.0,367.0,189.0,119.0,1.0,3,0.286
70,1,47.0,346.0,91.0,152.0,1.0,0,1.0
70,2,734.0,404.0,279.0,176.0,1.0,3,0.626
70,3,164.0,264.0,29.0,101.0,1.0,0,1.0
70,4,783.0,367.0,189.0,119.0,1.0,3,0.291
71,1,49.0,347.0,91.0,152.0,1.0,0,1.0
71,2,730.0,405.0,279.0,176.0,1.0,3,0.632
71,3,165.0,264.0,29.0,101.0,1.0,0,1.0
71,4,780.0,367.0,189.0,119.0,1.0,3,0.304
72,1,51.0,347.0,91.0,152.0,1.0,0,1.0
72,2,726.0,405.0,279.0,176.0,1.0,3,0.643
72,3,167.0,264.0,29.0,101.0,1.0,0,1.0
72,4,777.0,367.0,189.0,119.0,1.0,3,0.309
73,1,52.0,347.0,91.0,152.0,1.0,0,1.0
73,2,722.0,405.0,279.0,176.0,1.0,3,0.654
73,3,169.0,264.0,29.0,101.0,1.0,0,1.0
73,4,774.0,366.0,189.0,119.0,1.0,3,0.323
74,1,54.0,347.0,91.0,152.0,1.0,0,1.0
74,2,718.0,405.0,279.0,176.0,1.0,3,0.665
74,3,171.0,264.0,29.0,101.0,1.0,0,1.0
74,4,771.0,366.0,189.0,119.0,1.0,3,0.328
75,1,56.0,347.0,91.0,153.0,1.0,0,1.0
75,2,714.0,405.0,279.0,176.0,1.0,3,0.676
75,3,173.0,264.0,29.0,101.0,1.0,0,1.0
75,4,768.0,366.0,189.0,119.0,1.0,3,0.328
76,1,58.0,348.0,91.0,153.0,1.0,0,1.0
76,2,710.0,405.0,279.0,176.0,1.0,3,0.687
76,3,175.0,264.0,29.0,101.0,1.0,0,1.0
76,4,765.0,366.0,189.0,119.0,1.0,3,0.328
77,1,60.0,348.0,91.0,153.0,1.0,0,1.0
77,2,707.0,405.0,279.0,176.0,1.0,3,0.696
77,3,177.0,264.0,29.0,101.0,1.0,0,1.0
77,4,763.0,366.0,189.0,119.0,1.0,3,0.328
78,1,62.0,348.0,91.0,153.0,1.0,0,1.0
78,2,703.0,406.0,279.0,176.0,1.0,3,0.701
78,3,179.0,264.0,29.0,101.0,1.0,0,1.0
78,4,760.0,366.0,189.0,119.0,1.0,3,0.336
79,1,64.0,348.0,91.0,153.0,1.0,0,1.0
79,2,699.0,406.0,279.0,176.0,1.0,3,0.712
79,3,181.0,264.0,29.0,101.0,1.0,0,1.0
79,4,757.0,366.0,189.0,119.0,1.0,3,0.336
80,1,66.0,348.0,91.0,153.0,1.0,0,1.0
80,2,695.0,406.0,279.0,176.0,1.0,3,0.723
80,3,183.0,264.0,29.0,101.0,1.0,0,1.0
80,4,754.0,365.0,189.0,119.0,1.0,3,0.345
81,1,67.0,349.0,91.0,153.0,1.0,0,1.0
81,2,691.0,406.0,279.0,176.0,1.0,3,0.734
81,3,185.0,264.0,29.0,102.0,1.0,0,1.0
81,4,751.0,365.0,189.0,119.0,1.0,3,0.345
82,1,69.0,349.0,91.0,153.0,1.0,0,1.0
82,2,687.0,406.0,279.0,176.0,1.0,3,0.745
82,3,186.0,264.0,29.0,102.0,1.0,0,1.0
82,4,748.0,365.0,190.0,120.0,1.0,3,0.342
83,1,71.0,349.0,91.0,153.0,1.0,0,1.0
83,2,683.0,406.0,279.0,176.0,1.0,3,0.756
83,3,188.0,264.0,29.0,102.0,1.0,0,1.0
83,4,745.0,365.0,190.0,120.0,1.0,3,0.342
84,1,73.0,349.0,91.0,153.0,1.0,0,1.0
84,2,679.0,406.0,279.0,176.0,1.0,3,0.761
84,3,190.0,264.0,29.0,102.0,1.0,0,1.0
84,4,742.0,365.0,190.0,120.0,1.0,3,0.342
85,1,75.0,349.0,91.0,153.0,1.0,0,1.0
85,2,675.0,407.0,279.0,176.0,1.0,3,0.756
85,3,192.0,265.0,29.0,102.0,1.0,0,1.0
85,4,739.0,365.0,190.0,120.0,1.0,3,0.35
86,1,77.0,349.0,91.0,153.0,1.0,0,1.0
86,2,672.0,407.0,279.0,176.0,1.0,3,0.756
86,3,195.0,265.0,29.0,102.0,1.0,0,1.0
86,4,737.0,364.0,190.0,120.0,1.0,3,0.358
87,1,79.0,350.0,91.0,153.0,1.0,0,1.0
87,2,668.0,407.0,279.0,176.0,1.0,3,0.756
87,3,197.0,265.0,29.0,102.0,1.0,0,1.0
87,4,734.0,364.0,190.0,120.0,1.0,3,0.358
88,1,81.0,350.0,91.0,153.0,1.0,0,1.0
88,2,664.0,407.0,279.0,176.0,1.0,3,0.756
88,3,198.0,265.0,29.0,102.0,1.0,0,1.0
88,4,731.0,364.0,190.0,120.0,1.0,3,0.358
89,1,83.0,350.0,91.0,153.0,1.0,0,1.0
89,2,660.0,407.0,279.0,176.0,1.0,3,0.756
89,3,200.0,265.0,29.0,102.0,1.0,0,1.0
89,4,728.0,364.0,190.0,120.0,1.0,3,0.358
90,1,84.0,350.0,91.0,153.0,1.0,0,1.0
90,2,656.0,407.0,279.0,176.0,1.0,3,0.756
90,3,202.0,265.0,29.0,102.0,1.0,0,1.0
90,4,725.0,364.0,190.0,120.0,1.0,3,0.358
91,1,86.0,350.0,91.0,153.0,1.0,0,1.0
91,2,652.0,407.0,279.0,176.0,1.0,3,0.756
91,3,204.0,265.0,29.0,102.0,1.0,0,1.0
91,4,722.0,364.0,190.0,120.0,1.0,3,0.358
92,1,88.0,351.0,91.0,153.0,1.0,0,1.0
92,2,648.0,408.0,279.0,176.0,1.0,3,0.75
92,3,206.0,265.0,29.0,102.0,1.0,0,1.0
92,4,719.0,364.0,190.0,120.0,1.0,3,0.367
93,1,90.0,351.0,91.0,153.0,1.0,0,1.0
93,2,644.0,408.0,279.0,176.0,1.0,3,0.75
93,3,208.0,265.0,29.0,102.0,1.0,0,1.0
93,4,716.0,363.0,190.0,120.0,1.0,3,0.375
94,1,91.0,351.0,91.0,153.0,1.0,0,1.0
94,2,640.0,408.0,279.0,176.0,1.0,3,0.75
94,3,209.0,265.0,29.0,102.0,1.0,0,1.0
94,4,713.0,363.0,190.0,120.0,1.0,3,0.375
95,1,93.0,351.0,92.0,154.0,1.0,0,1.0
95,2,636.0,408.0,279.0,176.0,1.0,3,0.75
95,3,211.0,265.0,29.0,102.0,1.0,0,1.0
95,4,710.0,363.0,190.0,120.0,1.0,3,0.375
96,1,95.0,351.0,92.0,154.0,1.0,0,1.0
96,2,632.0,408.0,279.0,176.0,1.0,3,0.75
96,3,213.0,265.0,29.0,102.0,1.0,0,1.0
96,4,707.0,363.0,190.0,120.0,1.0,3,0.375
97,1,98.0,352.0,92.0,154.0,1.0,0,1.0
97,2,629.0,408.0,279.0,176.0,1.0,3,0.75
97,3,216.0,265.0,29.0,102.0,1.0,0,1.0
97,4,705.0,363.0,192.0,121.0,1.0,3,0.372
98,1,99.0,352.0,92.0,154.0,1.0,0,1.0
98,2,625.0,408.0,279.0,176.0,1.0,3,0.75
98,3,218.0,265.0,29.0,102.0,1.0,0,1.0
98,4,702.0,363.0,192.0,121.0,1.0,3,0.372
99,1,101.0,352.0,92.0,154.0,1.0,0,1.0
99,2,621.0,409.0,279.0,176.0,1.0,3,0.744
99,3,220.0,265.0,29.0,102.0,1.0,0,1.0
99,4,700.0,363.0,192.0,121.0,1.0,3,0.38
100,1,103.0,352.0,92.0,154.0,1.0,0,1.0
100,2,617.0,409.0,279.0,176.0,1.0,3,0.744
100,3,221.0,266.0,29.0,102.0,1.0,0,1.0
100,4,697.0,362.0,192.0,121.0,1.0,3,0.388
101,1,105.0,352.0,92.0,154.0,1.0,0,1.0
101,2,613.0,409.0,279.0,176.0,1.0,3,0.744
101,3,223.0,266.0,29.0,102.0,1.0,0,1.0
101,4,694.0,362.0,192.0,121.0,1.0,3,0.388
102,1,107.0,353.0,92.0,154.0,1.0,0,1.0
102,2,609.0,409.0,279.0,176.0,1.0,3,0.744
102,3,225.0,266.0,29.0,102.0,1.0,0,1.0
102,4,691.0,362.0,192.0,121.0,1.0,3,0.388
103,1,108.0,353.0,92.0,154.0,1.0,0,1.0
103,2,605.0,409.0,279.0,176.0,1.0,3,0.744
103,3,227.0,266.0,29.0,102.0,1.0,0,1.0
103,4,688.0,362.0,192.0,121.0,1.0,3,0.388
104,1,110.0,353.0,92.0,154.0,1.0,0,1.0
104,2,601.0,409.0,279.0,176.0,1.0,3,0.744
104,3,229.0,266.0,30.0,103.0,1.0,0,1.0
104,4,685.0,362.0,192.0,121.0,1.0,3,0.388
105,1,112.0,353.0,92.0,154.0,1.0,0,1.0
105,2,597.0,409.0,279.0,176.0,1.0,3,0.744
105,3,230.0,266.0,30.0,103.0,1.0,0,1.0
105,4,682.0,362.0,192.0,121.0,1.0,3,0.388
106,1,115.0,353.0,92.0,154.0,1.0,0,1.0
106,2,594.0,410.0,279.0,176.0,1.0,3,0.739
106,3,233.0,266.0,30.0,103.0,1.0,0,1.0
106,4,680.0,362.0,192.0,121.0,1.0,3,0.397
107,1,116.0,354.0,92.0,154.0,1.0,0,1.0
107,2,590.0,410.0,279.0,176.0,1.0,3,0.739
107,3,235.0,266.0,30.0,103.0,1.0,0,1.0
107,4,677.0,361.0,192.0,121.0,1.0,3,0.405
108,1,118.0,354.0,92.0,154.0,1.0,0,1.0
108,2,586.0,410.0,279.0,176.0,1.0,3,0.739
108,3,237.0,266.0,30.0,103.0,1.0,0,1.0
108,4,674.0,361.0,192.0,121.0,1.0,3,0.408
109,1,120.0,354.0,92.0,154.0,1.0,0,1.0
109,2,582.0,410.0,279.0,176.0,1.0,3,0.739
109,3,239.0,266.0,30.0,103.0,1.0,0,1.0
109,4,671.0,361.0,192.0,121.0,1.0,3,0.411
110,1,122.0,354.0,92.0,154.0,1.0,0,1.0
110,2,578.0,410.0,279.0,176.0,1.0,3,0.739
110,3,241.0,266.0,30.0,103.0,1.0,0,1.0
110,4,668.0,361.0,192.0,121.0,1.0,3,0.414
111,1,123.0,354.0,92.0,154.0,1.0,0,1.0
111,2,574.0,410.0,279.0,176.0,1.0,3,0.739
111,3,242.0,266.0,30.0,103.0,1.0,0,1.0
111,4,665.0,361.0,192.0,121.0,1.0,3,0.417
112,1,125.0,355.0,92.0,154.0,1.0,0,1.0
112,2,570.0,410.0,279.0,176.0,1.0,3,0.739
112,3,244.0,266.0,30.0,103.0,1.0,0,1.0
112,4,662.0,361.0,194.0,122.0,1.0,3,0.423
113,1,127.0,355.0,92.0,154.0,1.0,0,1.0
113,2,566.0,411.0,279.0,176.0,1.0,3,0.733
113,3,246.0,266.0,30.0,103.0,1.0,0,1.0
113,4,659.0,361.0,194.0,122.0,1.0,3,0.434
114,1,129.0,355.0,92.0,154.0,1.0,0,1.0
114,2,562.0,411.0,279.0,176.0,1.0,3,0.733
114,3,248.0,266.0,30.0,103.0,1.0,0,1.0
114,4,656.0,360.0,194.0,122.0,1.0,3,0.445
115,1,130.0,355.0,92.0,154.0,1.0,0,1.0
115,2,558.0,411.0,279.0,176.0,1.0,3,0.733
115,3,250.0,267.0,30.0,103.0,1.0,0,1.0
115,4,653.0,360.0,194.0,122.0,1.0,3,0.448
116,1,132.0,355.0,92.0,155.0,1.0,0,1.0
116,2,554.0,411.0,279.0,176.0,1.0,3,0.733
116,3,252.0,267.0,30.0,103.0,1.0,0,1.0
116,4,650.0,360.0,194.0,122.0,1.0,3,0.451
117,1,135.0,356.0,92.0,155.0,1.0,0,1.0
117,2,551.0,411.0,279.0,176.0,1.0,3,0.733
117,3,254.0,267.0,30.0,103.0,1.0,0,1.0
117,4,648.0,360.0,194.0,122.0,1.0,3,0.454
118,1,137.0,356.0,92.0,155.0,1.0,0,1.0
118,2,547.0,411.0,279.0,176.0,1.0,3,0.733
118,3,256.0,267.0,30.0,103.0,1.0,0,1.0
118,4,645.0,360.0,194.0,122.0,1.0,3,0.457
119,1,138.0,356.0,92.0,155.0,1.0,0,1.0
119,2,543.0,411.0,279.0,176.0,1.0,3,0.733
119,3,258.0,267.0,30.0,103.0,1.0,0,1.0
119,4,642.0,360.0,194.0,122.0,1.0,3,0.46
120,1,140.0,356.0,92.0,155.0,1.0,0,1.0
120,2,539.0,412.0,279.0,176.0,1.0,3,0.727
120,3,260.0,267.0,30.0,103.0,1.0,0,1.0
120,4,639.0,360.0,194.0,122.0,1.0,3,0.471
121,1,142.0,356.0,92.0,155.0,1.0,0,1.0
121,2,535.0,412.0,279.0,176.0,1.0,3,0.727
121,3,262.0,267.0,30.0,103.0,1.0,0,1.0
121,4,636.0,359.0,194.0,122.0,1.0,3,0.481
122,1,144.0,356.0,92.0,155.0,1.0,0,1.0
122,2,531.0,412.0,279.0,176.0,1.0,3,0.727
122,3,263.0,267.0,30.0,103.0,1.0,0,1.0
122,4,633.0,359.0,194.0,122.0,1.0,3,0.484
123,1,146.0,357.0,92.0,155.0,1.0,0,1.0
123,2,527.0,412.0,279.0,176.0,1.0,3,0.727
123,3,265.0,267.0,30.0,103.0,1.0,0,1.0
123,4,630.0,359.0,194.0,122.0,1.0,3,0.487
124,1,147.0,357.0,92.0,155.0,1.0,0,1.0
124,2,523.0,412.0,279.0,176.0,1.0,3,0.725
124,3,267.0,267.0,30.0,103.0,1.0,0,1.0
124,4,627.0,359.0,194.0,122.0,1.0,3,0.49
125,1,149.0,357.0,92.0,155.0,1.0,0,1.0
125,2,519.0,412.0,279.0,176.0,1.0,3,0.714
125,3,269.0,267.0,30.0,103.0,1.0,0,1.0
125,4,624.0,359.0,194.0,122.0,1.0,3,0.493
126,1,152.0,357.0,92.0,155.0,1.0,0,1.0
126,2,516.0,412.0,279.0,176.0,1.0,3,0.706
126,3,272.0,267.0,30.0,104.0,1.0,0,1.0
126,4,622.0,359.0,194.0,122.0,1.0,3,0.496
127,1,154.0,357.0,92.0,155.0,1.0,0,1.0
127,2,512.0,413.0,279.0,176.0,1.0,3,0.691
127,3,274.0,267.0,30.0,104.0,1.0,0,1.0
127,4,619.0,359.0,195.0,123.0,1.0,3,0.505
128,1,155.0,358.0,92.0,155.0,1.0,0,1.0
128,2,508.0,413.0,279.0,176.0,1.0,3,0.68
128,3,275.0,267.0,30.0,104.0,1.0,0,1.0
128,4,616.0,358.0,195.0,123.0,1.0,3,0.515
129,1,157.0,358.0,92.0,155.0,1.0,0,1.0
129,2,504.0,413.0,279.0,176.0,1.0,3,0.67
129,3,277.0,267.0,30.0,104.0,1.0,0,1.0
129,4,613.0,358.0,195.0,123.0,1.0,3,0.518
130,1,159.0,358.0,92.0,155.0,1.0,0,1.0
130,2,500.0,413.0,279.0,176.0,1.0,3,0.66
130,3,279.0,267.0,30.0,104.0,1.0,0,1.0
130,4,610.0,358.0,195.0,123.0,1.0,3,0.521
131,1,161.0,358.0,92.0,155.0,1.0,0,1.0
131,2,496.0,413.0,279.0,176.0,1.0,3,0.649
131,3,281.0,268.0,30.0,104.0,1.0,0,1.0
131,4,607.0,358.0,195.0,123.0,1.0,3,0.524
132,1,162.0,358.0,92.0,155.0,1.0,0,1.0
132,2,492.0,413.0,279.0,176.0,1.0,3,0.639
132,3,283.0,268.0,30.0,104.0,1.0,0,1.0
132,4,604.0,358.0,195.0,123.0,1.0,3,0.527
133,1,164.0,359.0,92.0,155.0,1.0,0,1.0
133,2,488.0,413.0,279.0,176.0,1.0,3,0.628
133,3,285.0,268.0,30.0,104.0,1.0,0,1.0
133,4,601.0,358.0,195.0,123.0,1.0,3,0.529
134,1,166.0,359.0,92.0,155.0,1.0,0,1.0
134,2,484.0,414.0,279.0,176.0,1.0,3,0.613
134,3,286.0,268.0,30.0,104.0,1.0,0,1.0
134,4,598.0,358.0,195.0,123.0,1.0,3,0.539
135,1,168.0,359.0,92.0,155.0,1.0,0,1.0
135,2,480.0,414.0,279.0,176.0,1.0,3,0.603
135,3,288.0,268.0,30.0,104.0,1.0,0,1.0
135,4,595.0,357.0,195.0,123.0,1.0,3,0.549
136,1,169.0,359.0,92.0,155.0,1.0,0,1.0
136,2,476.0,414.0,279.0,176.0,1.0,3,0.593
136,3,290.0,268.0,30.0,104.0,1.0,0,1.0
136,4,593.0,357.0,195.0,123.0,1.0,3,0.554
137,1,172.0,359.0,93.0,156.0,1.0,0,1.0
137,2,473.0,414.0,279.0,176.0,1.0,3,0.585
137,3,293.0,268.0,30.0,104.0,1.0,0,1.0
137,4,591.0,357.0,195.0,123.0,1.0,3,0.557
138,1,174.0,360.0,93.0,156.0,1.0,0,1.0
138,2,469.0,414.0,279.0,176.0,1.0,3,0.575
138,3,295.0,268.0,30.0,104.0,1.0,0,1.0
138,4,588.0,357.0,195.0,123.0,1.0,3,0.56
139,1,176.0,360.0,93.0,156.0,1.0,0,1.0
139,2,465.0,414.0,279.0,176.0,1.0,3,0.565
139,3,296.0,268.0,30.0,104.0,1.0,0,1.0
139,4,585.0,357.0,195.0,123.0,1.0,3,0.562
140,1,177.0,360.0,93.0,156.0,1.0,0,1.0
140,2,461.0,414.0,279.0,176.0,1.0,3,0.554
140,3,298.0,268.0,30.0,104.0,1.0,0,1.0
140,4,582.0,357.0,195.0,123.0,1.0,3,0.565
141,1,179.0,360.0,93.0,156.0,1.0,0,1.0
141,2,457.0,415.0,279.0,176.0,1.0,3,0.54
141,3,300.0,268.0,30.0,104.0,1.0,0,1.0
141,4,579.0,357.0,195.0,123.0,1.0,3,0.575
142,1,181.0,360.0,93.0,156.0,1.0,0,1.0
142,2,453.0,415.0,279.0,176.0,1.0,3,0.529
142,3,302.0,268.0,30.0,104.0,1.0,0,1.0
142,4,576.0,356.0,197.0,124.0,1.0,3,0.585
143,1,183.0,361.0,93.0,156.0,1.0,0,1.0
143,2,448.0,415.0,279.0,176.0,1.0,3,0.517
143,3,304.0,268.0,30.0,104.0,1.0,0,1.0
143,4,573.0,356.0,197.0,124.0,1.0,3,0.59
144,1,185.0,361.0,93.0,156.0,1.0,0,1.0
144,2,444.0,415.0,279.0,176.0,1.0,3,0.507
144,3,306.0,268.0,30.0,104.0,1.0,0,1.0
144,4,570.0,356.0,197.0,124.0,1.0,3,0.593
145,1,186.0,361.0,93.0,156.0,1.0,0,1.0
145,2,440.0,415.0,279.0,176.0,1.0,3,0.496
145,3,307.0,268.0,30.0,104.0,1.0,0,1.0
145,4,567.0,356.0,197.0,124.0,1.0,3,0.596
146,1,189.0,361.0,93.0,156.0,1.0,0,1.0
146,2,437.0,415.0,279.0,176.0,1.0,3,0.489
146,3,310.0,269.0,30.0,104.0,1.0,0,1.0
146,4,565.0,356.0,197.0,124.0,1.0,3,0.598
147,1,191.0,361.0,93.0,156.0,1.0,0,1.0
147,2,433.0,415.0,279.0,176.0,1.0,3,0.486
147,3,312.0,269.0,30.0,104.0,1.0,0,1.0
147,4,562.0,356.0,197.0,124.0,1.0,3,0.601
148,1,193.0,362.0,93.0,156.0,1.0,0,1.0
148,2,429.0,416.0,279.0,176.0,1.0,3,0.482
148,3,314.0,269.0,30.0,105.0,1.0,0,1.0
148,4,559.0,356.0,197.0,124.0,1.0,3,0.61
149,1,194.0,362.0,93.0,156.0,1.0,0,1.0
149,2,425.0,416.0,279.0,176.0,1.0,3,0.482
149,3,316.0,269.0,30.0,105.0,1.0,0,1.0
149,4,556.0,355.0,197.0,124.0,1.0,3,0.618
150,1,196.0,362.0,93.0,156.0,1.0,0,1.0
150,2,421.0,416.0,279.0,176.0,1.0,3,0.482
150,3,318.0,269.0,30.0,105.0,1.0,0,1.0
150,4,553.0,355.0,197.0,124.0,1.0,3,0.621
151,1,198.0,362.0,93.0,156.0,1.0,0,1.0
151,2,417.0,416.0,279.0,176.0,1.0,3,0.482
151,3,319.0,269.0,30.0,105.0,1.0,0,1.0
151,4,550.0,355.0,197.0,124.0,1.0,3,0.623
152,1,200.0,362.0,93.0,156.0,1.0,0,1.0
152,2,413.0,416.0,279.0,176.0,1.0,3,0.482
152,3,321.0,269.0,30.0,105.0,1.0,0,1.0
152,4,547.0,355.0,197.0,124.0,1.0,3,0.626
153,1,201.0,362.0,93.0,156.0,1.0,0,1.0
153,2,409.0,416.0,279.0,176.0,1.0,3,0.482
153,3,323.0,269.0,30.0,105.0,1.0,0,1.0
153,4,544.0,355.0,197.0,124.0,1.0,3,0.629
154,1,203.0,363.0,93.0,156.0,1.0,0,1.0
154,2,405.0,416.0,279.0,176.0,1.0,3,0.482
154,3,325.0,269.0,30.0,105.0,1.0,0,1.0
154,4,541.0,355.0,197.0,124.0,1.0,3,0.631
155,1,205.0,363.0,93.0,156.0,1.0,0,1.0
155,2,401.0,417.0,279.0,176.0,1.0,3,0.478
155,3,327.0,269.0,30.0,105.0,1.0,0,1.0
155,4,538.0,355.0,197.0,124.0,1.0,3,0.64
156,1,207.0,363.0,93.0,156.0,1.0,0,1.0
156,2,397.0,417.0,279.0,176.0,1.0,3,0.478
156,3,329.0,269.0,30.0,105.0,1.0,0,1.0
156,4,535.0,354.0,197.0,124.0,1.0,3,0.648
157,1,209.0,363.0,94.0,157.0,1.0,0,1.0
157,2,394.0,417.0,279.0,176.0,1.0,3,0.478
157,3,331.0,269.0,30.0,105.0,1.0,0,1.0
157,4,533.0,354.0,198.0,125.0,1.0,3,0.649
158,1,211.0,363.0,94.0,157.0,1.0,0,1.0
158,2,390.0,417.0,279.0,176.0,1.0,3,0.478
158,3,333.0,269.0,30.0,105.0,1.0,0,1.0
158,4,530.0,354.0,198.0,125.0,1.0,3,0.652
159,1,213.0,364.0,94.0,157.0,1.0,0,1.0
159,2,386.0,417.0,279.0,176.0,1.0,3,0.478
159,3,335.0,269.0,30.0,105.0,1.0,0,1.0
159,4,527.0,354.0,198.0,125.0,1.0,3,0.654
160,1,215.0,364.0,94.0,157.0,1.0,0,1.0
160,2,382.0,417.0,279.0,176.0,1.0,3,0.478
160,3,337.0,269.0,30.0,105.0,1.0,0,1.0
160,4,524.0,354.0,198.0,125.0,1.0,3,0.657
161,1,216.0,364.0,94.0,157.0,1.0,0,1.0
161,2,378.0,417.0,279.0,176.0,1.0,3,0.478
161,3,339.0,270.0,30.0,105.0,1.0,0,1.0
161,4,521.0,354.0,198.0,125.0,1.0,3,0.652
162,1,218.0,364.0,94.0,157.0,1.0,0,1.0
162,2,374.0,418.0,279.0,176.0,1.0,3,0.475
162,3,340.0,270.0,30.0,105.0,1.0,0,1.0
162,4,518.0,353.0,198.0,125.0,1.0,3,0.657
163,1,220.0,364.0,94.0,157.0,1.0,0,1.0
163,2,370.0,418.0,279.0,176.0,1.0,3,0.475
163,3,342.0,270.0,30.0,105.0,1.0,0,1.0
163,4,515.0,353.0,198.0,125.0,1.0,3,0.652
164,1,222.0,365.0,94.0,157.0,1.0,0,1.0
164,2,366.0,418.0,279.0,176.0,1.0,3,0.475
164,3,344.0,270.0,30.0,105.0,1.0,0,1.0
164,4,512.0,353.0,198.0,125.0,1.0,3,0.646
165,1,224.0,365.0,94.0,157.0,1.0,0,1.0
165,2,362.0,418.0,279.0,176.0,1.0,3,0.475
165,3,346.0,270.0,30.0,105.0,1.0,0,1.0
165,4,509.0,353.0,198.0,125.0,1.0,3,0.641
166,1,226.0,365.0,94.0,157.0,1.0,0,1.0
166,2,359.0,418.0,279.0,176.0,1.0,3,0.475
166,3,349.0,270.0,30.0,105.0,1.0,0,1.0
166,4,507.0,353.0,198.0,125.0,1.0,3,0.638
167,1,228.0,365.0,94.0,157.0,1.0,0,1.0
167,2,355.0,418.0,279.0,176.0,1.0,3,0.475
167,3,351.0,270.0,30.0,105.0,1.0,0,1.0
167,4,504.0,353.0,198.0,125.0,1.0,3,0.632
168,1,230.0,365.0,94.0,157.0,1.0,0,1.0
168,2,351.0,418.0,279.0,176.0,1.0,3,0.475
168,3,352.0,270.0,30.0,105.0,1.0,0,1.0
168,4,501.0,353.0,198.0,125.0,1.0,3,0.627
169,1,232.0,366.0,94.0,157.0,1.0,0,1.0
169,2,347.0,419.0,279.0,176.0,1.0,3,0.471
169,3,354.0,270.0,30.0,105.0,1.0,0,1.0
169,4,498.0,352.0,198.0,125.0,1.0,3,0.63
170,1,233.0,366.0,94.0,157.0,1.0,0,1.0
170,2,343.0,419.0,279.0,176.0,1.0,3,0.471
170,3,356.0,270.0,30.0,105.0,1.0,0,1.0
170,4,495.0,352.0,198.0,125.0,1.0,3,0.624
171,1,235.0,366.0,94.0,157.0,1.0,0,1.0
171,2,339.0,419.0,279.0,176.0,1.0,3,0.471
171,3,358.0,270.0,30.0,106.0,1.0,0,1.0
171,4,492.0,352.0,198.0,125.0,1.0,3,0.618
172,1,237.0,366.0,94.0,157.0,1.0,0,1.0
172,2,335.0,419.0,279.0,176.0,1.0,3,0.471
172,3,360.0,270.0,30.0,106.0,1.0,0,1.0
172,4,490.0,352.0,200.0,126.0,1.0,3,0.619
173,1,239.0,366.0,94.0,157.0,1.0,0,0.986
173,2,331.0,419.0,279.0,176.0,1.0,3,0.471
173,3,362.0,270.0,30.0,106.0,1.0,0,1.0
173,4,487.0,352.0,200.0,126.0,1.0,3,0.614
174,1,240.0,367.0,94.0,157.0,1.0,0,0.95
174,2,327.0,419.0,279.0,176.0,1.0,3,0.471
174,3,363.0,270.0,30.0,106.0,1.0,0,1.0
174,4,484.0,352.0,200.0,126.0,1.0,3,0.608
175,1,242.0,367.0,94.0,157.0,1.0,0,0.908
175,2,323.0,419.0,279.0,176.0,1.0,3,0.471
175,3,365.0,270.0,30.0,106.0,1.0,0,1.0
175,4,481.0,352.0,200.0,126.0,1.0,3,0.602
176,1,244.0,367.0,94.0,157.0,1.0,0,0.866
176,2,319.0,420.0,279.0,176.0,1.0,3,0.467
176,3,367.0,271.0,30.0,106.0,1.0,0,1.0
176,4,478.0,351.0,200.0,126.0,1.0,3,0.603
177,1,247.0,367.0,94.0,157.0,1.0,0,0.824
177,2,316.0,420.0,279.0,176.0,1.0,3,0.467
177,3,370.0,271.0,30.0,106.0,1.0,0,1.0
177,4,476.0,351.0,200.0,126.0,1.0,3,0.599
178,1,248.0,367.0,94.0,158.0,1.0,0,0.788
178,2,312.0,420.0,279.0,176.0,1.0,3,0.467
178,3,372.0,271.0,30.0,106.0,1.0,0,1.0
178,4,473.0,351.0,200.0,126.0,1.0,3,0.593
179,1,250.0,368.0,94.0,158.0,1.0,0,0.743
179,2,308.0,420.0,279.0,176.0,1.0,3,0.467
179,3,373.0,271.0,30.0,106.0,1.0,0,1.0
179,4,470.0,351.0,200.0,126.0,1.0,3,0.588
180,1,252.0,368.0,94.0,158.0,1.0,0,0.7
180,2,304.0,420.0,279.0,176.0,1.0,3,0.467
180,3,375.0,271.0,30.0,106.0,1.0,0,1.0
180,4,467.0,351.0,200.0,126.0,1.0,3,0.582
181,1,254.0,368.0,94.0,158.0,1.0,0,0.657
181,2,300.0,420.0,279.0,176.0,1.0,3,0.467
181,3,377.0,271.0,30.0,106.0,1.0,0,1.0
181,4,464.0,351.0,200.0,126.0,1.0,3,0.576
182,1,255.0,368.0,94.0,158.0,1.0,0,0.622
182,2,296.0,420.0,279.0,176.0,1.0,3,0.467
182,3,379.0,271.0,30.0,106.0,1.0,0,1.0
182,4,461.0,351.0,200.0,126.0,1.0,3,0.57
183,1,257.0,368.0,94.0,158.0,1.0,0,0.583
183,2,292.0,421.0,279.0,176.0,1.0,3,0.463
183,3,381.0,271.0,30.0,106.0,1.0,0,1.0
183,4,458.0,350.0,200.0,126.0,1.0,3,0.567
184,1,259.0,369.0,94.0,158.0,1.0,0,0.536
184,2,288.0,421.0,279.0,176.0,1.0,3,0.463
184,3,383.0,271.0,30.0,106.0,1.0,0,1.0
184,4,455.0,350.0,200.0,126.0,1.0,3,0.561
185,1,261.0,369.0,94.0,158.0,1.0,0,0.493
185,2,284.0,421.0,279.0,176.0,1.0,3,0.463
185,3,384.0,271.0,30.0,106.0,1.0,0,1.0
185,4,452.0,350.0,200.0,126.0,1.0,3,0.555
186,1,264.0,369.0,94.0,158.0,1.0,0,0.45
186,2,281.0,421.0,279.0,176.0,1.0,3,0.463
186,3,387.0,271.0,30.0,106.0,1.0,0,1.0
186,4,450.0,350.0,202.0,127.0,1.0,3,0.555
187,1,265.0,369.0,94.0,158.0,1.0,0,0.415
187,2,277.0,421.0,279.0,176.0,1.0,3,0.463
187,3,389.0,271.0,30.0,106.0,1.0,0,1.0
187,4,447.0,350.0,202.0,127.0,1.0,3,0.549
188,1,267.0,369.0,94.0,158.0,1.0,0,0.372
188,2,273.0,421.0,279.0,176.0,1.0,3,0.463
188,3,391.0,271.0,30.0,106.0,1.0,0,1.0
188,4,444.0,350.0,202.0,127.0,1.0,3,0.543
189,1,269.0,369.0,94.0,158.0,1.0,0,0.329
189,2,269.0,421.0,279.0,176.0,1.0,3,0.463
189,3,393.0,271.0,30.0,106.0,1.0,0,1.0
189,4,441.0,350.0,202.0,127.0,1.0,3,0.537
190,1,271.0,370.0,94.0,158.0,1.0,0,0.329
190,2,265.0,422.0,279.0,176.0,1.0,3,0.459
190,3,395.0,271.0,30.0,106.0,1.0,0,1.0
190,4,438.0,349.0,202.0,127.0,1.0,3,0.532
191,1,272.0,370.0,94.0,158.0,1.0,0,0.329
191,2,261.0,422.0,279.0,176.0,1.0,3,0.459
191,3,396.0,272.0,30.0,106.0,1.0,0,1.0
191,4,435.0,349.0,202.0,127.0,1.0,3,0.529
192,1,274.0,370.0,94.0,158.0,1.0,0,0.329
192,2,257.0,422.0,279.0,176.0,1.0,3,0.459
192,3,398.0,272.0,30.0,106.0,1.0,0,1.0
192,4,432.0,349.0,202.0,127.0,1.0,3,0.531
193,1,276.0,370.0,94.0,158.0,1.0,0,0.329
193,2,253.0,422.0,279.0,176.0,1.0,3,0.459
193,3,400.0,272.0,31.0,107.0,1.0,0,0.982
193,4,429.0,349.0,202.0,127.0,1.0,3,0.533
194,1,278.0,370.0,94.0,158.0,1.0,0,0.329
194,2,249.0,422.0,279.0,176.0,1.0,3,0.459
194,3,402.0,272.0,31.0,107.0,1.0,0,0.937
194,4,426.0,349.0,202.0,127.0,1.0,3,0.535
195,1,279.0,371.0,94.0,158.0,1.0,0,0.323
195,2,245.0,422.0,279.0,176.0,1.0,3,0.459
195,3,404.0,272.0,31.0,107.0,1.0,0,0.891
195,4,423.0,349.0,202.0,127.0,1.0,3,0.537
196,1,281.0,371.0,94.0,158.0,1.0,0,0.323
196,2,241.0,422.0,279.0,176.0,1.0,3,0.469
196,3,406.0,272.0,31.0,107.0,1.0,0,0.823
196,4,420.0,349.0,202.0,127.0,1.0,3,0.531
197,1,284.0,371.0,94.0,158.0,1.0,0,0.329
197,2,238.0,423.0,279.0,176.0,1.0,3,0.472
197,3,408.0,272.0,31.0,107.0,1.0,0,0.735
197,4,418.0,348.0,202.0,127.0,1.0,3,0.528
198,1,286.0,371.0,94.0,158.0,1.0,0,0.329
198,2,234.0,423.0,279.0,176.0,1.0,3,0.481
198,3,410.0,272.0,31.0,107.0,1.0,0,0.642
198,4,415.0,348.0,202.0,127.0,1.0,3,0.522
199,1,287.0,371.0,95.0,159.0,1.0,0,0.327
199,2,230.0,423.0,279.0,176.0,1.0,3,0.491
199,3,412.0,272.0,31.0,107.0,1.0,0,0.55
199,4,412.0,348.0,202.0,127.0,1.0,3,0.516
200,1,289.0,372.0,95.0,159.0,1.0,0,0.321
200,2,226.0,423.0,279.0,176.0,1.0,3,0.5
200,3,414.0,272.0,31.0,107.0,1.0,0,0.504
200,4,409.0,348.0,202.0,127.0,1.0,3,0.51
201,1,291.0,372.0,95.0,159.0,1.0,0,0.321
201,2,222.0,423.0,279.0,176.0,1.0,3,0.51
201,3,416.0,272.0,31.0,107.0,1.0,0,0.458
201,4,406.0,348.0,203.0,128.0,1.0,3,0.505
202,1,293.0,372.0,95.0,159.0,1.0,0,0.321
202,2,218.0,423.0,279.0,176.0,1.0,3,0.519
202,3,417.0,272.0,31.0,107.0,1.0,0,0.435
202,4,403.0,348.0,203.0,128.0,1.0,3,0.499
203,1,295.0,372.0,95.0,159.0,1.0,0,0.321
203,2,214.0,423.0,279.0,176.0,1.0,3,0.529
203,3,419.0,272.0,31.0,107.0,1.0,0,0.39
203,4,400.0,348.0,203.0,128.0,1.0,3,0.493
204,1,296.0,372.0,95.0,159.0,1.0,0,0.327
204,2,210.0,424.0,279.0,176.0,1.0,3,0.534
204,3,421.0,272.0,31.0,107.0,1.0,0,0.339
204,4,397.0,347.0,203.0,128.0,1.0,3,0.49
205,1,298.0,373.0,95.0,159.0,1.0,0,0.321
205,2,206.0,424.0,279.0,176.0,1.0,3,0.543
205,3,423.0,272.0,31.0,107.0,1.0,0,0.294
205,4,394.0,347.0,203.0,128.0,1.0,3,0.484
206,1,301.0,373.0,95.0,159.0,1.0,0,0.321
206,2,203.0,424.0,279.0,176.0,1.0,3,0.55
206,3,426.0,272.0,31.0,107.0,1.0,0,0.226
206,4,392.0,347.0,203.0,128.0,1.0,3,0.472
207,1,303.0,373.0,95.0,159.0,1.0,0,0.321
207,2,199.0,424.0,279.0,176.0,1.0,3,0.56
207,3,428.0,273.0,31.0,107.0,1.0,0,0.178
207,4,389.0,347.0,203.0,128.0,1.0,3,0.457
208,1,304.0,373.0,95.0,159.0,1.0,0,0.321
208,2,195.0,424.0,279.0,176.0,1.0,3,0.569
208,3,429.0,273.0,31.0,107.0,1.0,0,0.156
208,4,386.0,347.0,203.0,128.0,1.0,3,0.443
209,1,306.0,373.0,95.0,159.0,1.0,0,0.321
209,2,191.0,424.0,279.0,176.0,1.0,3,0.579
209,3,431.0,273.0,31.0,107.0,1.0,0,0.112
209,4,384.0,347.0,203.0,128.0,1.0,3,0.431
210,1,308.0,374.0,95.0,159.0,1.0,0,0.314
210,2,187.0,424.0,279.0,176.0,1.0,3,0.588
210,3,433.0,273.0,31.0,107.0,1.0,0,0.067
210,4,381.0,347.0,203.0,128.0,1.0,3,0.416
211,1,310.0,374.0,95.0,159.0,1.0,0,0.321
211,2,183.0,425.0,279.0,176.0,1.0,3,0.593
211,3,435.0,273.0,31.0,107.0,1.0,0,0.022
211,4,378.0,346.0,203.0,128.0,1.0,3,0.404
212,1,311.0,374.0,95.0,159.0,1.0,0,0.321
212,2,179.0,425.0,279.0,176.0,1.0,3,0.602
212,3,437.0,273.0,31.0,107.0,1.0,0,0.0
212,4,375.0,346.0,203.0,128.0,1.0,3,0.391
213,1,313.0,374.0,95.0,159.0,1.0,0,0.321
213,2,175.0,425.0,279.0,176.0,1.0,3,0.611
213,3,439.0,273.0,31.0,107.0,1.0,0,0.0
213,4,372.0,346.0,203.0,128.0,1.0,3,0.375
214,1,315.0,374.0,95.0,159.0,1.0,0,0.321
214,2,171.0,425.0,279.0,176.0,1.0,3,0.621
214,3,440.0,273.0,31.0,107.0,1.0,0,0.0
214,4,369.0,346.0,203.0,128.0,1.0,3,0.36
215,1,317.0,375.0,95.0,159.0,1.0,0,0.314
215,2,167.0,425.0,279.0,176.0,1.0,3,0.63
215,3,442.0,273.0,31.0,108.0,1.0,0,0.0
215,4,366.0,346.0,203.0,128.0,1.0,3,0.346
216,1,318.0,375.0,95.0,159.0,1.0,0,0.314
216,2,163.0,425.0,279.0,176.0,1.0,3,0.639
216,3,444.0,273.0,31.0,108.0,1.0,0,0.0
216,4,363.0,346.0,205.0,129.0,1.0,3,0.338
217,1,321.0,375.0,95.0,159.0,1.0,0,0.314
217,2,160.0,425.0,279.0,176.0,1.0,3,0.646
217,3,447.0,273.0,31.0,108.0,1.0,0,0.0
217,4,361.0,346.0,205.0,129.0,1.0,3,0.325
218,1,323.0,375.0,95.0,159.0,1.0,0,0.321
218,2,156.0,426.0,279.0,176.0,1.0,3,0.648
218,3,449.0,273.0,31.0,108.0,1.0,0,0.0
218,4,358.0,345.0,205.0,129.0,1.0,3,0.315
219,1,325.0,375.0,95.0,160.0,1.0,0,0.319
219,2,152.0,426.0,279.0,176.0,1.0,3,0.648
219,3,450.0,273.0,31.0,108.0,1.0,0,0.0
219,4,355.0,345.0,205.0,129.0,1.0,3,0.307
220,1,326.0,376.0,95.0,160.0,1.0,0,0.312
220,2,148.0,426.0,279.0,176.0,1.0,3,0.648
220,3,452.0,273.0,31.0,108.0,1.0,0,0.0
220,4,352.0,345.0,205.0,129.0,1.0,3,0.304
221,1,328.0,376.0,95.0,160.0,1.0,0,0.312
221,2,144.0,426.0,279.0,176.0,1.0,3,0.648
221,3,454.0,273.0,31.0,108.0,1.0,0,0.0
221,4,349.0,345.0,205.0,129.0,1.0,3,0.297
222,1,330.0,376.0,95.0,160.0,1.0,0,0.356
222,2,140.0,426.0,279.0,176.0,1.0,3,0.648
222,3,456.0,274.0,31.0,108.0,1.0,0,0.0
222,4,346.0,345.0,205.0,129.0,1.0,3,0.278
223,1,332.0,376.0,95.0,160.0,1.0,0,0.399
223,2,136.0,426.0,279.0,176.0,1.0,3,0.648
223,3,458.0,274.0,31.0,108.0,1.0,0,0.0
223,4,343.0,345.0,205.0,129.0,1.0,3,0.259
224,1,334.0,376.0,95.0,160.0,1.0,0,0.443
224,2,132.0,426.0,279.0,176.0,1.0,3,0.648
224,3,460.0,274.0,31.0,108.0,1.0,0,0.0
224,4,340.0,345.0,205.0,129.0,1.0,3,0.241
225,1,335.0,376.0,95.0,160.0,1.0,0,0.484
225,2,128.0,427.0,279.0,176.0,1.0,3,0.642
225,3,461.0,274.0,31.0,108.0,1.0,0,0.0
225,4,337.0,344.0,205.0,129.0,1.0,3,0.23
226,1,338.0,377.0,95.0,160.0,1.0,0,0.522
226,2,125.0,427.0,279.0,176.0,1.0,3,0.642
226,3,464.0,274.0,31.0,108.0,1.0,0,0.0
226,4,335.0,344.0,205.0,129.0,1.0,3,0.221
227,1,340.0,377.0,95.0,160.0,1.0,0,0.566
227,2,121.0,427.0,279.0,176.0,1.0,3,0.642
227,3,466.0,274.0,31.0,108.0,1.0,0,0.0
227,4,332.0,344.0,205.0,129.0,1.0,3,0.212
228,1,342.0,377.0,95.0,160.0,1.0,0,0.599
228,2,117.0,427.0,279.0,176.0,1.0,3,0.642
228,3,468.0,274.0,31.0,108.0,1.0,0,0.0
228,4,329.0,344.0,205.0,129.0,1.0,3,0.207
229,1,343.0,377.0,95.0,160.0,1.0,0,0.624
229,2,113.0,427.0,279.0,176.0,1.0,3,0.642
229,3,470.0,274.0,31.0,108.0,1.0,0,0.0
229,4,326.0,344.0,205.0,129.0,1.0,3,0.204
230,1,345.0,377.0,95.0,160.0,1.0,0,0.647
230,2,109.0,427.0,279.0,176.0,1.0,3,0.642
230,3,472.0,274.0,31.0,108.0,1.0,0,0.0
230,4,323.0,344.0,205.0,129.0,1.0,3,0.202
231,1,347.0,378.0,95.0,160.0,1.0,0,0.667
231,2,105.0,427.0,279.0,176.0,1.0,3,0.642
231,3,473.0,274.0,31.0,108.0,1.0,0,0.0
231,4,320.0,343.0,206.0,130.0,1.0,3,0.211
232,1,349.0,378.0,95.0,160.0,1.0,0,0.691
232,2,101.0,428.0,279.0,176.0,1.0,3,0.636
232,3,475.0,274.0,31.0,108.0,1.0,0,0.0
232,4,317.0,343.0,206.0,130.0,1.0,3,0.215
233,1,350.0,378.0,95.0,160.0,1.0,0,0.717
233,2,97.0,428.0,279.0,176.0,1.0,3,0.636
233,3,477.0,274.0,31.0,108.0,1.0,0,0.0
233,4,314.0,343.0,206.0,130.0,1.0,3,0.227
234,1,352.0,378.0,95.0,160.0,1.0,0,0.739
234,2,93.0,428.0,279.0,176.0,1.0,3,0.636
234,3,479.0,274.0,31.0,108.0,1.0,0,0.0
234,4,311.0,343.0,206.0,130.0,1.0,3,0.24
235,1,354.0,378.0,95.0,160.0,1.0,0,0.769
235,2,88.0,428.0,279.0,176.0,1.0,3,0.636
235,3,481.0,274.0,31.0,108.0,1.0,0,0.0
235,4,308.0,343.0,206.0,130.0,1.0,3,0.253
236,1,356.0,379.0,95.0,160.0,1.0,0,0.791
236,2,84.0,428.0,279.0,176.0,1.0,3,0.636
236,3,483.0,274.0,31.0,108.0,1.0,0,0.0
236,4,305.0,343.0,206.0,130.0,1.0,3,0.269
237,1,358.0,379.0,95.0,160.0,1.0,0,0.806
237,2,81.0,428.0,279.0,176.0,1.0,3,0.636
237,3,485.0,275.0,31.0,108.0,1.0,0,0.0
237,4,303.0,343.0,206.0,130.0,1.0,3,0.279
238,1,360.0,379.0,95.0,160.0,1.0,0,0.8
238,2,77.0,428.0,279.0,176.0,1.0,3,0.636
238,3,487.0,275.0,31.0,109.0,1.0,0,0.0
238,4,300.0,342.0,206.0,130.0,1.0,3,0.304
239,1,362.0,379.0,95.0,160.0,1.0,0,0.779
239,2,73.0,429.0,279.0,176.0,1.0,3,0.631
239,3,489.0,275.0,31.0,109.0,1.0,0,0.0
239,4,297.0,342.0,206.0,130.0,1.0,3,0.329
240,1,364.0,379.0,96.0,161.0,1.0,0,0.75
240,2,69.0,429.0,279.0,176.0,1.0,3,0.631
240,3,491.0,275.0,31.0,109.0,1.0,0,0.0
240,4,294.0,342.0,206.0,130.0,1.0,3,0.353
241,1,365.0,380.0,96.0,161.0,1.0,0,0.735
241,2,65.0,429.0,279.0,176.0,1.0,3,0.631
241,3,493.0,275.0,31.0,109.0,1.0,0,0.0
241,4,291.0,342.0,206.0,130.0,1.0,3,0.375
242,1,367.0,380.0,96.0,161.0,1.0,0,0.714
242,2,61.0,429.0,279.0,176.0,1.0,3,0.631
242,3,494.0,275.0,31.0,109.0,1.0,0,0.032
242,4,288.0,342.0,206.0,130.0,1.0,3,0.398
243,1,369.0,380.0,96.0,161.0,1.0,0,0.694
243,2,57.0,429.0,279.0,176.0,1.0,3,0.631
243,3,496.0,275.0,31.0,109.0,1.0,0,0.097
243,4,285.0,342.0,206.0,130.0,1.0,3,0.421
244,1,371.0,380.0,96.0,161.0,1.0,0,0.673
244,2,53.0,429.0,279.0,176.0,1.0,3,0.631
244,3,498.0,275.0,31.0,109.0,1.0,0,0.161
244,4,282.0,342.0,206.0,130.0,1.0,3,0.444
245,1,373.0,380.0,96.0,161.0,1.0,0,0.652
245,2,49.0,429.0,279.0,176.0,1.0,3,0.631
245,3,500.0,275.0,31.0,109.0,1.0,0,0.226
245,4,279.0,341.0,206.0,130.0,1.0,3,0.471
246,1,375.0,381.0,96.0,161.0,1.0,0,0.628
246,2,46.0,430.0,279.0,176.0,1.0,3,0.625
246,3,503.0,275.0,31.0,109.0,1.0,0,0.323
246,4,278.0,341.0,208.0,131.0,1.0,3,0.483
247,1,377.0,381.0,96.0,161.0,1.0,0,0.607
247,2,42.0,430.0,279.0,176.0,1.0,3,0.625
247,3,505.0,275.0,31.0,109.0,1.0,0,0.387
247,4,275.0,341.0,208.0,131.0,1.0,3,0.506
248,1,379.0,381.0,96.0,161.0,1.0,0,0.586
248,2,38.0,430.0,279.0,176.0,1.0,3,0.625
248,3,506.0,275.0,31.0,109.0,1.0,0,0.419
248,4,272.0,341.0,208.0,131.0,1.0,3,0.529
249,1,381.0,381.0,96.0,161.0,1.0,0,0.566
249,2,34.0,430.0,279.0,176.0,1.0,3,0.625
249,3,508.0,275.0,31.0,109.0,1.0,0,0.484
249,4,269.0,341.0,208.0,131.0,1.0,3,0.551
250,1,382.0,381.0,96.0,161.0,1.0,0,0.556
250,2,30.0,430.0,279.0,176.0,1.0,3,0.625
250,3,510.0,275.0,31.0,109.0,1.0,0,0.548
250,4,266.0,341.0,208.0,131.0,1.0,3,0.571
251,1,384.0,382.0,96.0,161.0,1.0,0,0.532
251,2,26.0,430.0,279.0,176.0,1.0,3,0.625
251,3,512.0,275.0,31.0,109.0,1.0,0,0.613
251,4,263.0,341.0,208.0,131.0,1.0,3,0.595
252,1,386.0,382.0,96.0,161.0,1.0,0,0.511
252,2,22.0,430.0,279.0,176.0,1.0,3,0.625
252,3,514.0,276.0,31.0,109.0,1.0,0,0.677
252,4,260.0,340.0,208.0,131.0,1.0,3,0.621
253,1,388.0,382.0,96.0,161.0,1.0,0,0.491
253,2,18.0,431.0,279.0,176.0,1.0,3,0.619
253,3,516.0,276.0,31.0,109.0,1.0,0,0.742
253,4,257.0,340.0,208.0,131.0,1.0,3,0.645
254,1,389.0,382.0,96.0,161.0,1.0,0,0.48
254,2,14.0,431.0,279.0,176.0,1.0,3,0.619
254,3,517.0,276.0,31.0,109.0,1.0,0,0.774
254,4,254.0,340.0,208.0,131.0,1.0,3,0.664
255,1,391.0,382.0,96.0,161.0,1.0,0,0.46
255,2,10.0,431.0,279.0,176.0,1.0,3,0.619
255,3,519.0,276.0,31.0,109.0,1.0,0,0.839
255,4,251.0,340.0,208.0,131.0,1.0,3,0.687
256,1,393.0,382.0,96.0,161.0,1.0,0,0.44
256,2,6.0,431.0,279.0,176.0,1.0,3,0.619
256,3,521.0,276.0,31.0,109.0,1.0,0,0.903
256,4,248.0,340.0,208.0,131.0,1.0,3,0.709
257,1,396.0,383.0,96.0,161.0,1.0,0,0.406
257,2,3.0,431.0,279.0,176.0,1.0,3,0.619
257,3,524.0,276.0,31.0,109.0,1.0,0,1.0
257,4,246.0,340.0,208.0,131.0,1.0,3,0.731
258,1,397.0,383.0,96.0,161.0,1.0,0,0.396
258,2,-1.0,431.0,279.0,176.0,1.0,3,0.617
258,3,526.0,276.0,31.0,109.0,1.0,0,1.0
258,4,243.0,340.0,208.0,131.0,1.0,3,0.751
259,1,399.0,383.0,96.0,161.0,1.0,0,0.376
259,2,-5.0,431.0,279.0,176.0,1.0,3,0.608
259,3,527.0,276.0,31.0,109.0,1.0,0,1.0
259,4,240.0,339.0,208.0,131.0,1.0,3,0.776
260,1,401.0,383.0,96.0,161.0,1.0,0,0.356
260,2,-9.0,432.0,279.0,176.0,1.0,3,0.594
260,3,529.0,276.0,32.0,110.0,1.0,0,1.0
260,4,237.0,339.0,208.0,131.0,1.0,3,0.799
261,1,403.0,383.0,97.0,162.0,1.0,0,0.33
261,2,-13.0,432.0,279.0,176.0,1.0,3,0.585
261,3,531.0,276.0,32.0,110.0,1.0,0,1.0
261,4,234.0,339.0,210.0,132.0,1.0,3,0.812
262,1,404.0,384.0,97.0,162.0,1.0,0,0.318
262,2,-17.0,432.0,279.0,176.0,1.0,3,0.576
262,3,533.0,276.0,32.0,110.0,1.0,0,1.0
262,4,231.0,339.0,210.0,132.0,1.0,3,0.832
263,1,406.0,384.0,97.0,162.0,1.0,0,0.298
263,2,-21.0,432.0,279.0,176.0,1.0,3,0.567
263,3,535.0,276.0,32.0,110.0,1.0,0,1.0
263,4,228.0,339.0,210.0,132.0,1.0,3,0.854
264,1,408.0,384.0,97.0,162.0,1.0,0,0.278
264,2,-25.0,432.0,279.0,176.0,1.0,3,0.559
264,3,537.0,276.0,32.0,110.0,1.0,0,1.0
264,4,225.0,339.0,210.0,132.0,1.0,3,0.874
265,1,410.0,384.0,97.0,162.0,1.0,0,0.258
265,2,-29.0,432.0,279.0,176.0,1.0,3,0.55
265,3,538.0,276.0,32.0,110.0,1.0,0,1.0
265,4,222.0,339.0,210.0,132.0,1.0,3,0.892
266,1,413.0,384.0,97.0,162.0,1.0,0,0.228
266,2,-32.0,432.0,279.0,176.0,1.0,3,0.543
266,3,541.0,276.0,32.0,110.0,1.0,0,1.0
266,4,220.0,338.0,210.0,132.0,1.0,3,0.91
267,1,414.0,385.0,97.0,162.0,1.0,0,0.217
267,2,-36.0,433.0,279.0,176.0,1.0,3,0.53
267,3,543.0,277.0,32.0,110.0,1.0,0,1.0
267,4,217.0,338.0,210.0,132.0,1.0,3,0.925
268,1,416.0,385.0,97.0,162.0,1.0,0,0.197
268,2,-40.0,433.0,279.0,176.0,1.0,3,0.521
268,3,545.0,277.0,32.0,110.0,1.0,0,1.0
268,4,214.0,338.0,210.0,132.0,1.0,3,0.942
269,1,418.0,385.0,97.0,162.0,1.0,0,0.178
269,2,-44.0,433.0,279.0,176.0,1.0,3,0.512
269,3,547.0,277.0,32.0,110.0,1.0,0,1.0
269,4,211.0,338.0,210.0,132.0,1.0,3,0.959
270,1,420.0,385.0,97.0,162.0,1.0,0,0.158
270,2,-48.0,433.0,279.0,176.0,1.0,3,0.503
270,3,549.0,277.0,32.0,110.0,1.0,0,1.0
270,4,208.0,338.0,210.0,132.0,1.0,3,0.969
271,1,421.0,385.0,97.0,162.0,1.0,0,0.148
271,2,-52.0,433.0,279.0,176.0,1.0,3,0.495
271,3,550.0,277.0,32.0,110.0,1.0,0,1.0
271,4,205.0,338.0,210.0,132.0,1.0,3,0.971
272,1,423.0,386.0,97.0,162.0,1.0,0,0.127
272,2,-56.0,433.0,279.0,176.0,1.0,3,0.486
272,3,552.0,277.0,32.0,110.0,1.0,0,1.0
272,4,202.0,338.0,210.0,132.0,1.0,3,0.972
273,1,425.0,386.0,97.0,162.0,1.0,0,0.108
273,2,-60.0,433.0,279.0,176.0,1.0,3,0.477
273,3,554.0,277.0,32.0,110.0,1.0,0,1.0
273,4,199.0,337.0,210.0,132.0,1.0,3,0.974
274,1,427.0,386.0,97.0,162.0,1.0,0,0.088
274,2,-64.0,434.0,279.0,176.0,1.0,3,0.464
274,3,556.0,277.0,32.0,110.0,1.0,0,1.0
274,4,196.0,337.0,210.0,132.0,1.0,3,0.976
275,1,428.0,386.0,97.0,162.0,1.0,0,0.088
275,2,-68.0,434.0,279.0,176.0,1.0,3,0.455
275,3,558.0,277.0,32.0,110.0,1.0,0,1.0
275,4,193.0,337.0,210.0,132.0,1.0,3,0.977
276,1,430.0,386.0,97.0,162.0,1.0,0,0.088
276,2,-72.0,434.0,279.0,176.0,1.0,3,0.447
276,3,559.0,277.0,32.0,110.0,1.0,0,1.0
276,4,190.0,337.0,211.0,133.0,1.0,3,0.978
277,1,433.0,387.0,97.0,162.0,1.0,0,0.088
277,2,-75.0,434.0,279.0,176.0,1.0,3,0.44
277,3,562.0,277.0,32.0,110.0,1.0,0,1.0
277,4,188.0,337.0,211.0,133.0,1.0,3,0.979
278,1,435.0,387.0,97.0,162.0,1.0,0,0.088
278,2,-79.0,434.0,279.0,176.0,1.0,3,0.432
278,3,564.0,277.0,32.0,110.0,1.0,0,1.0
278,4,185.0,337.0,211.0,133.0,1.0,3,0.981
279,1,436.0,387.0,97.0,162.0,1.0,0,0.088
279,2,-83.0,434.0,279.0,176.0,1.0,3,0.423
279,3,566.0,277.0,32.0,110.0,1.0,0,1.0
279,4,182.0,337.0,211.0,133.0,1.0,3,0.982
280,1,438.0,387.0,97.0,162.0,1.0,0,0.107
280,2,-87.0,434.0,279.0,176.0,1.0,3,0.414
280,3,568.0,277.0,32.0,110.0,1.0,0,1.0
280,4,179.0,336.0,211.0,133.0,1.0,3,0.984
281,1,440.0,387.0,97.0,163.0,1.0,0,0.126
281,2,-91.0,435.0,279.0,176.0,1.0,3,0.402
281,3,570.0,277.0,32.0,110.0,1.0,0,1.0
281,4,176.0,336.0,211.0,133.0,1.0,3,0.985
282,1,442.0,388.0,97.0,163.0,1.0,0,0.144
282,2,-95.0,435.0,279.0,176.0,1.0,3,0.393
282,3,571.0,277.0,32.0,111.0,1.0,0,1.0
282,4,173.0,336.0,211.0,133.0,1.0,3,0.987
283,1,443.0,388.0,97.0,163.0,1.0,0,0.154
283,2,-99.0,435.0,279.0,176.0,1.0,3,0.385
283,3,573.0,278.0,32.0,111.0,1.0,0,1.0
283,4,171.0,336.0,211.0,133.0,1.0,3,0.989
284,1,445.0,388.0,97.0,163.0,1.0,0,0.173
284,2,-103.0,435.0,279.0,176.0,1.0,3,0.376
284,3,575.0,278.0,32.0,111.0,1.0,0,1.0
284,4,168.0,336.0,211.0,133.0,1.0,3,0.99
285,1,447.0,388.0,97.0,163.0,1.0,0,0.192
285,2,-107.0,435.0,279.0,176.0,1.0,3,0.368
285,3,577.0,278.0,32.0,111.0,1.0,0,1.0
285,4,165.0,336.0,211.0,133.0,1.0,3,0.992
286,1,450.0,388.0,97.0,163.0,1.0,0,0.221
286,2,-110.0,435.0,279.0,176.0,1.0,3,0.361
286,3,580.0,278.0,32.0,111.0,1.0,0,1.0
286,4,163.0,336.0,211.0,133.0,1.0,3,0.993
287,1,452.0,389.0,97.0,163.0,1.0,0,0.239
287,2,-114.0,435.0,279.0,176.0,1.0,3,0.353
287,3,582.0,278.0,32.0,111.0,1.0,0,1.0
287,4,160.0,335.0,211.0,133.0,1.0,3,0.994
288,1,453.0,389.0,97.0,163.0,1.0,0,0.248
288,2,-118.0,436.0,279.0,176.0,1.0,3,0.341
288,3,583.0,278.0,32.0,111.0,1.0,0,1.0
288,4,157.0,335.0,211.0,133.0,1.0,3,0.995
289,1,455.0,389.0,97.0,163.0,1.0,0,0.267
289,2,-122.0,436.0,279.0,176.0,1.0,3,0.333
289,3,585.0,278.0,32.0,111.0,1.0,0,1.0
289,4,154.0,335.0,211.0,133.0,1.0,3,0.997
290,1,457.0,389.0,97.0,163.0,1.0,0,0.287
290,2,-126.0,436.0,279.0,176.0,1.0,3,0.324
290,3,587.0,278.0,32.0,111.0,1.0,0,1.0
290,4,151.0,335.0,211.0,133.0,1.0,3,0.998
291,1,459.0,389.0,97.0,163.0,1.0,0,0.306
291,2,-130.0,436.0,279.0,176.0,1.0,3,0.316
291,3,589.0,278.0,32.0,111.0,1.0,0,1.0
291,4,148.0,335.0,213.0,134.0,1.0,3,0.999
292,1,460.0,389.0,97.0,163.0,1.0,0,0.315
292,2,-134.0,436.0,279.0,176.0,1.0,3,0.307
292,3,591.0,278.0,32.0,111.0,1.0,0,1.0
292,4,145.0,335.0,213.0,134.0,1.0,3,1.0
293,1,462.0,390.0,97.0,163.0,1.0,0,0.332
293,2,-138.0,436.0,279.0,176.0,1.0,3,0.299
293,3,593.0,278.0,32.0,111.0,1.0,0,1.0
293,4,142.0,335.0,213.0,134.0,1.0,3,1.0
294,1,464.0,390.0,97.0,163.0,1.0,0,0.351
294,2,-142.0,436.0,279.0,176.0,1.0,3,0.29
294,3,594.0,278.0,32.0,111.0,1.0,0,1.0
294,4,139.0,334.0,213.0,134.0,1.0,3,1.0
295,1,466.0,390.0,97.0,163.0,1.0,0,0.37
295,2,-146.0,437.0,279.0,176.0,1.0,3,0.279
295,3,596.0,278.0,32.0,111.0,1.0,0,1.0
295,4,136.0,334.0,213.0,134.0,1.0,3,1.0
296,1,467.0,390.0,97.0,163.0,1.0,0,0.379
296,2,-150.0,437.0,279.0,176.0,1.0,3,0.271
296,3,598.0,278.0,32.0,111.0,1.0,0,1.0
296,4,133.0,334.0,213.0,134.0,1.0,3,1.0
297,1,470.0,390.0,97.0,163.0,1.0,0,0.408
297,2,-153.0,437.0,279.0,176.0,1.0,3,0.264
297,3,601.0,278.0,32.0,111.0,1.0,0,1.0
297,4,131.0,334.0,213.0,134.0,1.0,3,1.0
298,1,472.0,391.0,97.0,163.0,1.0,0,0.424
298,2,-157.0,437.0,279.0,176.0,1.0,3,0.256
298,3,603.0,279.0,32.0,111.0,1.0,0,1.0
298,4,128.0,334.0,213.0,134.0,1.0,3,1.0
299,1,474.0,391.0,97.0,163.0,1.0,0,0.443
299,2,-161.0,437.0,279.0,176.0,1.0,3,0.248
299,3,604.0,279.0,32.0,111.0,1.0,0,1.0
299,4,125.0,334.0,213.0,134.0,1.0,3,1.0
300,1,475.0,391.0,97.0,163.0,1.0,0,0.452
300,2,-165.0,437.0,279.0,176.0,1.0,3,0.239
300,3,606.0,279.0,32.0,111.0,1.0,0,1.0
300,4,122.0,334.0,213.0,134.0,1.0,3,1.0
301,1,477.0,391.0,97.0,163.0,1.0,0,0.471
301,2,-169.0,437.0,279.0,176.0,1.0,3,0.231
301,3,608.0,279.0,32.0,111.0,1.0,0,1.0
301,4,119.0,333.0,213.0,134.0,1.0,3,1.0
302,1,479.0,391.0,98.0,164.0,1.0,0,0.491
302,2,-173.0,438.0,279.0,176.0,1.0,3,0.22
302,3,610.0,279.0,32.0,111.0,1.0,0,1.0
302,4,116.0,333.0,213.0,134.0,1.0,3,1.0
303,1,481.0,392.0,98.0,164.0,1.0,0,0.506
303,2,-177.0,438.0,279.0,176.0,1.0,3,0.212
303,3,612.0,279.0,32.0,111.0,1.0,0,1.0
303,4,113.0,333.0,213.0,134.0,1.0,3,1.0
304,1,483.0,392.0,98.0,164.0,1.0,0,0.525
304,2,-181.0,438.0,279.0,176.0,1.0,3,0.204
304,3,614.0,279.0,32.0,111.0,1.0,0,1.0
304,4,110.0,333.0,213.0,134.0,1.0,3,1.0
305,1,484.0,392.0,98.0,164.0,1.0,0,0.534
305,2,-185.0,438.0,279.0,176.0,1.0,3,0.195
305,3,615.0,279.0,32.0,112.0,1.0,0,1.0
305,4,107.0,333.0,213.0,134.0,1.0,3,1.0
306,1,487.0,392.0,98.0,164.0,1.0,0,0.562
306,2,-188.0,438.0,279.0,176.0,1.0,3,0.189
306,3,618.0,279.0,32.0,112.0,1.0,0,1.0
306,4,105.0,333.0,214.0,135.0,1.0,3,1.0
307,1,489.0,392.0,98.0,164.0,1.0,0,0.58
307,2,-192.0,438.0,279.0,176.0,1.0,3,0.181
307,3,620.0,279.0,32.0,112.0,1.0,0,1.0
307,4,102.0,332.0,214.0,135.0,1.0,3,1.0
308,1,491.0,393.0,98.0,164.0,1.0,0,0.595
308,2,-196.0,438.0,279.0,176.0,1.0,3,0.172
308,3,622.0,279.0,32.0,112.0,1.0,0,1.0
308,4,99.0,332.0,214.0,135.0,1.0,3,1.0
309,1,492.0,393.0,98.0,164.0,1.0,0,0.604
309,2,-200.0,439.0,279.0,176.0,1.0,3,0.162
309,3,624.0,279.0,32.0,112.0,1.0,0,1.0
309,4,96.0,332.0,214.0,135.0,1.0,3,1.0
310,1,494.0,393.0,98.0,164.0,1.0,0,0.622
310,2,-204.0,439.0,279.0,176.0,1.0,3,0.154
310,3,626.0,279.0,32.0,112.0,1.0,0,1.0
310,4,93.0,332.0,214.0,135.0,1.0,3,1.0
311,1,496.0,393.0,98.0,164.0,1.0,0,0.64
311,2,-208.0,439.0,279.0,176.0,1.0,3,0.146
311,3,627.0,279.0,32.0,112.0,1.0,0,1.0
311,4,90.0,332.0,214.0,135.0,1.0,3,1.0
312,1,498.0,393.0,98.0,164.0,1.0,0,0.659
312,2,-212.0,439.0,279.0,176.0,1.0,3,0.138
312,3,629.0,279.0,32.0,112.0,1.0,0,1.0
312,4,87.0,332.0,214.0,135.0,1.0,3,1.0
313,1,499.0,394.0,98.0,164.0,1.0,0,0.663
313,2,-216.0,439.0,279.0,176.0,1.0,3,0.13
313,3,631.0,280.0,32.0,112.0,1.0,0,1.0
313,4,84.0,332.0,214.0,135.0,1.0,3,1.0
314,1,501.0,394.0,98.0,164.0,1.0,0,0.681
314,2,-220.0,439.0,279.0,176.0,1.0,3,0.121
314,3,633.0,280.0,32.0,112.0,1.0,0,1.0
314,4,81.0,331.0,214.0,135.0,1.0,3,1.0
315,1,503.0,394.0,98.0,164.0,1.0,0,0.699
315,2,-224.0,439.0,279.0,176.0,1.0,3,0.113
315,3,635.0,280.0,32.0,112.0,1.0,0,1.0
315,4,78.0,331.0,214.0,135.0,1.0,3,1.0
316,1,505.0,394.0,98.0,164.0,1.0,0,0.718
316,2,-228.0,440.0,279.0,176.0,1.0,3,0.104
316,3,636.0,280.0,32.0,112.0,1.0,0,1.0
316,4,75.0,331.0,214.0,135.0,1.0,3,1.0
317,1,507.0,394.0,98.0,164.0,1.0,0,0.736
317,2,-231.0,440.0,279.0,176.0,1.0,3,0.098
317,3,639.0,280.0,32.0,112.0,1.0,0,1.0
317,4,73.0,331.0,214.0,135.0,1.0,3,1.0
318,1,509.0,395.0,98.0,164.0,1.0,0,0.749
318,2,-235.0,440.0,279.0,176.0,1.0,3,0.09
318,3,641.0,280.0,32.0,112.0,1.0,0,1.0
318,4,70.0,331.0,214.0,135.0,1.0,3,1.0
319,1,511.0,395.0,98.0,164.0,1.0,0,0.767
319,2,-239.0,440.0,279.0,176.0,1.0,3,0.081
319,3,643.0,280.0,32.0,112.0,1.0,0,1.0
319,4,67.0,331.0,214.0,135.0,1.0,3,1.0
320,1,513.0,395.0,98.0,164.0,1.0,0,0.785
320,2,-243.0,440.0,279.0,176.0,1.0,3,0.073
320,3,645.0,280.0,32.0,112.0,1.0,0,1.0
320,4,65.0,331.0,214.0,135.0,1.0,3,1.0
321,1,514.0,395.0,98.0,164.0,1.0,0,0.794
321,2,-247.0,440.0,279.0,176.0,1.0,3,0.065
321,3,647.0,280.0,32.0,112.0,1.0,0,1.0
321,4,62.0,330.0,216.0,136.0,1.0,3,1.0
322,1,516.0,395.0,98.0,164.0,1.0,0,0.812
322,2,-251.0,440.0,279.0,176.0,1.0,3,0.057
322,3,648.0,280.0,32.0,112.0,1.0,0,1.0
322,4,59.0,330.0,216.0,136.0,1.0,3,1.0
323,1,518.0,395.0,98.0,165.0,1.0,0,0.825
323,2,-255.0,441.0,279.0,176.0,1.0,3,0.048
323,3,650.0,280.0,32.0,112.0,1.0,0,1.0
323,4,56.0,330.0,216.0,136.0,1.0,3,1.0
324,1,520.0,396.0,98.0,165.0,1.0,0,0.837
324,2,-259.0,441.0,279.0,176.0,1.0,3,0.04
324,3,652.0,280.0,32.0,112.0,1.0,0,1.0
324,4,53.0,330.0,216.0,136.0,1.0,3,1.0
325,1,522.0,396.0,98.0,165.0,1.0,0,0.855
325,2,-263.0,441.0,279.0,176.0,1.0,3,0.032
325,3,654.0,280.0,32.0,112.0,1.0,0,1.0
325,4,50.0,330.0,216.0,136.0,1.0,3,1.0
326,1,524.0,396.0,98.0,165.0,1.0,0,0.873
326,2,-266.0,441.0,279.0,176.0,1.0,3,0.026
326,3,657.0,280.0,32.0,112.0,1.0,0,1.0
326,4,48.0,330.0,216.0,136.0,1.0,3,1.0
327,1,526.0,396.0,98.0,165.0,1.0,0,0.873
327,2,-270.0,441.0,279.0,176.0,1.0,3,0.018
327,3,659.0,280.0,32.0,113.0,1.0,0,1.0
327,4,45.0,330.0,216.0,136.0,1.0,3,1.0
328,1,528.0,396.0,98.0,165.0,1.0,0,0.873
328,2,-275.0,441.0,279.0,176.0,1.0,3,0.008
328,3,660.0,281.0,32.0,113.0,1.0,0,1.0
328,4,42.0,329.0,216.0,136.0,1.0,3,1.0
329,1,530.0,397.0,98.0,165.0,1.0,0,0.867
329,3,662.0,281.0,32.0,113.0,1.0,0,1.0
329,4,39.0,329.0,216.0,136.0,1.0,3,1.0
330,1,531.0,397.0,98.0,165.0,1.0,0,0.867
330,3,664.0,281.0,32.0,113.0,1.0,0,1.0
330,4,36.0,329.0,216.0,136.0,1.0,3,1.0
331,1,533.0,397.0,98.0,165.0,1.0,0,0.867
331,3,666.0,281.0,32.0,113.0,1.0,0,1.0
331,4,33.0,329.0,216.0,136.0,1.0,3,1.0
332,1,535.0,397.0,98.0,165.0,1.0,0,0.867
332,3,668.0,281.0,32.0,113.0,1.0,0,1.0
332,4,30.0,329.0,216.0,136.0,1.0,3,1.0
333,1,537.0,397.0,98.0,165.0,1.0,0,0.867
333,3,670.0,281.0,32.0,113.0,1.0,0,1.0
333,4,27.0,329.0,216.0,136.0,1.0,3,1.0
334,1,538.0,398.0,98.0,165.0,1.0,0,0.861
334,3,671.0,281.0,32.0,113.0,1.0,0,1.0
334,4,24.0,329.0,216.0,136.0,1.0,3,1.0
335,1,540.0,398.0,98.0,165.0,1.0,0,0.861
335,3,673.0,281.0,32.0,113.0,1.0,0,1.0
335,4,21.0,328.0,216.0,136.0,1.0,3,1.0
336,1,542.0,398.0,98.0,165.0,1.0,0,0.861
336,3,675.0,281.0,32.0,113.0,1.0,0,1.0
336,4,18.0,328.0,217.0,137.0,1.0,3,1.0
337,1,545.0,398.0,98.0,165.0,1.0,0,0.861
337,3,678.0,281.0,32.0,113.0,1.0,0,1.0
337,4,16.0,328.0,217.0,137.0,1.0,3,1.0
338,1,546.0,398.0,98.0,165.0,1.0,0,0.861
338,3,680.0,281.0,32.0,113.0,1.0,0,1.0
338,4,13.0,328.0,217.0,137.0,1.0,3,1.0
339,1,548.0,399.0,98.0,165.0,1.0,0,0.855
339,3,681.0,281.0,32.0,113.0,1.0,0,1.0
339,4,10.0,328.0,217.0,137.0,1.0,3,1.0
340,1,550.0,399.0,98.0,165.0,1.0,0,0.855
340,3,683.0,281.0,32.0,113.0,1.0,0,1.0
340,4,7.0,328.0,217.0,137.0,1.0,3,1.0
341,1,552.0,399.0,98.0,165.0,1.0,0,0.855
341,3,685.0,281.0,32.0,113.0,1.0,0,1.0
341,4,4.0,328.0,217.0,137.0,1.0,3,1.0
342,1,553.0,399.0,98.0,165.0,1.0,0,0.855
342,3,687.0,281.0,32.0,113.0,1.0,0,1.0
342,4,1.0,327.0,217.0,137.0,1.0,3,1.0
343,1,555.0,399.0,99.0,166.0,1.0,0,0.849
343,3,689.0,282.0,32.0,113.0,1.0,0,1.0
343,4,-2.0,327.0,217.0,137.0,1.0,3,0.991
344,1,557.0,400.0,99.0,166.0,1.0,0,0.843
344,3,691.0,282.0,32.0,113.0,1.0,0,1.0
344,4,-5.0,327.0,217.0,137.0,1.0,3,0.977
345,1,559.0,400.0,99.0,166.0,1.0,0,0.843
345,3,692.0,282.0,32.0,113.0,1.0,0,1.0
345,4,-8.0,327.0,217.0,137.0,1.0,3,0.963
346,1,562.0,400.0,99.0,166.0,1.0,0,0.843
346,3,695.0,282.0,32.0,113.0,1.0,0,1.0
346,4,-10.0,327.0,217.0,137.0,1.0,3,0.954
347,1,563.0,400.0,99.0,166.0,1.0,0,0.843
347,3,697.0,282.0,32.0,113.0,1.0,0,1.0
347,4,-13.0,327.0,217.0,137.0,1.0,3,0.94
348,1,565.0,400.0,99.0,166.0,1.0,0,0.843
348,3,699.0,282.0,32.0,113.0,1.0,0,1.0
348,4,-16.0,327.0,217.0,137.0,1.0,3,0.926
349,1,567.0,401.0,99.0,166.0,1.0,0,0.837
349,3,701.0,282.0,33.0,114.0,1.0,0,1.0
349,4,-19.0,326.0,217.0,137.0,1.0,3,0.912
350,1,569.0,401.0,99.0,166.0,1.0,0,0.837
350,3,703.0,282.0,33.0,114.0,1.0,0,1.0
350,4,-22.0,326.0,217.0,137.0,1.0,3,0.899
351,1,570.0,401.0,99.0,166.0,1.0,0,0.837
351,3,704.0,282.0,33.0,114.0,1.0,0,1.0
351,4,-25.0,326.0,219.0,138.0,1.0,3,0.886
352,1,572.0,401.0,99.0,166.0,1.0,0,0.837
352,3,706.0,282.0,33.0,114.0,1.0,0,1.0
352,4,-28.0,326.0,219.0,138.0,1.0,3,0.872
353,1,574.0,401.0,99.0,166.0,1.0,0,0.837
353,3,708.0,282.0,33.0,114.0,1.0,0,1.0
353,4,-31.0,326.0,219.0,138.0,1.0,3,0.858
354,1,576.0,402.0,99.0,166.0,1.0,0,0.831
354,3,710.0,282.0,33.0,114.0,1.0,0,1.0
354,4,-34.0,326.0,219.0,138.0,1.0,3,0.845
355,1,577.0,402.0,99.0,166.0,1.0,0,0.831
355,3,712.0,282.0,33.0,114.0,1.0,0,1.0
355,4,-37.0,326.0,219.0,138.0,1.0,3,0.831
356,1,579.0,402.0,99.0,166.0,1.0,0,0.831
356,3,713.0,282.0,33.0,114.0,1.0,0,1.0
356,4,-39.0,325.0,219.0,138.0,1.0,3,0.822
357,1,582.0,402.0,99.0,166.0,1.0,0,0.831
357,3,716.0,282.0,33.0,114.0,1.0,0,1.0
357,4,-41.0,325.0,219.0,138.0,1.0,3,0.813
358,1,584.0,402.0,99.0,166.0,1.0,0,0.831
358,3,718.0,282.0,33.0,114.0,1.0,0,1.0
358,4,-44.0,325.0,219.0,138.0,1.0,3,0.799
359,1,585.0,402.0,99.0,166.0,1.0,0,0.831
359,3,720.0,283.0,33.0,114.0,1.0,0,1.0
359,4,-47.0,325.0,219.0,138.0,1.0,3,0.785
360,1,587.0,403.0,99.0,166.0,1.0,0,0.825
360,3,722.0,283.0,33.0,114.0,1.0,0,1.0
360,4,-50.0,325.0,219.0,138.0,1.0,3,0.772
361,1,589.0,403.0,99.0,166.0,1.0,0,0.825
361,3,724.0,283.0,33.0,114.0,1.0,0,1.0
361,4,-53.0,325.0,219.0,138.0,1.0,3,0.758
362,1,591.0,403.0,99.0,166.0,1.0,0,0.825
362,3,725.0,283.0,33.0,114.0,1.0,0,1.0
362,4,-56.0,325.0,219.0,138.0,1.0,3,0.744
363,1,592.0,403.0,99.0,166.0,1.0,0,0.825
363,3,727.0,283.0,33.0,114.0,1.0,0,1.0
363,4,-59.0,324.0,219.0,138.0,1.0,3,0.731
364,1,594.0,403.0,100.0,167.0,1.0,0,0.82
364,3,729.0,283.0,33.0,114.0,1.0,0,1.0
364,4,-62.0,324.0,219.0,138.0,1.0,3,0.717
365,1,596.0,404.0,100.0,167.0,1.0,0,0.814
365,3,731.0,283.0,33.0,114.0,1.0,0,1.0
365,4,-65.0,324.0,219.0,138.0,1.0,3,0.703
366,1,599.0,404.0,100.0,167.0,1.0,0,0.814
366,3,734.0,283.0,33.0,114.0,1.0,0,1.0
366,4,-67.0,324.0,221.0,139.0,1.0,3,0.697
367,1,601.0,404.0,100.0,167.0,1.0,0,0.814
367,3,736.0,283.0,33.0,114.0,1.0,0,1.0
367,4,-70.0,324.0,221.0,139.0,1.0,3,0.683
368,1,602.0,404.0,100.0,167.0,1.0,0,0.814
368,3,737.0,283.0,33.0,114.0,1.0,0,1.0
368,4,-73.0,324.0,221.0,139.0,1.0,3,0.67
369,1,604.0,404.0,100.0,167.0,1.0,0,0.814
369,3,739.0,283.0,33.0,114.0,1.0,0,1.0
369,4,-76.0,324.0,221.0,139.0,1.0,3,0.656
370,1,606.0,405.0,100.0,167.0,1.0,0,0.808
370,3,741.0,283.0,33.0,114.0,1.0,0,1.0
370,4,-79.0,323.0,221.0,139.0,1.0,3,0.643
371,1,608.0,405.0,100.0,167.0,1.0,0,0.808
371,3,743.0,283.0,33.0,114.0,1.0,0,1.0
371,4,-82.0,323.0,221.0,139.0,1.0,3,0.629
372,1,609.0,405.0,100.0,167.0,1.0,0,0.808
372,3,745.0,283.0,33.0,115.0,1.0,0,1.0
372,4,-85.0,323.0,221.0,139.0,1.0,3,0.615
373,1,611.0,405.0,100.0,167.0,1.0,0,0.808
373,3,747.0,283.0,33.0,115.0,1.0,0,1.0
373,4,-88.0,323.0,221.0,139.0,1.0,3,0.602
374,1,613.0,405.0,100.0,167.0,1.0,0,0.808
374,3,748.0,284.0,33.0,115.0,1.0,0,1.0
374,4,-91.0,323.0,221.0,139.0,1.0,3,0.588
375,1,615.0,406.0,100.0,167.0,1.0,0,0.802
375,3,750.0,284.0,33.0,115.0,1.0,0,1.0
375,4,-94.0,323.0,221.0,139.0,1.0,3,0.575
376,1,616.0,406.0,100.0,167.0,1.0,0,0.802
376,3,752.0,284.0,33.0,115.0,1.0,0,1.0
376,4,-97.0,322.0,221.0,139.0,1.0,3,0.561
377,1,619.0,406.0,100.0,167.0,1.0,0,0.802
377,3,755.0,284.0,33.0,115.0,1.0,0,1.0
377,4,-99.0,322.0,221.0,139.0,1.0,3,0.552
378,1,621.0,406.0,100.0,167.0,1.0,0,0.802
378,3,757.0,284.0,33.0,115.0,1.0,0,1.0
378,4,-102.0,322.0,221.0,139.0,1.0,3,0.538
379,1,623.0,406.0,100.0,167.0,1.0,0,0.802
379,3,758.0,284.0,33.0,115.0,1.0,0,1.0
379,4,-105.0,322.0,221.0,139.0,1.0,3,0.525
380,1,624.0,407.0,100.0,167.0,1.0,0,0.796
380,3,760.0,284.0,33.0,115.0,1.0,0,1.0
380,4,-108.0,322.0,221.0,139.0,1.0,3,0.511
381,1,626.0,407.0,100.0,167.0,1.0,0,0.796
381,3,762.0,284.0,33.0,115.0,1.0,0,1.0
381,4,-111.0,322.0,222.0,140.0,1.0,3,0.5
382,1,628.0,407.0,100.0,167.0,1.0,0,0.796
382,3,764.0,284.0,33.0,115.0,1.0,0,1.0
382,4,-114.0,322.0,222.0,140.0,1.0,3,0.486
383,1,630.0,407.0,100.0,167.0,1.0,0,0.796
383,3,766.0,284.0,33.0,115.0,1.0,0,1.0
383,4,-117.0,321.0,222.0,140.0,1.0,3,0.473
384,1,631.0,407.0,100.0,167.0,1.0,0,0.796
384,3,768.0,284.0,33.0,115.0,1.0,0,1.0
384,4,-120.0,321.0,222.0,140.0,1.0,3,0.459
385,1,633.0,408.0,100.0,168.0,1.0,0,0.786
385,3,769.0,284.0,33.0,115.0,1.0,0,1.0
385,4,-123.0,321.0,222.0,140.0,1.0,3,0.446
386,1,636.0,408.0,100.0,168.0,1.0,0,0.786
386,3,772.0,284.0,33.0,115.0,1.0,0,1.0
386,4,-125.0,321.0,222.0,140.0,1.0,3,0.437
387,1,638.0,408.0,100.0,168.0,1.0,0,0.786
387,4,-128.0,321.0,222.0,140.0,1.0,3,0.423
388,1,640.0,408.0,100.0,168.0,1.0,0,0.786
388,4,-131.0,321.0,222.0,140.0,1.0,3,0.41
389,1,641.0,408.0,100.0,168.0,1.0,0,0.786
389,4,-134.0,321.0,222.0,140.0,1.0,3,0.396
390,1,643.0,408.0,100.0,168.0,1.0,0,0.786
390,4,-137.0,320.0,222.0,140.0,1.0,3,0.383
391,1,645.0,409.0,100.0,168.0,1.0,0,0.78
391,4,-140.0,320.0,222.0,140.0,1.0,3,0.369
392,1,647.0,409.0,100.0,168.0,1.0,0,0.78
392,4,-143.0,320.0,222.0,140.0,1.0,3,0.356
393,1,648.0,409.0,100.0,168.0,1.0,0,0.78
393,4,-145.0,320.0,222.0,140.0,1.0,3,0.347
394,1,650.0,409.0,100.0,168.0,1.0,0,0.78
394,4,-148.0,320.0,222.0,140.0,1.0,3,0.333
395,1,652.0,409.0,100.0,168.0,1.0,0,0.78
395,4,-151.0,320.0,222.0,140.0,1.0,3,0.32
396,1,654.0,410.0,100.0,168.0,1.0,0,0.774
396,4,-154.0,320.0,224.0,141.0,1.0,3,0.312
397,1,656.0,410.0,100.0,168.0,1.0,0,0.774
397,4,-156.0,319.0,224.0,141.0,1.0,3,0.304
398,1,658.0,410.0,100.0,168.0,1.0,0,0.774
398,4,-159.0,319.0,224.0,141.0,1.0,3,0.29
399,1,660.0,410.0,100.0,168.0,1.0,0,0.774
399,4,-162.0,319.0,224.0,141.0,1.0,3,0.277
400,1,662.0,410.0,100.0,168.0,1.0,0,0.774
400,4,-165.0,319.0,224.0,141.0,1.0,3,0.263
401,1,663.0,411.0,100.0,168.0,1.0,0,0.768
401,4,-168.0,319.0,224.0,141.0,1.0,3,0.25
402,1,665.0,411.0,100.0,168.0,1.0,0,0.768
402,4,-171.0,319.0,224.0,141.0,1.0,3,0.237
403,1,667.0,411.0,100.0,168.0,1.0,0,0.768
403,4,-174.0,319.0,224.0,141.0,1.0,3,0.223
404,1,669.0,411.0,100.0,168.0,1.0,0,0.768
404,4,-177.0,318.0,224.0,141.0,1.0,3,0.21
405,1,671.0,411.0,101.0,169.0,1.0,0,0.763
405,4,-180.0,318.0,224.0,141.0,1.0,3,0.196
406,1,673.0,412.0,101.0,169.0,1.0,0,0.757
406,4,-182.0,318.0,224.0,141.0,1.0,3,0.188
407,1,675.0,412.0,101.0,169.0,1.0,0,0.757
407,4,-185.0,318.0,224.0,141.0,1.0,3,0.174
408,1,677.0,412.0,101.0,169.0,1.0,0,0.757
408,4,-188.0,318.0,224.0,141.0,1.0,3,0.161
409,1,679.0,412.0,101.0,169.0,1.0,0,0.757
409,4,-191.0,318.0,224.0,141.0,1.0,3,0.147
410,1,680.0,412.0,101.0,169.0,1.0,0,0.757
410,4,-194.0,318.0,224.0,141.0,1.0,3,0.134
411,1,682.0,413.0,101.0,169.0,1.0,0,0.751
411,4,-197.0,317.0,225.0,142.0,1.0,3,0.124
412,1,684.0,413.0,101.0,169.0,1.0,0,0.751
412,4,-200.0,317.0,225.0,142.0,1.0,3,0.111
413,1,686.0,413.0,101.0,169.0,1.0,0,0.751
413,4,-203.0,317.0,225.0,142.0,1.0,3,0.098
414,1,687.0,413.0,101.0,169.0,1.0,0,0.751
414,4,-206.0,317.0,225.0,142.0,1.0,3,0.084
415,1,689.0,413.0,101.0,169.0,1.0,0,0.751
415,4,-209.0,317.0,225.0,142.0,1.0,3,0.071
416,1,691.0,414.0,101.0,169.0,1.0,0,0.746
416,4,-212.0,317.0,225.0,142.0,1.0,3,0.058
417,1,694.0,414.0,101.0,169.0,1.0,0,0.746
417,4,-214.0,317.0,225.0,142.0,1.0,3,0.049
418,1,695.0,414.0,101.0,169.0,1.0,0,0.746
418,4,-217.0,316.0,225.0,142.0,1.0,3,0.036
419,1,697.0,414.0,101.0,169.0,1.0,0,0.746
419,4,-220.0,316.0,225.0,142.0,1.0,3,0.022
420,1,699.0,414.0,101.0,169.0,1.0,0,0.746
420,4,-223.0,316.0,225.0,142.0,1.0,3,0.009
421,1,701.0,415.0,101.0,169.0,1.0,0,0.74
422,1,702.0,415.0,101.0,169.0,1.0,0,0.74
423,1,704.0,415.0,101.0,169.0,1.0,0,0.74
424,1,706.0,415.0,101.0,169.0,1.0,0,0.74
425,1,708.0,415.0,101.0,169.0,1.0,0,0.74
426,1,711.0,415.0,101.0,170.0,1.0,0,0.735
427,1,712.0,416.0,101.0,170.0,1.0,0,0.729
428,1,714.0,416.0,101.0,170.0,1.0,0,0.729
429,1,716.0,416.0,101.0,170.0,1.0,0,0.729
430,1,718.0,416.0,101.0,170.0,1.0,0,0.729
431,1,719.0,416.0,101.0,170.0,1.0,0,0.729
432,1,721.0,417.0,101.0,170.0,1.0,0,0.724
433,1,723.0,417.0,101.0,170.0,1.0,0,0.724
434,1,725.0,417.0,101.0,170.0,1.0,0,0.724
435,1,726.0,417.0,101.0,170.0,1.0,0,0.724
436,1,728.0,417.0,101.0,170.0,1.0,0,0.724
