1,1,-1.0,298.0,46.0,121.0,1.0,0,0.944
1,2,939.0,306.0,221.0,139.0,1.0,3,0.095
1,5,14.0,412.0,27.0,122.0,1.0,0,1.0
2,1,2.0,298.0,46.0,121.0,1.0,0,0.966
2,2,936.0,307.0,221.0,139.0,1.0,3,0.109
2,5,17.0,412.0,27.0,122.0,1.0,0,1.0
3,1,4.0,298.0,46.0,121.0,1.0,0,0.966
3,2,933.0,307.0,221.0,139.0,1.0,3,0.122
3,3,-42.0,417.0,44.0,116.0,1.0,0,0.045
3,5,21.0,412.0,27.0,122.0,1.0,0,1.0
4,1,7.0,297.0,46.0,122.0,1.0,0,0.962
4,2,931.0,307.0,221.0,139.0,1.0,3,0.131
4,3,-40.0,417.0,44.0,116.0,1.0,0,0.091
4,5,24.0,411.0,27.0,122.0,1.0,0,1.0
5,1,10.0,297.0,46.0,122.0,1.0,0,0.962
5,2,928.0,307.0,221.0,139.0,1.0,3,0.145
5,3,-37.0,417.0,44.0,116.0,1.0,0,0.159
5,5,28.0,411.0,27.0,122.0,1.0,0,1.0
6,1,12.0,297.0,46.0,122.0,1.0,0,0.962
6,2,925.0,307.0,221.0,139.0,1.0,3,0.158
6,3,-35.0,417.0,44.0,116.0,1.0,0,0.205
6,5,31.0,411.0,27.0,122.0,1.0,0,1.0
7,1,15.0,297.0,46.0,122.0,1.0,0,0.963
7,2,922.0,307.0,221.0,139.0,1.0,3,0.172
7,3,-33.0,417.0,44.0,116.0,1.0,0,0.25
7,5,35.0,411.0,27.0,122.0,1.0,0,1.0
8,1,18.0,297.0,46.0,122.0,1.0,0,0.963
8,2,920.0,307.0,221.0,139.0,1.0,3,0.181
8,3,-30.0,417.0,45.0,117.0,1.0,0,0.333
8,5,38.0,411.0,27.0,122.0,1.0,0,1.0
9,1,20.0,297.0,46.0,122.0,1.0,0,0.966
9,2,917.0,307.0,221.0,139.0,1.0,3,0.195
9,3,-28.0,417.0,45.0,117.0,1.0,0,0.378
9,5,42.0,411.0,27.0,122.0,1.0,0,1.0
10,1,23.0,297.0,46.0,122.0,1.0,0,0.962
10,2,914.0,307.0,221.0,139.0,1.0,3,0.208
10,3,-26.0,417.0,45.0,117.0,1.0,0,0.422
10,5,45.0,410.0,27.0,122.0,1.0,0,1.0
11,1,26.0,297.0,46.0,122.0,1.0,0,0.963
11,2,911.0,307.0,221.0,139.0,1.0,3,0.222
11,3,-23.0,417.0,45.0,117.0,1.0,0,0.489
11,5,49.0,410.0,27.0,122.0,1.0,0,1.0
12,1,29.0,297.0,46.0,122.0,1.0,0,0.963
12,2,909.0,308.0,221.0,139.0,1.0,3,0.231
12,3,-21.0,417.0,45.0,117.0,1.0,0,0.533
12,5,52.0,410.0,27.0,122.0,1.0,0,1.0
13,1,31.0,297.0,46.0,122.0,1.0,0,0.966
13,2,906.0,308.0,221.0,139.0,1.0,3,0.244
13,3,-19.0,417.0,45.0,117.0,1.0,0,0.578
13,5,56.0,410.0,27.0,122.0,1.0,0,1.0
14,1,34.0,297.0,46.0,122.0,1.0,0,0.966
14,2,903.0,308.0,221.0,139.0,1.0,3,0.258
14,3,-16.0,417.0,45.0,117.0,1.0,0,0.644
14,5,59.0,410.0,27.0,122.0,1.0,0,1.0
15,1,37.0,297.0,46.0,122.0,1.0,0,0.964
15,2,900.0,308.0,221.0,139.0,1.0,3,0.264
15,3,-14.0,417.0,45.0,117.0,1.0,0,0.689
15,4,958.0,334.0,238.0,150.0,1.0,3,0.008
15,5,63.0,409.0,27.0,122.0,1.0,0,1.0
16,1,39.0,297.0,46.0,122.0,1.0,0,0.966
16,2,898.0,308.0,221.0,139.0,1.0,3,0.258
16,3,-12.0,417.0,45.0,117.0,1.0,0,0.733
16,4,954.0,334.0,238.0,150.0,1.0,3,0.025
16,5,66.0,409.0,27.0,122.0,1.0,0,1.0
17,1,42.0,297.0,46.0,122.0,1.0,0,0.968
17,2,895.0,308.0,221.0,139.0,1.0,3,0.261
17,3,-9.0,417.0,45.0,117.0,1.0,0,0.8
17,4,951.0,334.0,238.0,150.0,1.0,3,0.038
17,5,70.0,409.0,27.0,122.0,1.0,0,1.0
18,1,45.0,297.0,46.0,122.0,1.0,0,0.968
18,2,892.0,308.0,221.0,139.0,1.0,3,0.263
18,3,-7.0,417.0,45.0,117.0,1.0,0,0.844
18,4,948.0,333.0,238.0,150.0,1.0,3,0.05
18,5,73.0,409.0,27.0,122.0,1.0,0,1.0
19,1,47.0,297.0,47.0,123.0,1.0,0,0.968
19,2,889.0,308.0,221.0,139.0,1.0,3,0.262
19,3,-5.0,417.0,45.0,117.0,1.0,0,0.889
19,4,944.0,333.0,238.0,150.0,1.0,3,0.067
19,5,77.0,409.0,27.0,122.0,1.0,0,1.0
20,1,50.0,297.0,47.0,123.0,1.0,0,0.968
20,2,887.0,308.0,221.0,139.0,1.0,3,0.26
20,3,-2.0,418.0,45.0,117.0,1.0,0,0.956
20,4,941.0,333.0,238.0,150.0,1.0,3,0.08
20,5,80.0,409.0,27.0,122.0,1.0,0,1.0
21,1,53.0,297.0,47.0,123.0,1.0,0,0.967
21,2,884.0,308.0,221.0,139.0,1.0,3,0.262
21,3,0.0,418.0,45.0,117.0,1.0,0,1.0
21,4,938.0,333.0,238.0,150.0,1.0,3,0.092
21,5,84.0,408.0,27.0,122.0,1.0,0,1.0
22,1,55.0,297.0,47.0,123.0,1.0,0,0.969
22,2,881.0,308.0,221.0,139.0,1.0,3,0.261
22,3,2.0,418.0,45.0,117.0,1.0,0,1.0
22,4,934.0,333.0,238.0,150.0,1.0,3,0.109
22,5,87.0,408.0,27.0,122.0,1.0,0,1.0
23,1,58.0,297.0,47.0,123.0,1.0,0,0.971
23,2,878.0,309.0,221.0,139.0,1.0,3,0.262
23,3,4.0,418.0,45.0,118.0,1.0,0,1.0
23,4,931.0,333.0,238.0,150.0,1.0,3,0.122
23,5,91.0,408.0,27.0,122.0,1.0,0,1.0
24,1,61.0,296.0,47.0,123.0,1.0,0,0.975
24,2,876.0,309.0,221.0,139.0,1.0,3,0.257
24,3,7.0,418.0,45.0,118.0,1.0,0,1.0
24,4,927.0,333.0,238.0,150.0,1.0,3,0.139
24,5,95.0,408.0,27.0,122.0,1.0,0,1.0
25,1,63.0,296.0,47.0,123.0,1.0,0,0.977
25,2,873.0,309.0,221.0,139.0,1.0,3,0.259
25,3,9.0,418.0,45.0,118.0,1.0,0,1.0
25,4,924.0,333.0,238.0,150.0,1.0,3,0.151
25,5,98.0,408.0,27.0,122.0,1.0,0,1.0
26,1,66.0,296.0,47.0,123.0,1.0,0,0.979
26,2,870.0,309.0,221.0,139.0,1.0,3,0.261
26,3,11.0,418.0,45.0,118.0,1.0,0,1.0
26,4,921.0,333.0,238.0,150.0,1.0,3,0.164
26,5,102.0,408.0,27.0,122.0,1.0,0,1.0
27,1,69.0,296.0,47.0,123.0,1.0,0,0.977
27,2,867.0,309.0,221.0,139.0,1.0,3,0.258
27,3,14.0,418.0,45.0,118.0,1.0,0,1.0
27,4,917.0,332.0,238.0,150.0,1.0,3,0.181
27,5,105.0,407.0,27.0,122.0,1.0,0,1.0
28,1,71.0,296.0,47.0,123.0,1.0,0,0.981
28,2,865.0,309.0,221.0,139.0,1.0,3,0.256
28,3,16.0,418.0,45.0,118.0,1.0,0,1.0
28,4,914.0,332.0,238.0,150.0,1.0,3,0.193
28,5,109.0,407.0,27.0,122.0,1.0,0,1.0
29,1,74.0,296.0,47.0,123.0,1.0,0,0.981
29,2,862.0,309.0,221.0,139.0,1.0,3,0.255
29,3,18.0,418.0,45.0,118.0,1.0,0,1.0
29,4,910.0,332.0,238.0,150.0,1.0,3,0.21
29,5,112.0,407.0,27.0,122.0,1.0,0,1.0
30,1,77.0,296.0,47.0,123.0,1.0,0,0.983
30,2,859.0,309.0,221.0,139.0,1.0,3,0.257
30,3,21.0,418.0,45.0,118.0,1.0,0,1.0
30,4,907.0,332.0,238.0,150.0,1.0,3,0.223
30,5,116.0,407.0,27.0,122.0,1.0,0,1.0
31,1,79.0,296.0,47.0,123.0,1.0,0,0.985
31,2,856.0,309.0,221.0,139.0,1.0,3,0.259
31,3,23.0,418.0,45.0,118.0,1.0,0,1.0
31,4,904.0,332.0,238.0,150.0,1.0,3,0.235
31,5,119.0,407.0,27.0,122.0,1.0,0,1.0
32,1,82.0,296.0,47.0,123.0,1.0,0,0.988
32,2,854.0,309.0,221.0,139.0,1.0,3,0.253
32,3,25.0,418.0,45.0,118.0,1.0,0,1.0
32,4,900.0,332.0,236.0,149.0,1.0,3,0.254
32,5,123.0,407.0,27.0,122.0,1.0,0,1.0
33,1,85.0,296.0,47.0,123.0,1.0,0,0.987
33,2,851.0,310.0,221.0,139.0,1.0,3,0.253
33,3,28.0,418.0,45.0,118.0,1.0,0,1.0
33,4,897.0,332.0,236.0,149.0,1.0,3,0.267
33,5,126.0,406.0,27.0,122.0,1.0,0,1.0
34,1,88.0,296.0,47.0,124.0,1.0,0,0.988
34,2,848.0,310.0,221.0,139.0,1.0,3,0.252
34,3,30.0,418.0,45.0,118.0,1.0,0,1.0
34,4,893.0,332.0,236.0,149.0,1.0,3,0.284
34,5,130.0,406.0,27.0,122.0,1.0,0,1.0
35,1,90.0,296.0,47.0,124.0,1.0,0,0.99
35,2,845.0,310.0,221.0,139.0,1.0,3,0.251
35,3,32.0,418.0,45.0,118.0,1.0,0,1.0
35,4,890.0,331.0,236.0,149.0,1.0,3,0.297
35,5,133.0,406.0,27.0,122.0,1.0,0,1.0
36,1,93.0,296.0,47.0,124.0,1.0,0,0.993
36,2,843.0,310.0,221.0,139.0,1.0,3,0.249
36,3,35.0,418.0,45.0,118.0,1.0,0,1.0
36,4,887.0,331.0,236.0,149.0,1.0,3,0.309
36,5,137.0,406.0,27.0,122.0,1.0,0,1.0
37,1,96.0,296.0,47.0,124.0,1.0,0,0.993
37,2,840.0,310.0,221.0,139.0,1.0,3,0.247
37,3,37.0,418.0,45.0,119.0,1.0,0,1.0
37,4,883.0,331.0,236.0,149.0,1.0,3,0.326
37,5,140.0,406.0,27.0,122.0,1.0,0,1.0
38,1,98.0,296.0,47.0,124.0,1.0,0,0.998
38,2,837.0,310.0,221.0,139.0,1.0,3,0.249
38,3,39.0,418.0,45.0,119.0,1.0,0,1.0
38,4,880.0,331.0,236.0,149.0,1.0,3,0.339
38,5,144.0,406.0,27.0,122.0,1.0,0,1.0
39,1,101.0,296.0,47.0,124.0,1.0,0,0.997
39,2,834.0,310.0,221.0,139.0,1.0,3,0.247
39,3,42.0,418.0,45.0,119.0,1.0,0,1.0
39,4,876.0,331.0,236.0,149.0,1.0,3,0.356
39,5,147.0,405.0,27.0,122.0,1.0,0,1.0
40,1,104.0,296.0,47.0,124.0,1.0,0,1.0
40,2,832.0,310.0,221.0,139.0,1.0,3,0.245
40,3,44.0,418.0,45.0,119.0,1.0,0,1.0
40,4,873.0,331.0,236.0,149.0,1.0,3,0.369
40,5,151.0,405.0,27.0,122.0,1.0,0,1.0
41,1,106.0,296.0,47.0,124.0,1.0,0,1.0
41,2,829.0,310.0,221.0,139.0,1.0,3,0.247
41,3,46.0,418.0,45.0,119.0,1.0,0,1.0
41,4,870.0,331.0,236.0,149.0,1.0,3,0.381
41,5,154.0,405.0,27.0,122.0,1.0,0,1.0
42,1,109.0,296.0,47.0,124.0,1.0,0,1.0
42,2,826.0,310.0,221.0,139.0,1.0,3,0.245
42,3,49.0,418.0,45.0,119.0,1.0,0,1.0
42,4,866.0,331.0,236.0,149.0,1.0,3,0.398
42,5,158.0,405.0,27.0,122.0,1.0,0,1.0
43,1,112.0,296.0,47.0,124.0,1.0,0,1.0
43,2,824.0,310.0,221.0,139.0,1.0,3,0.24
43,3,51.0,418.0,45.0,119.0,1.0,0,1.0
43,4,863.0,330.0,236.0,149.0,1.0,3,0.411
43,5,161.0,405.0,27.0,122.0,1.0,0,1.0
44,1,114.0,295.0,47.0,124.0,1.0,0,1.0
44,2,821.0,311.0,221.0,139.0,1.0,3,0.234
44,3,53.0,418.0,45.0,119.0,1.0,0,1.0
44,4,859.0,330.0,236.0,149.0,1.0,3,0.428
44,5,165.0,404.0,27.0,122.0,1.0,0,1.0
45,1,117.0,295.0,47.0,124.0,1.0,0,1.0
45,2,818.0,311.0,221.0,139.0,1.0,3,0.236
45,3,56.0,418.0,45.0,119.0,1.0,0,1.0
45,4,856.0,330.0,236.0,149.0,1.0,3,0.441
45,5,168.0,404.0,27.0,122.0,1.0,0,1.0
46,1,120.0,295.0,47.0,124.0,1.0,0,1.0
46,2,815.0,311.0,221.0,139.0,1.0,3,0.238
46,3,58.0,418.0,45.0,119.0,1.0,0,1.0
46,4,853.0,330.0,236.0,149.0,1.0,3,0.453
46,5,172.0,404.0,27.0,122.0,1.0,0,1.0
47,1,122.0,295.0,47.0,124.0,1.0,0,1.0
47,2,813.0,311.0,221.0,139.0,1.0,3,0.232
47,3,60.0,419.0,45.0,119.0,1.0,0,1.0
47,4,849.0,330.0,236.0,149.0,1.0,3,0.47
47,5,175.0,404.0,27.0,122.0,1.0,0,1.0
48,1,125.0,295.0,47.0,124.0,1.0,0,1.0
48,2,810.0,311.0,221.0,139.0,1.0,3,0.233
48,3,62.0,419.0,45.0,119.0,1.0,0,1.0
48,4,846.0,330.0,236.0,149.0,1.0,3,0.483
48,5,179.0,404.0,27.0,122.0,1.0,0,1.0
49,1,128.0,295.0,48.0,125.0,1.0,0,1.0
49,2,807.0,311.0,221.0,139.0,1.0,3,0.231
49,3,65.0,419.0,45.0,119.0,1.0,0,1.0
49,4,842.0,330.0,236.0,149.0,1.0,3,0.5
49,5,182.0,404.0,27.0,122.0,1.0,0,1.0
50,1,130.0,295.0,48.0,125.0,1.0,0,1.0
50,2,804.0,311.0,221.0,139.0,1.0,3,0.233
50,3,67.0,419.0,45.0,119.0,1.0,0,1.0
50,4,839.0,330.0,236.0,149.0,1.0,3,0.513
50,5,186.0,403.0,27.0,122.0,1.0,0,1.0
51,1,133.0,295.0,48.0,125.0,1.0,0,1.0
51,2,802.0,311.0,221.0,139.0,1.0,3,0.231
51,3,69.0,419.0,46.0,120.0,1.0,0,1.0
51,4,836.0,330.0,236.0,149.0,1.0,3,0.525
51,5,189.0,403.0,27.0,122.0,1.0,0,1.0
52,1,136.0,295.0,48.0,125.0,1.0,0,1.0
52,2,799.0,311.0,221.0,139.0,1.0,3,0.224
52,3,72.0,419.0,46.0,120.0,1.0,0,1.0
52,4,832.0,329.0,236.0,149.0,1.0,3,0.542
52,5,193.0,403.0,27.0,122.0,1.0,0,1.0
53,1,138.0,295.0,48.0,125.0,1.0,0,1.0
53,2,796.0,311.0,221.0,139.0,1.0,3,0.226
53,3,74.0,419.0,46.0,120.0,1.0,0,1.0
53,4,829.0,329.0,236.0,149.0,1.0,3,0.555
53,5,196.0,403.0,27.0,122.0,1.0,0,1.0
54,1,141.0,295.0,48.0,125.0,1.0,0,1.0
54,2,793.0,312.0,221.0,139.0,1.0,3,0.22
54,3,76.0,419.0,46.0,120.0,1.0,0,1.0
54,4,825.0,329.0,236.0,149.0,1.0,3,0.572
54,5,200.0,403.0,27.0,122.0,1.0,0,1.0
55,1,144.0,295.0,48.0,125.0,1.0,0,1.0
55,2,791.0,312.0,221.0,139.0,1.0,3,0.217
55,3,79.0,419.0,46.0,120.0,1.0,0,1.0
55,4,822.0,329.0,236.0,149.0,1.0,3,0.585
55,5,203.0,403.0,27.0,122.0,1.0,0,1.0
56,1,147.0,295.0,48.0,125.0,1.0,0,1.0
56,2,788.0,312.0,221.0,139.0,1.0,3,0.218
56,3,81.0,419.0,46.0,120.0,1.0,0,1.0
56,4,819.0,329.0,236.0,149.0,1.0,3,0.597
56,5,207.0,402.0,27.0,122.0,1.0,0,1.0
57,1,149.0,295.0,48.0,125.0,1.0,0,1.0
57,2,785.0,312.0,221.0,139.0,1.0,3,0.216
57,3,83.0,419.0,46.0,120.0,1.0,0,1.0
57,4,815.0,329.0,236.0,149.0,1.0,3,0.614
57,5,210.0,402.0,27.0,122.0,1.0,0,1.0
58,1,152.0,295.0,48.0,125.0,1.0,0,1.0
58,2,782.0,312.0,221.0,139.0,1.0,3,0.218
58,3,86.0,419.0,46.0,120.0,1.0,0,1.0
58,4,812.0,329.0,236.0,149.0,1.0,3,0.627
58,5,214.0,402.0,27.0,122.0,1.0,0,1.0
59,1,155.0,295.0,48.0,125.0,1.0,0,1.0
59,2,780.0,312.0,221.0,139.0,1.0,3,0.211
59,3,88.0,419.0,46.0,120.0,1.0,0,1.0
59,4,808.0,329.0,236.0,149.0,1.0,3,0.644
59,5,217.0,402.0,27.0,122.0,1.0,0,1.0
60,1,157.0,295.0,48.0,125.0,1.0,0,1.0
60,2,777.0,312.0,221.0,139.0,1.0,3,0.207
60,3,90.0,419.0,46.0,120.0,1.0,0,1.0
60,4,805.0,328.0,236.0,149.0,1.0,3,0.657
60,5,221.0,402.0,27.0,122.0,1.0,0,1.0
61,1,160.0,295.0,48.0,125.0,1.0,0,1.0
61,2,774.0,312.0,221.0,139.0,1.0,3,0.209
61,3,93.0,419.0,46.0,120.0,1.0,0,1.0
61,4,802.0,328.0,236.0,149.0,1.0,3,0.669
61,5,224.0,402.0,27.0,122.0,1.0,0,1.0
62,1,163.0,295.0,48.0,125.0,1.0,0,1.0
62,2,771.0,312.0,221.0,139.0,1.0,3,0.207
62,3,95.0,419.0,46.0,120.0,1.0,0,1.0
62,4,798.0,328.0,236.0,149.0,1.0,3,0.686
62,5,228.0,401.0,27.0,122.0,1.0,0,1.0
63,1,165.0,295.0,48.0,125.0,1.0,0,1.0
63,2,769.0,312.0,221.0,139.0,1.0,3,0.204
63,3,97.0,419.0,46.0,120.0,1.0,0,1.0
63,4,795.0,328.0,236.0,149.0,1.0,3,0.699
63,5,231.0,401.0,27.0,122.0,1.0,0,1.0
64,1,168.0,294.0,48.0,126.0,1.0,0,1.0
64,2,766.0,312.0,221.0,139.0,1.0,3,0.201
64,3,100.0,419.0,46.0,120.0,1.0,0,1.0
64,4,791.0,328.0,236.0,149.0,1.0,3,0.716
64,5,235.0,401.0,27.0,122.0,1.0,0,1.0
65,1,171.0,294.0,48.0,126.0,1.0,0,1.0
65,2,763.0,313.0,221.0,139.0,1.0,3,0.197
65,3,102.0,419.0,46.0,120.0,1.0,0,1.0
65,4,788.0,328.0,236.0,149.0,1.0,3,0.729
65,5,238.0,401.0,27.0,122.0,1.0,0,1.0
66,1,173.0,294.0,48.0,126.0,1.0,0,1.0
66,2,760.0,313.0,221.0,139.0,1.0,3,0.199
66,3,104.0,419.0,46.0,121.0,1.0,0,1.0
66,4,785.0,328.0,236.0,149.0,1.0,3,0.742
66,5,242.0,401.0,27.0,122.0,1.0,0,1.0
67,1,176.0,294.0,48.0,126.0,1.0,0,1.0
67,2,758.0,313.0,221.0,139.0,1.0,3,0.191
67,3,107.0,419.0,46.0,121.0,1.0,0,1.0
67,4,781.0,328.0,236.0,149.0,1.0,3,0.758
67,5,245.0,400.0,27.0,122.0,1.0,0,1.0
68,1,179.0,294.0,48.0,126.0,1.0,0,1.0
68,2,755.0,313.0,221.0,139.0,1.0,3,0.193
68,3,109.0,419.0,46.0,121.0,1.0,0,1.0
68,4,778.0,328.0,236.0,149.0,1.0,3,0.771
68,5,249.0,400.0,27.0,122.0,1.0,0,1.0
69,1,181.0,294.0,48.0,126.0,1.0,0,1.0
69,2,752.0,313.0,221.0,139.0,1.0,3,0.184
69,3,111.0,419.0,46.0,121.0,1.0,0,1.0
69,4,774.0,327.0,236.0,149.0,1.0,3,0.788
69,5,252.0,400.0,27.0,122.0,1.0,0,1.0
70,1,184.0,294.0,48.0,126.0,1.0,0,1.0
70,2,749.0,313.0,221.0,139.0,1.0,3,0.186
70,3,113.0,419.0,46.0,121.0,1.0,0,1.0
70,4,771.0,327.0,236.0,149.0,1.0,3,0.801
70,5,256.0,400.0,27.0,122.0,1.0,0,1.0
71,1,187.0,294.0,48.0,126.0,1.0,0,1.0
71,2,747.0,313.0,221.0,139.0,1.0,3,0.183
71,3,116.0,419.0,46.0,121.0,1.0,0,1.0
71,4,768.0,327.0,235.0,148.0,1.0,3,0.817
71,5,259.0,400.0,27.0,122.0,1.0,0,1.0
72,1,189.0,294.0,48.0,126.0,1.0,0,1.0
72,2,744.0,313.0,221.0,139.0,1.0,3,0.18
72,3,118.0,419.0,46.0,121.0,1.0,0,1.0
72,4,764.0,327.0,235.0,148.0,1.0,3,0.834
72,5,263.0,400.0,27.0,122.0,1.0,0,1.0
73,1,192.0,294.0,48.0,126.0,1.0,0,1.0
73,2,741.0,313.0,221.0,139.0,1.0,3,0.181
73,3,120.0,419.0,46.0,121.0,1.0,0,1.0
73,4,761.0,327.0,235.0,148.0,1.0,3,0.847
73,5,266.0,399.0,27.0,122.0,1.0,0,1.0
74,1,195.0,294.0,48.0,126.0,1.0,0,1.0
74,2,738.0,313.0,221.0,139.0,1.0,3,0.178
74,3,123.0,419.0,46.0,121.0,1.0,0,1.0
74,4,757.0,327.0,235.0,148.0,1.0,3,0.864
74,5,270.0,399.0,27.0,122.0,1.0,0,1.0
75,1,198.0,294.0,48.0,126.0,1.0,0,1.0
75,2,736.0,314.0,221.0,139.0,1.0,3,0.167
75,3,125.0,420.0,46.0,121.0,1.0,0,0.992
75,4,754.0,327.0,235.0,148.0,1.0,3,0.877
75,5,273.0,399.0,27.0,122.0,1.0,0,1.0
76,1,200.0,294.0,48.0,126.0,1.0,0,1.0
76,2,733.0,314.0,221.0,139.0,1.0,3,0.167
76,3,127.0,420.0,46.0,121.0,1.0,0,0.992
76,4,751.0,327.0,235.0,148.0,1.0,3,0.889
76,5,277.0,399.0,27.0,122.0,1.0,0,1.0
77,1,203.0,294.0,48.0,126.0,1.0,0,1.0
77,2,730.0,314.0,221.0,139.0,1.0,3,0.157
77,3,130.0,420.0,46.0,121.0,1.0,0,0.992
77,4,747.0,326.0,235.0,148.0,1.0,3,0.906
77,5,280.0,399.0,27.0,122.0,1.0,0,1.0
78,1,206.0,294.0,48.0,126.0,1.0,0,1.0
78,2,727.0,314.0,221.0,139.0,1.0,3,0.157
78,3,132.0,420.0,46.0,121.0,1.0,0,0.992
78,4,744.0,326.0,235.0,148.0,1.0,3,0.919
78,5,284.0,399.0,27.0,122.0,1.0,0,1.0
79,1,208.0,294.0,48.0,127.0,1.0,0,1.0
79,2,725.0,314.0,221.0,139.0,1.0,3,0.148
79,3,134.0,420.0,46.0,121.0,1.0,0,0.992
79,4,740.0,326.0,235.0,148.0,1.0,3,0.936
79,5,287.0,398.0,27.0,122.0,1.0,0,1.0
80,1,211.0,294.0,48.0,127.0,1.0,0,1.0
80,2,722.0,314.0,221.0,139.0,1.0,3,0.148
80,3,137.0,420.0,46.0,122.0,1.0,0,0.984
80,4,737.0,326.0,235.0,148.0,1.0,3,0.949
80,5,291.0,398.0,27.0,122.0,1.0,0,1.0
81,1,214.0,294.0,48.0,127.0,1.0,0,1.0
81,2,719.0,314.0,221.0,139.0,1.0,3,0.148
81,3,139.0,420.0,46.0,122.0,1.0,0,0.984
81,4,734.0,326.0,235.0,148.0,1.0,3,0.962
81,5,294.0,398.0,27.0,122.0,1.0,0,1.0
82,1,216.0,294.0,48.0,127.0,1.0,0,1.0
82,2,716.0,314.0,221.0,139.0,1.0,3,0.144
82,3,141.0,420.0,46.0,122.0,1.0,0,0.984
82,4,730.0,326.0,235.0,148.0,1.0,3,0.979
82,5,298.0,398.0,27.0,122.0,1.0,0,1.0
83,1,219.0,294.0,48.0,127.0,1.0,0,1.0
83,2,714.0,314.0,221.0,139.0,1.0,3,0.14
83,3,144.0,420.0,46.0,122.0,1.0,0,0.984
83,4,727.0,326.0,235.0,148.0,1.0,3,0.991
83,5,301.0,398.0,27.0,122.0,1.0,0,1.0
84,1,222.0,294.0,48.0,127.0,1.0,0,1.0
84,2,711.0,314.0,221.0,139.0,1.0,3,0.136
84,3,146.0,420.0,46.0,122.0,1.0,0,0.984
84,4,723.0,326.0,235.0,148.0,1.0,3,1.0
84,5,305.0,398.0,27.0,122.0,1.0,0,1.0
85,1,224.0,293.0,48.0,127.0,1.0,0,1.0
85,2,708.0,314.0,221.0,139.0,1.0,3,0.129
85,3,148.0,420.0,46.0,122.0,1.0,0,0.984
85,4,720.0,325.0,235.0,148.0,1.0,3,1.0
85,5,308.0,397.0,27.0,122.0,1.0,0,1.0
86,1,227.0,293.0,48.0,127.0,1.0,0,1.0
86,2,706.0,315.0,221.0,139.0,1.0,3,0.118
86,3,151.0,420.0,46.0,122.0,1.0,0,0.984
86,4,717.0,325.0,235.0,148.0,1.0,3,1.0
86,5,312.0,397.0,27.0,122.0,1.0,0,1.0
87,1,230.0,293.0,48.0,127.0,1.0,0,1.0
87,2,703.0,315.0,221.0,139.0,1.0,3,0.114
87,3,153.0,420.0,46.0,122.0,1.0,0,0.984
87,4,713.0,325.0,235.0,148.0,1.0,3,1.0
87,5,315.0,397.0,27.0,123.0,1.0,0,1.0
88,1,232.0,293.0,48.0,127.0,1.0,0,1.0
88,2,700.0,315.0,221.0,139.0,1.0,3,0.114
88,3,155.0,420.0,46.0,122.0,1.0,0,0.984
88,4,710.0,325.0,235.0,148.0,1.0,3,1.0
88,5,319.0,397.0,27.0,123.0,1.0,0,1.0
89,1,235.0,293.0,48.0,127.0,1.0,0,1.0
89,2,697.0,315.0,221.0,139.0,1.0,3,0.114
89,3,158.0,420.0,46.0,122.0,1.0,0,0.984
89,4,707.0,325.0,235.0,148.0,1.0,3,1.0
89,5,322.0,397.0,27.0,123.0,1.0,0,1.0
90,1,238.0,293.0,48.0,127.0,1.0,0,1.0
90,2,695.0,315.0,221.0,139.0,1.0,3,0.106
90,3,160.0,420.0,46.0,122.0,1.0,0,0.984
90,4,703.0,325.0,235.0,148.0,1.0,3,1.0
90,5,326.0,396.0,27.0,123.0,1.0,0,1.0
91,1,240.0,293.0,48.0,127.0,1.0,0,1.0
91,2,692.0,315.0,221.0,139.0,1.0,3,0.106
91,3,162.0,420.0,46.0,122.0,1.0,0,0.984
91,4,700.0,325.0,235.0,148.0,1.0,3,1.0
91,5,329.0,396.0,27.0,123.0,1.0,0,1.0
92,1,243.0,293.0,48.0,127.0,1.0,0,1.0
92,2,689.0,315.0,221.0,139.0,1.0,3,0.101
92,3,165.0,420.0,46.0,122.0,1.0,0,0.984
92,4,696.0,325.0,235.0,148.0,1.0,3,1.0
92,5,333.0,396.0,27.0,123.0,1.0,0,1.0
93,1,246.0,293.0,48.0,127.0,1.0,0,1.0
93,2,686.0,315.0,221.0,139.0,1.0,3,0.101
93,3,167.0,420.0,46.0,122.0,1.0,0,0.984
93,4,693.0,325.0,235.0,148.0,1.0,3,1.0
93,5,336.0,396.0,27.0,123.0,1.0,0,1.0
94,1,248.0,293.0,48.0,127.0,1.0,0,1.0
94,2,684.0,315.0,221.0,139.0,1.0,3,0.09
94,3,169.0,420.0,46.0,122.0,1.0,0,0.984
94,4,690.0,324.0,235.0,148.0,1.0,3,1.0
94,5,340.0,396.0,27.0,123.0,1.0,0,1.0
95,1,251.0,293.0,49.0,128.0,1.0,0,1.0
95,2,681.0,315.0,221.0,139.0,1.0,3,0.086
95,3,171.0,420.0,47.0,123.0,1.0,0,0.976
95,4,686.0,324.0,235.0,148.0,1.0,3,1.0
95,5,343.0,396.0,27.0,123.0,1.0,0,1.0
96,1,254.0,293.0,49.0,128.0,1.0,0,1.0
96,2,678.0,316.0,221.0,139.0,1.0,3,0.079
96,3,174.0,420.0,47.0,123.0,1.0,0,0.976
96,4,683.0,324.0,235.0,148.0,1.0,3,1.0
96,5,347.0,395.0,27.0,123.0,1.0,0,1.0
97,1,257.0,293.0,49.0,128.0,1.0,0,1.0
97,2,675.0,316.0,221.0,139.0,1.0,3,0.075
97,3,176.0,420.0,47.0,123.0,1.0,0,0.976
97,4,679.0,324.0,235.0,148.0,1.0,3,1.0
97,5,351.0,395.0,27.0,123.0,1.0,0,1.0
98,1,259.0,293.0,49.0,128.0,1.0,0,1.0
98,2,673.0,316.0,221.0,139.0,1.0,3,0.07
98,3,178.0,420.0,47.0,123.0,1.0,0,0.976
98,4,676.0,324.0,235.0,148.0,1.0,3,1.0
98,5,354.0,395.0,27.0,123.0,1.0,0,1.0
99,1,262.0,293.0,49.0,128.0,1.0,0,1.0
99,2,670.0,316.0,221.0,139.0,1.0,3,0.07
99,3,181.0,420.0,47.0,123.0,1.0,0,0.976
99,4,673.0,324.0,235.0,148.0,1.0,3,1.0
99,5,358.0,395.0,27.0,123.0,1.0,0,1.0
100,1,265.0,293.0,49.0,128.0,1.0,0,1.0
100,2,667.0,316.0,221.0,139.0,1.0,3,0.066
100,3,183.0,420.0,47.0,123.0,1.0,0,0.976
100,4,669.0,324.0,235.0,148.0,1.0,3,1.0
100,5,361.0,395.0,27.0,123.0,1.0,0,1.0
101,1,267.0,293.0,49.0,128.0,1.0,0,1.0
101,2,664.0,316.0,221.0,139.0,1.0,3,0.066
101,3,185.0,420.0,47.0,123.0,1.0,0,0.976
101,4,666.0,324.0,235.0,148.0,1.0,3,1.0
101,5,365.0,395.0,27.0,123.0,1.0,0,1.0
102,1,270.0,293.0,49.0,128.0,1.0,0,1.0
102,2,662.0,316.0,221.0,139.0,1.0,3,0.05
102,3,188.0,421.0,47.0,123.0,1.0,0,0.967
102,4,662.0,323.0,235.0,148.0,1.0,3,1.0
102,5,368.0,394.0,27.0,123.0,1.0,0,1.0
103,1,273.0,293.0,49.0,128.0,1.0,0,1.0
103,2,659.0,316.0,221.0,139.0,1.0,3,0.05
103,3,190.0,421.0,47.0,123.0,1.0,0,0.967
103,4,659.0,323.0,235.0,148.0,1.0,3,1.0
103,5,372.0,394.0,27.0,123.0,1.0,0,1.0
104,1,275.0,293.0,49.0,128.0,1.0,0,1.0
104,2,656.0,316.0,221.0,139.0,1.0,3,0.05
104,3,192.0,421.0,47.0,123.0,1.0,0,0.967
104,4,656.0,323.0,235.0,148.0,1.0,3,1.0
104,5,375.0,394.0,27.0,123.0,1.0,0,1.0
105,1,278.0,292.0,49.0,128.0,1.0,0,1.0
105,2,653.0,316.0,221.0,139.0,1.0,3,0.05
105,3,195.0,421.0,47.0,123.0,1.0,0,0.967
105,4,652.0,323.0,235.0,148.0,1.0,3,1.0
105,5,379.0,394.0,27.0,123.0,1.0,0,1.0
106,1,281.0,292.0,49.0,128.0,1.0,0,1.0
106,2,651.0,316.0,221.0,139.0,1.0,3,0.05
106,3,197.0,421.0,47.0,123.0,1.0,0,0.967
106,4,649.0,323.0,235.0,148.0,1.0,3,1.0
106,5,382.0,394.0,27.0,123.0,1.0,0,1.0
107,1,283.0,292.0,49.0,128.0,1.0,0,1.0
107,2,648.0,317.0,221.0,139.0,1.0,3,0.043
107,3,199.0,421.0,47.0,123.0,1.0,0,0.967
107,4,645.0,323.0,235.0,148.0,1.0,3,1.0
107,5,386.0,394.0,27.0,123.0,1.0,0,1.0
108,1,286.0,292.0,49.0,128.0,1.0,0,1.0
108,2,645.0,317.0,221.0,139.0,1.0,3,0.043
108,3,202.0,421.0,47.0,123.0,1.0,0,0.967
108,4,642.0,323.0,235.0,148.0,1.0,3,1.0
108,5,389.0,393.0,27.0,123.0,1.0,0,1.0
109,1,289.0,292.0,49.0,128.0,1.0,0,1.0
109,2,642.0,317.0,221.0,139.0,1.0,3,0.043
109,3,204.0,421.0,47.0,124.0,1.0,0,0.96
109,4,639.0,323.0,235.0,148.0,1.0,3,1.0
109,5,393.0,393.0,27.0,123.0,1.0,0,1.0
110,1,291.0,292.0,49.0,129.0,1.0,0,1.0
110,2,640.0,317.0,221.0,139.0,1.0,3,0.036
110,3,206.0,421.0,47.0,124.0,1.0,0,0.96
110,4,635.0,322.0,233.0,147.0,1.0,3,1.0
110,5,396.0,393.0,27.0,123.0,1.0,0,1.0
111,1,294.0,292.0,49.0,129.0,1.0,0,1.0
111,2,637.0,317.0,221.0,139.0,1.0,3,0.036
111,3,209.0,421.0,47.0,124.0,1.0,0,0.96
111,4,632.0,322.0,233.0,147.0,1.0,3,1.0
111,5,400.0,393.0,27.0,123.0,1.0,0,1.0
112,1,297.0,292.0,49.0,129.0,1.0,0,1.0
112,2,634.0,317.0,221.0,139.0,1.0,3,0.036
112,3,211.0,421.0,47.0,124.0,1.0,0,0.96
112,4,628.0,322.0,233.0,147.0,1.0,3,1.0
112,5,403.0,393.0,27.0,123.0,1.0,0,1.0
113,1,299.0,292.0,49.0,129.0,1.0,0,1.0
113,2,631.0,317.0,221.0,139.0,1.0,3,0.036
113,3,213.0,421.0,47.0,124.0,1.0,0,0.96
113,4,625.0,322.0,233.0,147.0,1.0,3,1.0
113,5,407.0,393.0,27.0,123.0,1.0,0,1.0
114,1,302.0,292.0,49.0,129.0,1.0,0,1.0
114,2,629.0,317.0,221.0,139.0,1.0,3,0.036
114,3,216.0,421.0,47.0,124.0,1.0,0,0.96
114,4,622.0,322.0,233.0,147.0,1.0,3,1.0
114,5,410.0,392.0,27.0,123.0,1.0,0,0.963
115,1,305.0,292.0,49.0,129.0,1.0,0,1.0
115,2,626.0,317.0,221.0,139.0,1.0,3,0.036
115,3,218.0,421.0,47.0,124.0,1.0,0,0.96
115,4,618.0,322.0,233.0,147.0,1.0,3,1.0
115,5,414.0,392.0,27.0,123.0,1.0,0,0.815
116,1,307.0,292.0,49.0,129.0,1.0,0,1.0
116,2,623.0,317.0,221.0,139.0,1.0,3,0.036
116,3,220.0,421.0,47.0,124.0,1.0,0,0.96
116,4,615.0,322.0,233.0,147.0,1.0,3,1.0
116,5,417.0,392.0,27.0,123.0,1.0,0,0.704
117,1,310.0,292.0,49.0,129.0,1.0,0,1.0
117,2,620.0,318.0,221.0,139.0,1.0,3,0.029
117,3,223.0,421.0,47.0,124.0,1.0,0,0.96
117,4,611.0,322.0,233.0,147.0,1.0,3,1.0
117,5,421.0,392.0,27.0,123.0,1.0,0,0.556
118,1,313.0,292.0,49.0,129.0,1.0,0,1.0
118,2,618.0,318.0,221.0,139.0,1.0,3,0.029
118,3,225.0,421.0,47.0,124.0,1.0,0,0.96
118,4,608.0,322.0,233.0,147.0,1.0,3,1.0
118,5,424.0,392.0,27.0,123.0,1.0,0,0.444
119,1,316.0,292.0,49.0,129.0,1.0,0,1.0
119,2,615.0,318.0,221.0,139.0,1.0,3,0.022
119,3,227.0,421.0,47.0,124.0,1.0,0,0.96
119,4,605.0,321.0,233.0,147.0,1.0,3,1.0
119,5,428.0,391.0,27.0,123.0,1.0,0,0.296
120,1,318.0,292.0,49.0,129.0,1.0,0,1.0
120,2,612.0,318.0,221.0,139.0,1.0,3,0.022
120,3,229.0,421.0,47.0,124.0,1.0,0,0.96
120,4,601.0,321.0,233.0,147.0,1.0,3,1.0
120,5,431.0,391.0,27.0,123.0,1.0,0,0.185
121,1,321.0,292.0,49.0,129.0,1.0,0,1.0
121,2,609.0,318.0,221.0,139.0,1.0,3,0.022
121,3,232.0,421.0,47.0,124.0,1.0,0,0.96
121,4,598.0,321.0,233.0,147.0,1.0,3,1.0
121,5,435.0,391.0,27.0,123.0,1.0,0,0.037
122,1,324.0,292.0,49.0,129.0,1.0,0,1.0
122,2,607.0,318.0,221.0,139.0,1.0,3,0.026
122,3,234.0,421.0,47.0,124.0,1.0,0,0.96
122,4,594.0,321.0,233.0,147.0,1.0,3,1.0
122,5,438.0,391.0,27.0,123.0,1.0,0,0.0
123,1,326.0,292.0,49.0,129.0,1.0,0,1.0
123,2,604.0,318.0,221.0,139.0,1.0,3,0.026
123,3,236.0,421.0,47.0,124.0,1.0,0,0.96
123,4,591.0,321.0,233.0,147.0,1.0,3,1.0
123,5,442.0,391.0,27.0,123.0,1.0,0,0.0
124,1,329.0,292.0,49.0,129.0,1.0,0,1.0
124,2,601.0,318.0,221.0,139.0,1.0,3,0.026
124,3,239.0,421.0,48.0,125.0,1.0,0,0.952
124,4,588.0,321.0,233.0,147.0,1.0,3,1.0
124,5,445.0,391.0,27.0,123.0,1.0,0,0.0
125,1,332.0,291.0,50.0,130.0,1.0,0,1.0
125,2,598.0,318.0,221.0,139.0,1.0,3,0.03
125,3,241.0,421.0,48.0,125.0,1.0,0,0.952
125,4,584.0,321.0,233.0,147.0,1.0,3,1.0
125,5,449.0,390.0,27.0,123.0,1.0,0,0.0
126,1,334.0,291.0,50.0,130.0,1.0,0,1.0
126,2,596.0,318.0,221.0,139.0,1.0,3,0.035
126,3,243.0,421.0,48.0,125.0,1.0,0,0.952
126,4,581.0,321.0,233.0,147.0,1.0,3,1.0
126,5,452.0,390.0,27.0,123.0,1.0,0,0.0
127,1,337.0,291.0,50.0,130.0,1.0,0,1.0
127,2,593.0,318.0,221.0,139.0,1.0,3,0.032
127,3,246.0,421.0,48.0,125.0,1.0,0,0.952
127,4,577.0,320.0,233.0,147.0,1.0,3,1.0
127,5,456.0,390.0,27.0,123.0,1.0,0,0.0
128,1,340.0,291.0,50.0,130.0,1.0,0,1.0
128,2,590.0,319.0,221.0,139.0,1.0,3,0.025
128,3,248.0,421.0,48.0,125.0,1.0,0,0.952
128,4,574.0,320.0,233.0,147.0,1.0,3,1.0
128,5,459.0,390.0,27.0,123.0,1.0,0,0.0
129,1,342.0,291.0,50.0,130.0,1.0,0,1.0
129,2,588.0,319.0,221.0,139.0,1.0,3,0.03
129,3,250.0,421.0,48.0,125.0,1.0,0,0.952
129,4,571.0,320.0,233.0,147.0,1.0,3,1.0
129,5,463.0,390.0,27.0,123.0,1.0,0,0.0
130,1,345.0,291.0,50.0,130.0,1.0,0,1.0
130,2,585.0,319.0,221.0,139.0,1.0,3,0.034
130,3,253.0,422.0,48.0,125.0,1.0,0,0.944
130,4,567.0,320.0,233.0,147.0,1.0,3,1.0
130,5,466.0,390.0,27.0,123.0,1.0,0,0.0
131,1,348.0,291.0,50.0,130.0,1.0,0,1.0
131,2,582.0,319.0,221.0,139.0,1.0,3,0.034
131,3,255.0,422.0,48.0,125.0,1.0,0,0.944
131,4,564.0,320.0,233.0,147.0,1.0,3,1.0
131,5,470.0,389.0,27.0,123.0,1.0,0,0.0
132,1,350.0,291.0,50.0,130.0,1.0,0,1.0
132,2,579.0,319.0,221.0,139.0,1.0,3,0.039
132,3,257.0,422.0,48.0,125.0,1.0,0,0.944
132,4,560.0,320.0,233.0,147.0,1.0,3,1.0
132,5,473.0,389.0,27.0,123.0,1.0,0,0.0
133,1,353.0,291.0,50.0,130.0,1.0,0,1.0
133,2,577.0,319.0,221.0,139.0,1.0,3,0.043
133,3,260.0,422.0,48.0,125.0,1.0,0,0.944
133,4,557.0,320.0,233.0,147.0,1.0,3,1.0
133,5,477.0,389.0,27.0,123.0,1.0,0,0.0
134,1,356.0,291.0,50.0,130.0,1.0,0,1.0
134,2,574.0,319.0,221.0,139.0,1.0,3,0.043
134,3,262.0,422.0,48.0,125.0,1.0,0,0.944
134,4,554.0,320.0,233.0,147.0,1.0,3,1.0
134,5,480.0,389.0,27.0,123.0,1.0,0,0.0
135,1,358.0,291.0,50.0,130.0,1.0,0,1.0
135,2,571.0,319.0,221.0,139.0,1.0,3,0.041
135,3,264.0,422.0,48.0,125.0,1.0,0,0.944
135,4,550.0,319.0,233.0,147.0,1.0,3,1.0
135,5,484.0,389.0,27.0,123.0,1.0,0,0.0
136,1,361.0,291.0,50.0,130.0,1.0,0,1.0
136,2,568.0,319.0,221.0,139.0,1.0,3,0.041
136,3,267.0,422.0,48.0,125.0,1.0,0,0.944
136,4,547.0,319.0,233.0,147.0,1.0,3,1.0
136,5,487.0,389.0,27.0,123.0,1.0,0,0.0
137,1,364.0,291.0,50.0,130.0,1.0,0,1.0
137,2,566.0,319.0,221.0,139.0,1.0,3,1.0
137,3,269.0,422.0,48.0,125.0,1.0,0,0.944
137,4,543.0,319.0,233.0,147.0,1.0,3,0.148
137,5,491.0,388.0,27.0,123.0,1.0,0,0.0
138,1,366.0,291.0,50.0,130.0,1.0,0,1.0
138,2,563.0,320.0,221.0,139.0,1.0,3,1.0
138,3,271.0,422.0,48.0,126.0,1.0,0,0.937
138,4,540.0,319.0,233.0,147.0,1.0,3,0.148
138,5,494.0,388.0,27.0,123.0,1.0,0,0.0
139,1,369.0,291.0,50.0,130.0,1.0,0,1.0
139,2,560.0,320.0,221.0,139.0,1.0,3,1.0
139,3,274.0,422.0,48.0,126.0,1.0,0,0.937
139,4,537.0,319.0,233.0,147.0,1.0,3,0.148
139,5,498.0,388.0,27.0,123.0,1.0,0,0.037
140,1,372.0,291.0,50.0,131.0,1.0,0,1.0
140,2,557.0,320.0,221.0,139.0,1.0,3,1.0
140,3,276.0,422.0,48.0,126.0,1.0,0,0.937
140,4,533.0,319.0,233.0,147.0,1.0,3,0.152
140,5,501.0,388.0,27.0,123.0,1.0,0,0.148
141,1,375.0,291.0,50.0,131.0,1.0,0,1.0
141,2,555.0,320.0,221.0,139.0,1.0,3,1.0
141,3,278.0,422.0,48.0,126.0,1.0,0,0.937
141,4,530.0,319.0,233.0,147.0,1.0,3,0.151
141,5,505.0,388.0,27.0,123.0,1.0,0,0.296
142,1,377.0,291.0,50.0,131.0,1.0,0,1.0
142,2,552.0,320.0,221.0,139.0,1.0,3,1.0
142,3,280.0,422.0,48.0,126.0,1.0,0,0.937
142,4,526.0,319.0,233.0,147.0,1.0,3,0.139
142,5,508.0,387.0,27.0,123.0,1.0,0,0.407
143,1,380.0,291.0,50.0,131.0,1.0,0,1.0
143,2,549.0,320.0,221.0,139.0,1.0,3,1.0
143,3,283.0,422.0,48.0,126.0,1.0,0,0.937
143,4,523.0,319.0,233.0,147.0,1.0,3,0.121
143,5,512.0,387.0,27.0,123.0,1.0,0,0.556
144,1,383.0,291.0,50.0,131.0,1.0,0,1.0
144,2,546.0,320.0,221.0,139.0,1.0,3,1.0
144,3,285.0,422.0,48.0,126.0,1.0,0,0.937
144,4,520.0,318.0,233.0,147.0,1.0,3,0.102
144,5,515.0,387.0,27.0,123.0,1.0,0,0.667
145,1,385.0,290.0,50.0,131.0,1.0,0,1.0
145,2,544.0,320.0,221.0,139.0,1.0,3,0.995
145,3,287.0,422.0,48.0,126.0,1.0,0,0.937
145,4,516.0,318.0,233.0,147.0,1.0,3,0.088
145,5,519.0,387.0,27.0,123.0,1.0,0,0.815
146,1,388.0,290.0,50.0,131.0,1.0,0,0.96
146,2,541.0,320.0,221.0,139.0,1.0,3,0.981
146,3,290.0,422.0,48.0,126.0,1.0,0,0.937
146,4,513.0,318.0,233.0,147.0,1.0,3,0.081
146,5,522.0,387.0,27.0,123.0,1.0,0,0.926
147,1,391.0,290.0,50.0,131.0,1.0,0,0.9
147,2,538.0,320.0,221.0,139.0,1.0,3,0.965
147,3,292.0,422.0,48.0,126.0,1.0,0,0.937
147,4,509.0,318.0,233.0,147.0,1.0,3,0.078
147,5,526.0,387.0,27.0,123.0,1.0,0,1.0
148,1,393.0,290.0,50.0,131.0,1.0,0,0.86
148,2,535.0,320.0,221.0,139.0,1.0,3,0.95
148,3,294.0,422.0,48.0,126.0,1.0,0,0.937
148,4,506.0,318.0,232.0,146.0,1.0,3,0.072
148,5,529.0,386.0,27.0,123.0,1.0,0,1.0
149,1,396.0,290.0,50.0,131.0,1.0,0,0.8
149,2,533.0,321.0,221.0,139.0,1.0,3,0.935
149,3,297.0,422.0,48.0,126.0,1.0,0,0.937
149,4,503.0,318.0,232.0,146.0,1.0,3,0.077
149,5,533.0,386.0,27.0,123.0,1.0,0,1.0
150,1,399.0,290.0,50.0,131.0,1.0,0,0.74
150,2,530.0,321.0,221.0,139.0,1.0,3,0.935
150,3,299.0,422.0,48.0,126.0,1.0,0,0.937
150,4,499.0,318.0,232.0,146.0,1.0,3,0.064
150,5,536.0,386.0,27.0,123.0,1.0,0,1.0
151,1,401.0,290.0,50.0,131.0,1.0,0,0.7
151,2,527.0,321.0,221.0,139.0,1.0,3,0.935
151,3,301.0,422.0,48.0,126.0,1.0,0,0.937
151,4,496.0,318.0,232.0,146.0,1.0,3,0.051
151,5,540.0,386.0,27.0,123.0,1.0,0,1.0
152,1,404.0,290.0,50.0,131.0,1.0,0,0.64
152,2,524.0,321.0,221.0,139.0,1.0,3,0.935
152,3,304.0,422.0,48.0,126.0,1.0,0,0.937
152,4,492.0,317.0,232.0,146.0,1.0,3,0.039
152,5,543.0,386.0,27.0,123.0,1.0,0,1.0
153,1,407.0,290.0,50.0,131.0,1.0,0,0.58
153,2,522.0,321.0,221.0,139.0,1.0,3,0.926
153,3,306.0,422.0,48.0,127.0,1.0,0,0.929
153,4,489.0,317.0,232.0,146.0,1.0,3,0.038
153,5,547.0,386.0,27.0,123.0,1.0,0,1.0
154,1,409.0,290.0,50.0,131.0,1.0,0,0.54
154,2,519.0,321.0,221.0,139.0,1.0,3,0.911
154,3,308.0,422.0,48.0,127.0,1.0,0,0.929
154,4,486.0,317.0,232.0,146.0,1.0,3,0.038
154,5,550.0,385.0,27.0,123.0,1.0,0,1.0
155,1,412.0,290.0,50.0,132.0,1.0,0,0.48
155,2,516.0,321.0,221.0,139.0,1.0,3,0.898
155,3,311.0,422.0,48.0,127.0,1.0,0,0.929
155,4,482.0,317.0,232.0,146.0,1.0,3,0.037
155,5,554.0,385.0,27.0,123.0,1.0,0,1.0
156,1,415.0,290.0,50.0,132.0,1.0,0,0.42
156,2,513.0,321.0,221.0,139.0,1.0,3,0.884
156,3,313.0,422.0,48.0,127.0,1.0,0,0.929
156,4,479.0,317.0,232.0,146.0,1.0,3,0.036
156,5,557.0,385.0,27.0,123.0,1.0,0,1.0
157,1,417.0,290.0,50.0,132.0,1.0,0,0.38
157,2,511.0,321.0,221.0,139.0,1.0,3,0.875
157,3,315.0,423.0,48.0,127.0,1.0,0,0.921
157,4,476.0,317.0,232.0,146.0,1.0,3,0.036
157,5,561.0,385.0,27.0,123.0,1.0,0,1.0
158,1,420.0,290.0,50.0,132.0,1.0,0,0.32
158,2,508.0,321.0,221.0,139.0,1.0,3,0.862
158,3,318.0,423.0,48.0,127.0,1.0,0,0.921
158,4,472.0,317.0,232.0,146.0,1.0,3,0.035
158,5,564.0,385.0,27.0,123.0,1.0,0,1.0
159,1,423.0,290.0,50.0,132.0,1.0,0,0.26
159,2,505.0,322.0,221.0,139.0,1.0,3,0.847
159,3,320.0,423.0,48.0,127.0,1.0,0,0.921
159,4,469.0,317.0,232.0,146.0,1.0,3,0.035
159,5,568.0,385.0,27.0,123.0,1.0,0,1.0
160,1,426.0,290.0,50.0,132.0,1.0,0,0.2
160,2,502.0,322.0,221.0,139.0,1.0,3,0.833
160,3,322.0,423.0,48.0,127.0,1.0,0,0.921
160,4,465.0,317.0,232.0,146.0,1.0,3,0.034
160,5,571.0,384.0,27.0,123.0,1.0,0,1.0
161,1,428.0,290.0,50.0,132.0,1.0,0,0.16
161,2,500.0,322.0,221.0,139.0,1.0,3,0.824
161,3,325.0,423.0,48.0,127.0,1.0,0,0.921
161,4,462.0,316.0,232.0,146.0,1.0,3,0.034
161,5,575.0,384.0,27.0,123.0,1.0,0,1.0
162,1,431.0,290.0,50.0,132.0,1.0,0,0.1
162,2,497.0,322.0,221.0,139.0,1.0,3,0.81
162,3,327.0,423.0,48.0,127.0,1.0,0,0.921
162,4,459.0,316.0,232.0,146.0,1.0,3,0.034
162,5,578.0,384.0,27.0,123.0,1.0,0,1.0
163,1,434.0,290.0,50.0,132.0,1.0,0,0.04
163,2,494.0,322.0,221.0,139.0,1.0,3,0.797
163,3,329.0,423.0,48.0,127.0,1.0,0,0.921
163,4,455.0,316.0,232.0,146.0,1.0,3,0.033
163,5,582.0,384.0,27.0,123.0,1.0,0,1.0
164,1,436.0,290.0,50.0,132.0,1.0,0,0.0
164,2,491.0,322.0,221.0,139.0,1.0,3,0.783
164,3,332.0,423.0,48.0,127.0,1.0,0,0.921
164,4,452.0,316.0,232.0,146.0,1.0,3,0.032
164,5,585.0,384.0,27.0,123.0,1.0,0,1.0
165,1,439.0,289.0,50.0,132.0,1.0,0,0.0
165,2,489.0,322.0,221.0,139.0,1.0,3,0.774
165,3,334.0,423.0,48.0,127.0,1.0,0,0.921
165,4,448.0,316.0,232.0,146.0,1.0,3,0.031
165,5,589.0,384.0,27.0,123.0,1.0,0,1.0
166,1,442.0,289.0,50.0,132.0,1.0,0,0.0
166,2,486.0,322.0,221.0,139.0,1.0,3,0.759
166,3,336.0,423.0,48.0,127.0,1.0,0,0.921
166,4,445.0,316.0,232.0,146.0,1.0,3,0.031
166,5,592.0,383.0,27.0,123.0,1.0,0,1.0
167,1,444.0,289.0,50.0,132.0,1.0,0,0.0
167,2,483.0,322.0,221.0,139.0,1.0,3,0.746
167,3,338.0,423.0,49.0,128.0,1.0,0,0.914
167,4,442.0,316.0,232.0,146.0,1.0,3,0.03
167,5,596.0,383.0,27.0,123.0,1.0,0,1.0
168,1,447.0,289.0,50.0,132.0,1.0,0,0.0
168,2,481.0,322.0,221.0,139.0,1.0,3,0.737
168,3,341.0,423.0,49.0,128.0,1.0,0,0.914
168,4,438.0,316.0,232.0,146.0,1.0,3,0.029
168,5,600.0,383.0,27.0,123.0,1.0,0,1.0
169,1,450.0,289.0,50.0,132.0,1.0,0,0.0
169,2,478.0,322.0,221.0,139.0,1.0,3,0.723
169,3,343.0,423.0,49.0,128.0,1.0,0,0.914
169,4,435.0,315.0,232.0,146.0,1.0,3,0.034
169,5,603.0,383.0,27.0,123.0,1.0,0,1.0
170,1,452.0,289.0,51.0,133.0,1.0,0,0.0
170,2,475.0,323.0,221.0,139.0,1.0,3,0.709
170,3,345.0,423.0,49.0,128.0,1.0,0,0.914
170,4,431.0,315.0,232.0,146.0,1.0,3,0.054
170,5,607.0,383.0,27.0,123.0,1.0,0,1.0
171,1,455.0,289.0,51.0,133.0,1.0,0,0.0
171,2,472.0,323.0,221.0,139.0,1.0,3,0.694
171,3,348.0,423.0,49.0,128.0,1.0,0,0.914
171,4,428.0,315.0,232.0,146.0,1.0,3,0.067
171,5,610.0,382.0,27.0,123.0,1.0,0,1.0
172,1,458.0,289.0,51.0,133.0,1.0,0,0.0
172,2,470.0,323.0,221.0,139.0,1.0,3,0.685
172,3,350.0,423.0,49.0,128.0,1.0,0,0.914
172,4,425.0,315.0,232.0,146.0,1.0,3,0.079
172,5,614.0,382.0,27.0,123.0,1.0,0,1.0
173,1,460.0,289.0,51.0,133.0,1.0,0,0.0
173,2,467.0,323.0,221.0,139.0,1.0,3,0.672
173,3,352.0,423.0,49.0,128.0,1.0,0,0.914
173,4,421.0,315.0,232.0,146.0,1.0,3,0.095
173,5,617.0,382.0,27.0,123.0,1.0,0,1.0
174,1,463.0,289.0,51.0,133.0,1.0,0,0.0
174,2,464.0,323.0,221.0,139.0,1.0,3,0.658
174,3,355.0,423.0,49.0,128.0,1.0,0,0.914
174,4,418.0,315.0,232.0,146.0,1.0,3,0.107
174,5,621.0,382.0,27.0,123.0,1.0,0,1.0
175,1,466.0,289.0,51.0,133.0,1.0,0,0.0
175,2,461.0,323.0,221.0,139.0,1.0,3,0.645
175,3,357.0,423.0,49.0,128.0,1.0,0,0.914
175,4,414.0,315.0,232.0,146.0,1.0,3,0.124
175,5,624.0,382.0,27.0,123.0,1.0,0,1.0
176,1,468.0,289.0,51.0,133.0,1.0,0,0.0
176,2,459.0,323.0,221.0,139.0,1.0,3,0.636
176,3,359.0,423.0,49.0,128.0,1.0,0,0.914
176,4,411.0,315.0,232.0,146.0,1.0,3,0.136
176,5,628.0,382.0,27.0,123.0,1.0,0,1.0
177,1,471.0,289.0,51.0,133.0,1.0,0,0.0
177,2,456.0,323.0,221.0,139.0,1.0,3,0.621
177,3,362.0,423.0,49.0,128.0,1.0,0,0.914
177,4,408.0,314.0,232.0,146.0,1.0,3,0.148
177,5,631.0,381.0,27.0,123.0,1.0,0,1.0
178,1,474.0,289.0,51.0,133.0,1.0,0,0.004
178,2,453.0,323.0,221.0,139.0,1.0,3,0.608
178,3,364.0,423.0,49.0,128.0,1.0,0,0.914
178,4,404.0,314.0,232.0,146.0,1.0,3,0.158
178,5,635.0,381.0,27.0,123.0,1.0,0,1.0
179,1,476.0,289.0,51.0,133.0,1.0,0,0.011
179,2,450.0,323.0,221.0,139.0,1.0,3,0.594
179,3,366.0,423.0,49.0,128.0,1.0,0,0.914
179,4,401.0,314.0,232.0,146.0,1.0,3,0.165
179,5,638.0,381.0,27.0,124.0,1.0,0,1.0
180,1,479.0,289.0,51.0,133.0,1.0,0,0.022
180,2,448.0,324.0,221.0,139.0,1.0,3,0.584
180,3,369.0,423.0,49.0,128.0,1.0,0,0.914
180,4,397.0,314.0,232.0,146.0,1.0,3,0.176
180,5,642.0,381.0,27.0,124.0,1.0,0,1.0
181,1,482.0,289.0,51.0,133.0,1.0,0,0.033
181,2,445.0,324.0,221.0,139.0,1.0,3,0.586
181,3,371.0,423.0,49.0,128.0,1.0,0,0.914
181,4,394.0,314.0,232.0,146.0,1.0,3,0.183
181,5,645.0,381.0,27.0,124.0,1.0,0,1.0
182,1,485.0,289.0,51.0,133.0,1.0,0,0.044
182,2,442.0,324.0,221.0,139.0,1.0,3,0.592
182,3,373.0,423.0,49.0,129.0,1.0,0,0.907
182,4,391.0,314.0,232.0,146.0,1.0,3,0.189
182,5,649.0,381.0,27.0,124.0,1.0,0,1.0
183,1,487.0,289.0,51.0,133.0,1.0,0,0.052
183,2,439.0,324.0,221.0,139.0,1.0,3,0.594
183,3,376.0,423.0,49.0,129.0,1.0,0,0.907
183,4,387.0,314.0,232.0,146.0,1.0,3,0.198
183,5,652.0,380.0,27.0,124.0,1.0,0,1.0
184,1,490.0,289.0,51.0,133.0,1.0,0,0.063
184,2,437.0,324.0,221.0,139.0,1.0,3,0.601
184,3,378.0,423.0,49.0,129.0,1.0,0,0.907
184,4,384.0,314.0,232.0,146.0,1.0,3,0.204
184,5,656.0,380.0,27.0,124.0,1.0,0,1.0
185,1,493.0,289.0,51.0,134.0,1.0,0,0.073
185,2,434.0,324.0,221.0,139.0,1.0,3,0.602
185,3,380.0,424.0,49.0,129.0,1.0,0,0.899
185,4,380.0,314.0,232.0,146.0,1.0,3,0.207
185,5,659.0,380.0,27.0,124.0,1.0,0,1.0
186,1,495.0,288.0,51.0,134.0,1.0,0,0.08
186,2,431.0,324.0,221.0,139.0,1.0,3,0.601
186,3,383.0,424.0,49.0,129.0,1.0,0,0.899
186,4,377.0,313.0,232.0,146.0,1.0,3,0.212
186,5,663.0,380.0,27.0,124.0,1.0,0,1.0
187,1,498.0,288.0,51.0,134.0,1.0,0,0.091
187,2,428.0,324.0,221.0,139.0,1.0,3,0.594
187,3,385.0,424.0,49.0,129.0,1.0,0,0.899
187,4,374.0,313.0,230.0,145.0,1.0,3,0.22
187,5,666.0,380.0,27.0,124.0,1.0,0,1.0
188,1,501.0,288.0,51.0,134.0,1.0,0,0.102
188,2,426.0,324.0,221.0,139.0,1.0,3,0.589
188,3,387.0,424.0,49.0,129.0,1.0,0,0.899
188,4,370.0,313.0,230.0,145.0,1.0,3,0.232
188,5,670.0,380.0,27.0,124.0,1.0,0,1.0
189,1,503.0,288.0,51.0,134.0,1.0,0,0.11
189,2,423.0,324.0,221.0,139.0,1.0,3,0.585
189,3,389.0,424.0,49.0,129.0,1.0,0,0.863
189,4,367.0,313.0,230.0,145.0,1.0,3,0.237
189,5,673.0,379.0,27.0,124.0,1.0,0,1.0
190,1,506.0,288.0,51.0,134.0,1.0,0,0.121
190,2,420.0,324.0,221.0,139.0,1.0,3,0.581
190,3,392.0,424.0,49.0,129.0,1.0,0,0.807
190,4,363.0,313.0,230.0,145.0,1.0,3,0.247
190,5,677.0,379.0,27.0,124.0,1.0,0,1.0
191,1,509.0,288.0,51.0,134.0,1.0,0,0.132
191,2,417.0,325.0,221.0,139.0,1.0,3,0.577
191,3,394.0,424.0,49.0,129.0,1.0,0,0.771
191,4,360.0,313.0,230.0,145.0,1.0,3,0.255
191,5,680.0,379.0,27.0,124.0,1.0,0,1.0
192,1,511.0,288.0,51.0,134.0,1.0,0,0.139
192,2,415.0,325.0,221.0,139.0,1.0,3,0.574
192,3,396.0,424.0,49.0,129.0,1.0,0,0.734
192,4,357.0,313.0,230.0,145.0,1.0,3,0.263
192,5,684.0,379.0,27.0,124.0,1.0,0,1.0
193,1,514.0,288.0,51.0,134.0,1.0,0,0.15
193,2,412.0,325.0,221.0,139.0,1.0,3,0.571
193,3,399.0,424.0,49.0,129.0,1.0,0,0.679
193,4,353.0,313.0,230.0,145.0,1.0,3,0.273
193,5,687.0,379.0,27.0,124.0,1.0,0,1.0
194,1,517.0,288.0,51.0,134.0,1.0,0,0.155
194,2,409.0,325.0,221.0,139.0,1.0,3,0.567
194,3,401.0,424.0,49.0,129.0,1.0,0,0.642
194,4,350.0,312.0,230.0,145.0,1.0,3,0.281
194,5,691.0,378.0,27.0,124.0,1.0,0,1.0
195,1,519.0,288.0,51.0,134.0,1.0,0,0.162
195,2,406.0,325.0,221.0,139.0,1.0,3,0.563
195,3,403.0,424.0,49.0,129.0,1.0,0,0.606
195,4,346.0,312.0,230.0,145.0,1.0,3,0.29
195,5,694.0,378.0,27.0,124.0,1.0,0,1.0
196,1,522.0,288.0,51.0,134.0,1.0,0,0.172
196,2,404.0,325.0,221.0,139.0,1.0,3,0.563
196,3,406.0,424.0,50.0,130.0,1.0,0,0.535
196,4,343.0,312.0,230.0,145.0,1.0,3,0.297
196,5,698.0,378.0,27.0,124.0,1.0,0,1.0
197,1,525.0,288.0,51.0,134.0,1.0,0,0.191
197,2,401.0,325.0,221.0,139.0,1.0,3,0.565
197,3,408.0,424.0,50.0,130.0,1.0,0,0.5
197,4,340.0,312.0,230.0,145.0,1.0,3,0.297
197,5,701.0,378.0,27.0,124.0,1.0,0,1.0
198,1,527.0,288.0,51.0,134.0,1.0,0,0.202
198,2,398.0,325.0,221.0,139.0,1.0,3,0.568
198,3,410.0,424.0,50.0,130.0,1.0,0,0.464
198,4,336.0,312.0,230.0,145.0,1.0,3,0.301
198,5,705.0,378.0,27.0,124.0,1.0,0,1.0
199,1,530.0,288.0,51.0,134.0,1.0,0,0.213
199,2,395.0,325.0,221.0,139.0,1.0,3,0.572
199,3,413.0,424.0,50.0,130.0,1.0,0,0.41
199,4,333.0,312.0,230.0,145.0,1.0,3,0.301
199,5,708.0,378.0,27.0,124.0,1.0,0,1.0
200,1,533.0,288.0,51.0,135.0,1.0,0,0.225
200,2,393.0,325.0,221.0,139.0,1.0,3,0.574
200,3,415.0,424.0,50.0,130.0,1.0,0,0.375
200,4,329.0,312.0,230.0,145.0,1.0,3,0.309
200,5,712.0,377.0,27.0,124.0,1.0,0,1.0
201,1,535.0,288.0,51.0,135.0,1.0,0,0.239
201,2,390.0,326.0,221.0,139.0,1.0,3,0.576
201,3,417.0,424.0,50.0,130.0,1.0,0,0.339
201,4,326.0,312.0,230.0,145.0,1.0,3,0.311
201,5,715.0,377.0,27.0,124.0,1.0,0,1.0
202,1,538.0,288.0,51.0,135.0,1.0,0,0.249
202,2,387.0,326.0,221.0,139.0,1.0,3,0.58
202,3,420.0,424.0,50.0,130.0,1.0,0,0.286
202,4,323.0,311.0,230.0,145.0,1.0,3,0.313
202,5,719.0,377.0,27.0,124.0,1.0,0,1.0
203,1,541.0,288.0,51.0,135.0,1.0,0,0.264
203,2,384.0,326.0,221.0,139.0,1.0,3,0.583
203,3,422.0,424.0,50.0,130.0,1.0,0,0.25
203,4,319.0,311.0,230.0,145.0,1.0,3,0.317
203,5,722.0,377.0,27.0,124.0,1.0,0,1.0
204,1,544.0,288.0,51.0,135.0,1.0,0,0.277
204,2,382.0,326.0,221.0,139.0,1.0,3,0.586
204,3,424.0,424.0,50.0,130.0,1.0,0,0.214
204,4,316.0,311.0,230.0,145.0,1.0,3,0.321
204,5,726.0,377.0,27.0,124.0,1.0,0,1.0
205,1,546.0,288.0,51.0,135.0,1.0,0,0.281
205,2,379.0,326.0,221.0,139.0,1.0,3,0.59
205,3,427.0,424.0,50.0,130.0,1.0,0,0.161
205,4,312.0,311.0,230.0,145.0,1.0,3,0.325
205,5,729.0,377.0,27.0,124.0,1.0,0,1.0
206,1,549.0,287.0,51.0,135.0,1.0,0,0.331
206,2,376.0,326.0,221.0,139.0,1.0,3,0.592
206,3,429.0,424.0,50.0,130.0,1.0,0,0.125
206,4,309.0,311.0,230.0,145.0,1.0,3,0.325
206,5,733.0,376.0,27.0,124.0,1.0,0,1.0
207,1,552.0,287.0,51.0,135.0,1.0,0,0.414
207,2,373.0,326.0,221.0,139.0,1.0,3,0.595
207,3,431.0,424.0,50.0,130.0,1.0,0,0.089
207,4,306.0,311.0,230.0,145.0,1.0,3,0.325
207,5,736.0,376.0,27.0,124.0,1.0,0,1.0
208,1,554.0,287.0,51.0,135.0,1.0,0,0.47
208,2,371.0,326.0,221.0,139.0,1.0,3,0.599
208,3,434.0,424.0,50.0,130.0,1.0,0,0.036
208,4,302.0,311.0,230.0,145.0,1.0,3,0.333
208,5,740.0,376.0,27.0,124.0,1.0,0,1.0
209,1,557.0,287.0,51.0,135.0,1.0,0,0.554
209,2,368.0,326.0,221.0,139.0,1.0,3,0.602
209,3,436.0,424.0,50.0,130.0,1.0,0,0.0
209,4,299.0,311.0,230.0,145.0,1.0,3,0.333
209,5,743.0,376.0,27.0,124.0,1.0,0,1.0
210,1,560.0,287.0,51.0,135.0,1.0,0,0.637
210,2,365.0,326.0,221.0,139.0,1.0,3,0.602
210,3,438.0,424.0,50.0,130.0,1.0,0,0.0
210,4,295.0,311.0,230.0,145.0,1.0,3,0.337
210,5,747.0,376.0,27.0,124.0,1.0,0,1.0
211,1,562.0,287.0,51.0,135.0,1.0,0,0.696
211,2,363.0,327.0,221.0,139.0,1.0,3,0.602
211,3,441.0,424.0,50.0,131.0,1.0,0,0.0
211,4,292.0,310.0,230.0,145.0,1.0,3,0.346
211,5,750.0,376.0,27.0,124.0,1.0,0,1.0
212,1,565.0,287.0,51.0,135.0,1.0,0,0.779
212,2,360.0,327.0,221.0,139.0,1.0,3,0.602
212,3,443.0,425.0,50.0,131.0,1.0,0,0.0
212,4,289.0,310.0,230.0,145.0,1.0,3,0.347
212,5,754.0,375.0,27.0,124.0,1.0,0,1.0
213,1,568.0,287.0,51.0,135.0,1.0,0,0.862
213,2,357.0,327.0,221.0,139.0,1.0,3,0.602
213,3,445.0,425.0,50.0,131.0,1.0,0,0.0
213,4,285.0,310.0,230.0,145.0,1.0,3,0.353
213,5,757.0,375.0,27.0,124.0,1.0,0,1.0
214,1,570.0,287.0,51.0,135.0,1.0,0,0.931
214,2,354.0,327.0,221.0,139.0,1.0,3,0.602
214,3,447.0,425.0,50.0,131.0,1.0,0,0.0
214,4,282.0,310.0,230.0,145.0,1.0,3,0.355
214,5,761.0,375.0,27.0,124.0,1.0,0,1.0
215,1,573.0,287.0,52.0,136.0,1.0,0,1.0
215,2,352.0,327.0,221.0,139.0,1.0,3,0.602
215,3,450.0,425.0,50.0,131.0,1.0,0,0.0
215,4,278.0,310.0,230.0,145.0,1.0,3,0.365
215,5,764.0,375.0,27.0,124.0,1.0,0,1.0
216,1,576.0,287.0,52.0,136.0,1.0,0,1.0
216,2,349.0,327.0,221.0,139.0,1.0,3,0.602
216,3,452.0,425.0,50.0,131.0,1.0,0,0.0
216,4,275.0,310.0,230.0,145.0,1.0,3,0.366
216,5,768.0,375.0,27.0,124.0,1.0,0,1.0
217,1,578.0,287.0,52.0,136.0,1.0,0,1.0
217,2,346.0,327.0,221.0,139.0,1.0,3,0.602
217,3,454.0,425.0,50.0,131.0,1.0,0,0.0
217,4,272.0,310.0,230.0,145.0,1.0,3,0.368
217,5,771.0,374.0,27.0,124.0,1.0,0,1.0
218,1,581.0,287.0,52.0,136.0,1.0,0,1.0
218,2,343.0,327.0,221.0,139.0,1.0,3,0.602
218,3,457.0,425.0,50.0,131.0,1.0,0,0.0
218,4,268.0,310.0,230.0,145.0,1.0,3,0.373
218,5,775.0,374.0,27.0,124.0,1.0,0,1.0
219,1,584.0,287.0,52.0,136.0,1.0,0,1.0
219,2,341.0,327.0,221.0,139.0,1.0,3,0.602
219,3,459.0,425.0,50.0,131.0,1.0,0,0.0
219,4,265.0,309.0,230.0,145.0,1.0,3,0.382
219,5,778.0,374.0,27.0,124.0,1.0,0,1.0
220,1,586.0,287.0,52.0,136.0,1.0,0,1.0
220,2,338.0,327.0,221.0,139.0,1.0,3,0.602
220,3,461.0,425.0,50.0,131.0,1.0,0,0.0
220,4,261.0,309.0,230.0,145.0,1.0,3,0.388
220,5,782.0,374.0,27.0,124.0,1.0,0,1.0
221,1,589.0,287.0,52.0,136.0,1.0,0,1.0
221,2,335.0,327.0,221.0,139.0,1.0,3,0.602
221,3,464.0,425.0,50.0,131.0,1.0,0,0.0
221,4,258.0,309.0,230.0,145.0,1.0,3,0.389
221,5,785.0,374.0,27.0,124.0,1.0,0,1.0
222,1,592.0,287.0,52.0,136.0,1.0,0,1.0
222,2,332.0,328.0,221.0,139.0,1.0,3,0.602
222,3,466.0,425.0,50.0,131.0,1.0,0,0.0
222,4,255.0,309.0,230.0,145.0,1.0,3,0.394
222,5,789.0,374.0,27.0,124.0,1.0,0,1.0
223,1,595.0,287.0,52.0,136.0,1.0,0,1.0
223,2,330.0,328.0,221.0,139.0,1.0,3,0.602
223,3,468.0,425.0,50.0,131.0,1.0,0,0.0
223,4,251.0,309.0,230.0,145.0,1.0,3,0.404
223,5,792.0,373.0,27.0,124.0,1.0,0,1.0
224,1,597.0,287.0,52.0,136.0,1.0,0,1.0
224,2,327.0,328.0,221.0,139.0,1.0,3,0.602
224,3,471.0,425.0,50.0,131.0,1.0,0,0.0
224,4,248.0,309.0,230.0,145.0,1.0,3,0.406
224,5,796.0,373.0,27.0,124.0,1.0,0,1.0
225,1,600.0,287.0,52.0,136.0,1.0,0,1.0
225,2,324.0,328.0,221.0,139.0,1.0,3,0.602
225,3,473.0,425.0,50.0,132.0,1.0,0,0.0
225,4,245.0,309.0,230.0,145.0,1.0,3,0.407
225,5,799.0,373.0,27.0,124.0,1.0,0,1.0
226,1,603.0,286.0,52.0,136.0,1.0,0,1.0
226,2,321.0,328.0,221.0,139.0,1.0,3,0.6
226,3,475.0,425.0,50.0,132.0,1.0,0,0.017
226,4,241.0,309.0,229.0,144.0,1.0,3,0.416
226,5,803.0,373.0,27.0,124.0,1.0,0,1.0
227,1,605.0,286.0,52.0,136.0,1.0,0,1.0
227,2,319.0,328.0,221.0,139.0,1.0,3,0.596
227,3,478.0,425.0,50.0,132.0,1.0,0,0.07
227,4,238.0,308.0,229.0,144.0,1.0,3,0.425
227,5,806.0,373.0,27.0,124.0,1.0,0,1.0
228,1,608.0,286.0,52.0,136.0,1.0,0,1.0
228,2,316.0,328.0,221.0,139.0,1.0,3,0.594
228,3,480.0,425.0,50.0,132.0,1.0,0,0.105
228,4,234.0,308.0,229.0,144.0,1.0,3,0.431
228,5,810.0,373.0,27.0,124.0,1.0,0,1.0
229,1,611.0,286.0,52.0,136.0,1.0,0,1.0
229,2,313.0,328.0,221.0,139.0,1.0,3,0.591
229,3,482.0,425.0,50.0,132.0,1.0,0,0.139
229,4,231.0,308.0,229.0,144.0,1.0,3,0.433
229,5,813.0,372.0,27.0,124.0,1.0,0,1.0
230,1,613.0,286.0,52.0,137.0,1.0,0,1.0
230,2,310.0,328.0,221.0,139.0,1.0,3,0.592
230,3,485.0,425.0,50.0,132.0,1.0,0,0.192
230,4,228.0,308.0,229.0,144.0,1.0,3,0.434
230,5,817.0,372.0,27.0,124.0,1.0,0,1.0
231,1,616.0,286.0,52.0,137.0,1.0,0,1.0
231,2,308.0,328.0,221.0,139.0,1.0,3,0.595
231,3,487.0,425.0,50.0,132.0,1.0,0,0.227
231,4,224.0,308.0,229.0,144.0,1.0,3,0.444
231,5,820.0,372.0,27.0,124.0,1.0,0,1.0
232,1,619.0,286.0,52.0,137.0,1.0,0,1.0
232,2,305.0,329.0,221.0,139.0,1.0,3,0.599
232,3,489.0,425.0,50.0,132.0,1.0,0,0.261
232,4,221.0,308.0,229.0,144.0,1.0,3,0.45
232,5,824.0,372.0,27.0,124.0,1.0,0,1.0
233,1,621.0,286.0,52.0,137.0,1.0,0,1.0
233,2,302.0,329.0,221.0,139.0,1.0,3,0.606
233,3,492.0,425.0,50.0,132.0,1.0,0,0.314
233,4,217.0,308.0,229.0,144.0,1.0,3,0.457
233,5,827.0,372.0,27.0,124.0,1.0,0,1.0
234,1,624.0,286.0,52.0,137.0,1.0,0,1.0
234,2,299.0,329.0,221.0,139.0,1.0,3,0.62
234,3,494.0,425.0,50.0,132.0,1.0,0,0.348
234,4,214.0,308.0,229.0,144.0,1.0,3,0.458
234,5,831.0,372.0,27.0,124.0,1.0,0,1.0
235,1,627.0,286.0,52.0,137.0,1.0,0,1.0
235,2,297.0,329.0,221.0,139.0,1.0,3,0.629
235,3,496.0,425.0,50.0,132.0,1.0,0,0.383
235,4,211.0,308.0,229.0,144.0,1.0,3,0.464
235,5,834.0,371.0,27.0,124.0,1.0,0,1.0
236,1,629.0,286.0,52.0,137.0,1.0,0,1.0
236,2,294.0,329.0,221.0,139.0,1.0,3,0.643
236,3,499.0,425.0,50.0,132.0,1.0,0,0.436
236,4,207.0,307.0,229.0,144.0,1.0,3,0.475
236,5,838.0,371.0,27.0,124.0,1.0,0,1.0
237,1,632.0,286.0,52.0,137.0,1.0,0,1.0
237,2,291.0,329.0,221.0,139.0,1.0,3,0.656
237,3,501.0,425.0,50.0,132.0,1.0,0,0.47
237,4,204.0,307.0,229.0,144.0,1.0,3,0.475
237,5,841.0,371.0,27.0,124.0,1.0,0,1.0
238,1,635.0,286.0,52.0,137.0,1.0,0,1.0
238,2,288.0,329.0,221.0,139.0,1.0,3,0.67
238,3,503.0,425.0,50.0,132.0,1.0,0,0.505
238,4,200.0,307.0,229.0,144.0,1.0,3,0.478
238,5,845.0,371.0,27.0,124.0,1.0,0,1.0
239,1,637.0,286.0,52.0,137.0,1.0,0,1.0
239,2,286.0,329.0,221.0,139.0,1.0,3,0.679
239,3,505.0,425.0,50.0,132.0,1.0,0,0.54
239,4,197.0,307.0,229.0,144.0,1.0,3,0.482
239,5,849.0,371.0,27.0,124.0,1.0,0,1.0
240,1,640.0,286.0,52.0,137.0,1.0,0,1.0
240,2,283.0,329.0,221.0,139.0,1.0,3,0.692
240,3,508.0,426.0,51.0,133.0,1.0,0,0.588
240,4,194.0,307.0,229.0,144.0,1.0,3,0.482
240,5,852.0,371.0,27.0,124.0,1.0,0,1.0
241,1,643.0,286.0,52.0,137.0,1.0,0,1.0
241,2,280.0,329.0,221.0,139.0,1.0,3,0.706
241,3,510.0,426.0,51.0,133.0,1.0,0,0.622
241,4,190.0,307.0,229.0,144.0,1.0,3,0.486
241,5,856.0,370.0,27.0,124.0,1.0,0,1.0
242,1,645.0,286.0,52.0,137.0,1.0,0,1.0
242,2,277.0,329.0,221.0,139.0,1.0,3,0.719
242,3,512.0,426.0,51.0,133.0,1.0,0,0.655
242,4,187.0,307.0,229.0,144.0,1.0,3,0.486
242,5,859.0,370.0,27.0,124.0,1.0,0,1.0
243,1,648.0,286.0,52.0,137.0,1.0,0,1.0
243,2,275.0,330.0,221.0,139.0,1.0,3,0.729
243,3,515.0,426.0,51.0,133.0,1.0,0,0.706
243,4,183.0,307.0,229.0,144.0,1.0,3,0.497
243,5,863.0,370.0,27.0,124.0,1.0,0,1.0
244,1,651.0,286.0,52.0,137.0,1.0,0,1.0
244,2,272.0,330.0,221.0,139.0,1.0,3,0.742
244,3,517.0,426.0,51.0,133.0,1.0,0,0.739
244,4,180.0,306.0,229.0,144.0,1.0,3,0.501
244,5,866.0,370.0,27.0,124.0,1.0,0,1.0
245,1,654.0,286.0,53.0,138.0,1.0,0,1.0
245,2,269.0,330.0,221.0,139.0,1.0,3,0.756
245,3,519.0,426.0,51.0,133.0,1.0,0,0.773
245,4,177.0,306.0,229.0,144.0,1.0,3,0.501
245,5,870.0,370.0,27.0,124.0,1.0,0,1.0
246,1,656.0,285.0,53.0,138.0,1.0,0,1.0
246,2,266.0,330.0,221.0,139.0,1.0,3,0.769
246,3,522.0,426.0,51.0,133.0,1.0,0,0.824
246,4,173.0,306.0,229.0,144.0,1.0,3,0.505
246,5,873.0,369.0,27.0,124.0,1.0,0,1.0
247,1,659.0,285.0,53.0,138.0,1.0,0,1.0
247,2,264.0,330.0,221.0,139.0,1.0,3,0.778
247,3,524.0,426.0,51.0,133.0,1.0,0,0.857
247,4,170.0,306.0,229.0,144.0,1.0,3,0.509
247,5,877.0,369.0,27.0,124.0,1.0,0,1.0
248,1,662.0,285.0,53.0,138.0,1.0,0,1.0
248,2,261.0,330.0,221.0,139.0,1.0,3,0.792
248,3,526.0,426.0,51.0,133.0,1.0,0,0.857
248,4,166.0,306.0,229.0,144.0,1.0,3,0.512
248,5,880.0,369.0,27.0,124.0,1.0,0,1.0
249,1,664.0,285.0,53.0,138.0,1.0,0,1.0
249,2,258.0,330.0,221.0,139.0,1.0,3,0.805
249,3,529.0,426.0,51.0,133.0,1.0,0,0.857
249,4,163.0,306.0,229.0,144.0,1.0,3,0.512
249,5,884.0,369.0,27.0,124.0,1.0,0,1.0
250,1,667.0,285.0,53.0,138.0,1.0,0,1.0
250,2,255.0,330.0,221.0,139.0,1.0,3,0.819
250,3,531.0,426.0,51.0,133.0,1.0,0,0.857
250,4,160.0,306.0,229.0,144.0,1.0,3,0.512
250,5,887.0,369.0,27.0,124.0,1.0,0,1.0
251,1,670.0,285.0,53.0,138.0,1.0,0,1.0
251,2,253.0,330.0,221.0,139.0,1.0,3,0.828
251,3,533.0,426.0,51.0,133.0,1.0,0,0.857
251,4,156.0,306.0,229.0,144.0,1.0,3,0.52
251,5,891.0,369.0,27.0,124.0,1.0,0,1.0
252,1,672.0,285.0,53.0,138.0,1.0,0,1.0
252,2,250.0,330.0,221.0,139.0,1.0,3,0.842
252,3,536.0,426.0,51.0,133.0,1.0,0,0.857
252,4,153.0,306.0,229.0,144.0,1.0,3,0.52
252,5,894.0,368.0,27.0,124.0,1.0,0,1.0
253,1,675.0,285.0,53.0,138.0,1.0,0,1.0
253,2,247.0,331.0,221.0,139.0,1.0,3,0.855
253,3,538.0,426.0,51.0,133.0,1.0,0,0.857
253,4,149.0,305.0,229.0,144.0,1.0,3,0.531
253,5,898.0,368.0,27.0,124.0,1.0,0,1.0
254,1,678.0,285.0,53.0,138.0,1.0,0,1.0
254,2,245.0,331.0,221.0,139.0,1.0,3,0.864
254,3,540.0,426.0,51.0,134.0,1.0,0,0.851
254,4,146.0,305.0,229.0,144.0,1.0,3,0.535
254,5,901.0,368.0,27.0,124.0,1.0,0,1.0
255,1,680.0,285.0,53.0,138.0,1.0,0,1.0
255,2,242.0,331.0,221.0,139.0,1.0,3,0.878
255,3,543.0,426.0,51.0,134.0,1.0,0,0.851
255,4,143.0,305.0,229.0,144.0,1.0,3,0.535
255,5,905.0,368.0,27.0,124.0,1.0,0,1.0
256,1,683.0,285.0,53.0,138.0,1.0,0,1.0
256,2,239.0,331.0,221.0,139.0,1.0,3,0.891
256,3,545.0,426.0,51.0,134.0,1.0,0,0.851
256,4,139.0,305.0,229.0,144.0,1.0,3,0.538
256,5,908.0,368.0,27.0,124.0,1.0,0,1.0
257,1,686.0,285.0,53.0,138.0,1.0,0,1.0
257,2,236.0,331.0,221.0,139.0,1.0,3,0.905
257,3,547.0,426.0,51.0,134.0,1.0,0,0.851
257,4,136.0,305.0,229.0,144.0,1.0,3,0.538
257,5,912.0,368.0,27.0,124.0,1.0,0,1.0
258,1,688.0,285.0,53.0,138.0,1.0,0,1.0
258,2,234.0,331.0,221.0,139.0,1.0,3,0.914
258,3,550.0,426.0,51.0,134.0,1.0,0,0.851
258,4,132.0,305.0,229.0,144.0,1.0,3,0.546
258,5,915.0,367.0,27.0,124.0,1.0,0,1.0
259,1,691.0,285.0,53.0,138.0,1.0,0,1.0
259,2,231.0,331.0,221.0,139.0,1.0,3,0.928
259,3,552.0,426.0,51.0,134.0,1.0,0,0.851
259,4,129.0,305.0,229.0,144.0,1.0,3,0.546
259,5,919.0,367.0,27.0,124.0,1.0,0,1.0
260,1,694.0,285.0,53.0,139.0,1.0,0,1.0
260,2,228.0,331.0,221.0,139.0,1.0,3,0.941
260,3,554.0,426.0,51.0,134.0,1.0,0,0.851
260,4,126.0,305.0,229.0,144.0,1.0,3,0.546
260,5,922.0,367.0,27.0,124.0,1.0,0,1.0
261,1,696.0,285.0,53.0,139.0,1.0,0,1.0
261,2,225.0,331.0,221.0,139.0,1.0,3,0.955
261,3,556.0,426.0,51.0,134.0,1.0,0,0.851
261,4,122.0,304.0,229.0,144.0,1.0,3,0.553
261,5,926.0,367.0,27.0,124.0,1.0,0,1.0
262,1,699.0,285.0,53.0,139.0,1.0,0,1.0
262,2,223.0,331.0,221.0,139.0,1.0,3,0.964
262,3,559.0,426.0,51.0,134.0,1.0,0,0.851
262,4,119.0,304.0,229.0,144.0,1.0,3,0.556
262,5,929.0,367.0,27.0,124.0,1.0,0,1.0
263,1,702.0,285.0,53.0,139.0,1.0,0,1.0
263,2,220.0,331.0,221.0,139.0,1.0,3,0.977
263,3,561.0,426.0,51.0,134.0,1.0,0,0.851
263,4,115.0,304.0,229.0,144.0,1.0,3,0.56
263,5,933.0,367.0,27.0,124.0,1.0,0,1.0
264,1,704.0,285.0,53.0,139.0,1.0,0,1.0
264,2,217.0,332.0,221.0,139.0,1.0,3,0.991
264,3,563.0,426.0,51.0,134.0,1.0,0,0.851
264,4,112.0,304.0,229.0,144.0,1.0,3,0.564
264,5,936.0,366.0,27.0,124.0,1.0,0,0.889
265,1,707.0,285.0,53.0,139.0,1.0,0,1.0
265,2,214.0,332.0,221.0,139.0,1.0,3,1.0
265,3,566.0,426.0,51.0,134.0,1.0,0,0.851
265,4,109.0,304.0,227.0,143.0,1.0,3,0.568
265,5,940.0,366.0,27.0,124.0,1.0,0,0.741
266,1,710.0,284.0,53.0,139.0,1.0,0,1.0
266,2,212.0,332.0,221.0,139.0,1.0,3,1.0
266,3,568.0,426.0,51.0,134.0,1.0,0,0.851
266,4,105.0,304.0,227.0,143.0,1.0,3,0.575
266,5,943.0,366.0,27.0,124.0,1.0,0,0.63
267,1,713.0,284.0,53.0,139.0,1.0,0,1.0
267,2,209.0,332.0,221.0,139.0,1.0,3,1.0
267,3,570.0,427.0,51.0,134.0,1.0,0,0.843
267,4,102.0,304.0,227.0,143.0,1.0,3,0.575
267,5,947.0,366.0,27.0,124.0,1.0,0,0.481
268,1,715.0,284.0,53.0,139.0,1.0,0,1.0
268,2,206.0,332.0,221.0,139.0,1.0,3,1.0
268,3,573.0,427.0,51.0,134.0,1.0,0,0.843
268,4,98.0,304.0,227.0,143.0,1.0,3,0.578
268,5,950.0,366.0,27.0,124.0,1.0,0,0.37
269,1,718.0,284.0,53.0,139.0,1.0,0,1.0
269,2,203.0,332.0,221.0,139.0,1.0,3,1.0
269,3,575.0,427.0,51.0,135.0,1.0,0,0.837
269,4,95.0,303.0,227.0,143.0,1.0,3,0.582
269,5,954.0,365.0,27.0,124.0,1.0,0,0.222
270,1,721.0,284.0,53.0,139.0,1.0,0,1.0
270,2,201.0,332.0,221.0,139.0,1.0,3,1.0
270,3,577.0,427.0,51.0,135.0,1.0,0,0.837
270,4,92.0,303.0,227.0,143.0,1.0,3,0.586
270,5,957.0,365.0,27.0,124.0,1.0,0,0.111
271,1,723.0,284.0,53.0,139.0,1.0,0,1.0
271,2,198.0,332.0,221.0,139.0,1.0,3,1.0
271,3,580.0,427.0,51.0,135.0,1.0,0,0.837
271,4,88.0,303.0,227.0,143.0,1.0,3,0.589
272,1,726.0,284.0,53.0,139.0,1.0,0,1.0
272,2,195.0,332.0,221.0,139.0,1.0,3,1.0
272,3,582.0,427.0,51.0,135.0,1.0,0,0.837
272,4,85.0,303.0,227.0,143.0,1.0,3,0.589
273,1,729.0,284.0,53.0,139.0,1.0,0,1.0
273,2,192.0,332.0,221.0,139.0,1.0,3,1.0
273,3,584.0,427.0,51.0,135.0,1.0,0,0.837
273,4,81.0,303.0,227.0,143.0,1.0,3,0.593
274,1,731.0,284.0,53.0,139.0,1.0,0,1.0
274,2,190.0,333.0,221.0,139.0,1.0,3,1.0
274,3,587.0,427.0,51.0,135.0,1.0,0,0.837
274,4,78.0,303.0,227.0,143.0,1.0,3,0.6
275,1,734.0,284.0,53.0,139.0,1.0,0,1.0
275,2,187.0,333.0,221.0,139.0,1.0,3,1.0
275,3,589.0,427.0,51.0,135.0,1.0,0,0.837
275,4,75.0,303.0,227.0,143.0,1.0,3,0.6
276,1,737.0,284.0,53.0,140.0,1.0,0,1.0
276,2,184.0,333.0,221.0,139.0,1.0,3,1.0
276,3,591.0,427.0,51.0,135.0,1.0,0,0.837
276,4,71.0,303.0,227.0,143.0,1.0,3,0.603
277,1,739.0,284.0,53.0,140.0,1.0,0,1.0
277,2,181.0,333.0,221.0,139.0,1.0,3,1.0
277,3,594.0,427.0,51.0,135.0,1.0,0,0.837
277,4,68.0,303.0,227.0,143.0,1.0,3,0.603
278,1,742.0,284.0,53.0,140.0,1.0,0,1.0
278,2,179.0,333.0,221.0,139.0,1.0,3,1.0
278,3,596.0,427.0,51.0,135.0,1.0,0,0.837
278,4,64.0,302.0,227.0,143.0,1.0,3,0.614
279,1,745.0,284.0,53.0,140.0,1.0,0,1.0
279,2,176.0,333.0,221.0,139.0,1.0,3,1.0
279,3,598.0,427.0,51.0,135.0,1.0,0,0.837
279,4,61.0,302.0,227.0,143.0,1.0,3,0.614
280,1,747.0,284.0,53.0,140.0,1.0,0,1.0
280,2,173.0,333.0,221.0,139.0,1.0,3,1.0
280,3,601.0,427.0,51.0,135.0,1.0,0,0.837
280,4,58.0,302.0,227.0,143.0,1.0,3,0.614
281,1,750.0,284.0,53.0,140.0,1.0,0,1.0
281,2,170.0,333.0,221.0,139.0,1.0,3,1.0
281,3,603.0,427.0,51.0,135.0,1.0,0,0.837
281,4,54.0,302.0,227.0,143.0,1.0,3,0.617
282,1,753.0,284.0,53.0,140.0,1.0,0,1.0
282,2,168.0,333.0,221.0,139.0,1.0,3,1.0
282,3,605.0,427.0,51.0,135.0,1.0,0,0.837
282,4,51.0,302.0,227.0,143.0,1.0,3,0.62
283,1,755.0,284.0,53.0,140.0,1.0,0,1.0
283,2,165.0,333.0,221.0,139.0,1.0,3,1.0
283,3,608.0,427.0,52.0,136.0,1.0,0,0.831
283,4,47.0,302.0,227.0,143.0,1.0,3,0.624
284,1,758.0,284.0,53.0,140.0,1.0,0,1.0
284,2,162.0,333.0,221.0,139.0,1.0,3,1.0
284,3,610.0,427.0,52.0,136.0,1.0,0,0.831
284,4,44.0,302.0,227.0,143.0,1.0,3,0.624
285,1,761.0,284.0,53.0,140.0,1.0,0,1.0
285,2,159.0,334.0,221.0,139.0,1.0,3,1.0
285,3,612.0,427.0,52.0,136.0,1.0,0,0.831
285,4,41.0,302.0,227.0,143.0,1.0,3,0.627
286,1,763.0,284.0,53.0,140.0,1.0,0,1.0
286,2,157.0,334.0,221.0,139.0,1.0,3,1.0
286,3,614.0,427.0,52.0,136.0,1.0,0,0.831
286,4,37.0,301.0,227.0,143.0,1.0,3,0.637
287,1,766.0,283.0,53.0,140.0,1.0,0,1.0
287,2,154.0,334.0,221.0,139.0,1.0,3,1.0
287,3,617.0,427.0,52.0,136.0,1.0,0,0.831
287,4,34.0,301.0,227.0,143.0,1.0,3,0.637
288,1,769.0,283.0,53.0,140.0,1.0,0,1.0
288,2,151.0,334.0,221.0,139.0,1.0,3,1.0
288,3,619.0,427.0,52.0,136.0,1.0,0,0.831
288,4,30.0,301.0,227.0,143.0,1.0,3,0.641
289,1,772.0,283.0,53.0,140.0,1.0,0,1.0
289,2,148.0,334.0,221.0,139.0,1.0,3,1.0
289,3,621.0,427.0,52.0,136.0,1.0,0,0.831
289,4,27.0,301.0,227.0,143.0,1.0,3,0.641
290,1,774.0,283.0,53.0,140.0,1.0,0,1.0
290,2,146.0,334.0,221.0,139.0,1.0,3,1.0
290,3,624.0,427.0,52.0,136.0,1.0,0,0.831
290,4,24.0,301.0,227.0,143.0,1.0,3,0.644
291,1,777.0,283.0,54.0,141.0,1.0,0,1.0
291,2,143.0,334.0,221.0,139.0,1.0,3,1.0
291,3,626.0,427.0,52.0,136.0,1.0,0,0.831
291,4,20.0,301.0,227.0,143.0,1.0,3,0.648
292,1,780.0,283.0,54.0,141.0,1.0,0,1.0
292,2,140.0,334.0,221.0,139.0,1.0,3,1.0
292,3,628.0,427.0,52.0,136.0,1.0,0,0.831
292,4,17.0,301.0,227.0,143.0,1.0,3,0.648
293,1,782.0,283.0,54.0,141.0,1.0,0,1.0
293,2,137.0,334.0,221.0,139.0,1.0,3,1.0
293,3,631.0,427.0,52.0,136.0,1.0,0,0.831
293,4,13.0,301.0,227.0,143.0,1.0,3,0.651
294,1,785.0,283.0,54.0,141.0,1.0,0,1.0
294,2,135.0,334.0,221.0,139.0,1.0,3,1.0
294,3,633.0,427.0,52.0,136.0,1.0,0,0.831
294,4,10.0,300.0,227.0,143.0,1.0,3,0.657
295,1,788.0,283.0,54.0,141.0,1.0,0,1.0
295,2,132.0,335.0,221.0,139.0,1.0,3,1.0
295,3,635.0,428.0,52.0,136.0,1.0,0,0.824
295,4,7.0,300.0,227.0,143.0,1.0,3,0.661
296,1,790.0,283.0,54.0,141.0,1.0,0,1.0
296,2,129.0,335.0,221.0,139.0,1.0,3,1.0
296,3,638.0,428.0,52.0,136.0,1.0,0,0.824
296,4,3.0,300.0,227.0,143.0,1.0,3,0.664
297,1,793.0,283.0,54.0,141.0,1.0,0,1.0
297,2,127.0,335.0,221.0,139.0,1.0,3,1.0
297,3,640.0,428.0,52.0,136.0,1.0,0,0.824
297,4,0.0,300.0,227.0,143.0,1.0,3,0.667
298,1,796.0,283.0,54.0,141.0,1.0,0,1.0
298,2,124.0,335.0,221.0,139.0,1.0,3,1.0
298,3,642.0,428.0,52.0,137.0,1.0,0,0.818
298,4,-3.0,300.0,227.0,143.0,1.0,3,0.654
299,1,798.0,283.0,54.0,141.0,1.0,0,1.0
299,2,121.0,335.0,221.0,139.0,1.0,3,1.0
299,3,645.0,428.0,52.0,137.0,1.0,0,0.818
299,4,-7.0,300.0,227.0,143.0,1.0,3,0.64
300,1,801.0,283.0,54.0,141.0,1.0,0,1.0
300,2,118.0,335.0,221.0,139.0,1.0,3,1.0
300,3,647.0,428.0,52.0,137.0,1.0,0,0.818
300,4,-10.0,300.0,227.0,143.0,1.0,3,0.627
301,1,804.0,283.0,54.0,141.0,1.0,0,1.0
301,2,116.0,335.0,221.0,139.0,1.0,3,1.0
301,3,649.0,428.0,52.0,137.0,1.0,0,0.818
301,4,-14.0,300.0,227.0,143.0,1.0,3,0.616
302,1,806.0,283.0,54.0,141.0,1.0,0,1.0
302,2,113.0,335.0,221.0,139.0,1.0,3,1.0
302,3,652.0,428.0,52.0,137.0,1.0,0,0.818
302,4,-17.0,300.0,227.0,143.0,1.0,3,0.602
303,1,809.0,283.0,54.0,141.0,1.0,0,1.0
303,2,110.0,335.0,221.0,139.0,1.0,3,1.0
303,3,654.0,428.0,52.0,137.0,1.0,0,0.818
303,4,-20.0,299.0,227.0,143.0,1.0,3,0.592
304,1,812.0,283.0,54.0,141.0,1.0,0,1.0
304,2,107.0,335.0,221.0,139.0,1.0,3,1.0
304,3,656.0,428.0,52.0,137.0,1.0,0,0.818
304,4,-24.0,299.0,225.0,142.0,1.0,3,0.581
305,1,814.0,283.0,54.0,141.0,1.0,0,1.0
305,2,105.0,335.0,221.0,139.0,1.0,3,1.0
305,3,659.0,428.0,52.0,137.0,1.0,0,0.818
305,4,-27.0,299.0,225.0,142.0,1.0,3,0.571
306,1,817.0,283.0,54.0,142.0,1.0,0,1.0
306,2,102.0,336.0,221.0,139.0,1.0,3,1.0
306,3,661.0,428.0,52.0,137.0,1.0,0,0.818
306,4,-31.0,299.0,225.0,142.0,1.0,3,0.56
307,1,820.0,282.0,54.0,142.0,1.0,0,1.0
307,2,99.0,336.0,221.0,139.0,1.0,3,1.0
307,3,663.0,428.0,52.0,137.0,1.0,0,0.818
307,4,-34.0,299.0,225.0,142.0,1.0,3,0.547
308,1,823.0,282.0,54.0,142.0,1.0,0,1.0
308,2,96.0,336.0,221.0,139.0,1.0,3,1.0
308,3,666.0,428.0,52.0,137.0,1.0,0,0.818
308,4,-37.0,299.0,225.0,142.0,1.0,3,0.533
309,1,825.0,282.0,54.0,142.0,1.0,0,1.0
309,2,94.0,336.0,221.0,139.0,1.0,3,1.0
309,3,668.0,428.0,52.0,137.0,1.0,0,0.818
309,4,-41.0,299.0,225.0,142.0,1.0,3,0.522
310,1,828.0,282.0,54.0,142.0,1.0,0,1.0
310,2,91.0,336.0,221.0,139.0,1.0,3,1.0
310,3,670.0,428.0,52.0,137.0,1.0,0,0.818
310,4,-44.0,299.0,225.0,142.0,1.0,3,0.509
311,1,831.0,282.0,54.0,142.0,1.0,0,1.0
311,2,88.0,336.0,221.0,139.0,1.0,3,1.0
311,3,672.0,428.0,52.0,137.0,1.0,0,0.818
311,4,-48.0,298.0,225.0,142.0,1.0,3,0.497
312,1,833.0,282.0,54.0,142.0,1.0,0,1.0
312,2,85.0,336.0,221.0,139.0,1.0,3,1.0
312,3,675.0,428.0,53.0,138.0,1.0,0,0.812
312,4,-51.0,298.0,225.0,142.0,1.0,3,0.484
313,1,836.0,282.0,54.0,142.0,1.0,0,1.0
313,2,83.0,336.0,221.0,139.0,1.0,3,1.0
313,3,677.0,428.0,53.0,138.0,1.0,0,0.812
313,4,-54.0,298.0,225.0,142.0,1.0,3,0.474
314,1,839.0,282.0,54.0,142.0,1.0,0,1.0
314,2,80.0,336.0,221.0,139.0,1.0,3,1.0
314,3,679.0,428.0,53.0,138.0,1.0,0,0.812
314,4,-58.0,298.0,225.0,142.0,1.0,3,0.459
315,1,841.0,282.0,54.0,142.0,1.0,0,1.0
315,2,77.0,336.0,221.0,139.0,1.0,3,1.0
315,3,682.0,428.0,53.0,138.0,1.0,0,0.812
315,4,-61.0,298.0,225.0,142.0,1.0,3,0.446
316,1,844.0,282.0,54.0,142.0,1.0,0,1.0
316,2,74.0,337.0,221.0,139.0,1.0,3,1.0
316,3,684.0,428.0,53.0,138.0,1.0,0,0.812
316,4,-65.0,298.0,225.0,142.0,1.0,3,0.434
317,1,847.0,282.0,54.0,142.0,1.0,0,1.0
317,2,72.0,337.0,221.0,139.0,1.0,3,1.0
317,3,686.0,428.0,53.0,138.0,1.0,0,0.812
317,4,-68.0,298.0,225.0,142.0,1.0,3,0.424
318,1,849.0,282.0,54.0,142.0,1.0,0,1.0
318,2,69.0,337.0,221.0,139.0,1.0,3,1.0
318,3,689.0,428.0,53.0,138.0,1.0,0,0.812
318,4,-71.0,298.0,225.0,142.0,1.0,3,0.41
319,1,852.0,282.0,54.0,142.0,1.0,0,1.0
319,2,66.0,337.0,221.0,139.0,1.0,3,1.0
319,3,691.0,428.0,53.0,138.0,1.0,0,0.812
319,4,-75.0,297.0,225.0,142.0,1.0,3,0.398
320,1,855.0,282.0,54.0,142.0,1.0,0,1.0
320,2,63.0,337.0,221.0,139.0,1.0,3,1.0
320,3,693.0,428.0,53.0,138.0,1.0,0,0.812
320,4,-78.0,297.0,225.0,142.0,1.0,3,0.385
321,1,857.0,282.0,54.0,143.0,1.0,0,1.0
321,2,61.0,337.0,221.0,139.0,1.0,3,1.0
321,3,696.0,428.0,53.0,138.0,1.0,0,0.812
321,4,-82.0,297.0,225.0,142.0,1.0,3,0.374
322,1,860.0,282.0,54.0,143.0,1.0,0,1.0
322,2,58.0,337.0,221.0,139.0,1.0,3,1.0
322,3,698.0,429.0,53.0,138.0,1.0,0,0.804
322,4,-85.0,297.0,225.0,142.0,1.0,3,0.36
323,1,863.0,282.0,54.0,143.0,1.0,0,1.0
323,2,55.0,337.0,221.0,139.0,1.0,3,1.0
323,3,700.0,429.0,53.0,138.0,1.0,0,0.804
323,4,-88.0,297.0,225.0,142.0,1.0,3,0.347
324,1,865.0,282.0,54.0,143.0,1.0,0,1.0
324,2,52.0,337.0,221.0,139.0,1.0,3,1.0
324,3,703.0,429.0,53.0,138.0,1.0,0,0.804
324,4,-92.0,297.0,225.0,142.0,1.0,3,0.333
325,1,868.0,282.0,54.0,143.0,1.0,0,1.0
325,2,50.0,337.0,221.0,139.0,1.0,3,1.0
325,3,705.0,429.0,53.0,138.0,1.0,0,0.804
325,4,-95.0,297.0,225.0,142.0,1.0,3,0.322
326,1,871.0,282.0,54.0,143.0,1.0,0,1.0
326,2,47.0,337.0,221.0,139.0,1.0,3,1.0
326,3,707.0,429.0,53.0,138.0,1.0,0,0.804
326,4,-99.0,297.0,225.0,142.0,1.0,3,0.308
327,1,873.0,281.0,54.0,143.0,1.0,0,1.0
327,2,44.0,338.0,221.0,139.0,1.0,3,1.0
327,3,710.0,429.0,53.0,139.0,1.0,0,0.799
327,4,-102.0,297.0,225.0,142.0,1.0,3,0.297
328,1,876.0,281.0,54.0,143.0,1.0,0,1.0
328,2,41.0,338.0,221.0,139.0,1.0,3,1.0
328,3,712.0,429.0,53.0,139.0,1.0,0,0.799
328,4,-105.0,296.0,225.0,142.0,1.0,3,0.286
329,1,879.0,281.0,54.0,143.0,1.0,0,1.0
329,2,39.0,338.0,221.0,139.0,1.0,3,1.0
329,3,714.0,429.0,53.0,139.0,1.0,0,0.799
329,4,-109.0,296.0,225.0,142.0,1.0,3,0.269
329,5,-25.0,355.0,27.0,125.0,1.0,0,0.074
330,1,882.0,281.0,54.0,143.0,1.0,0,1.0
330,2,36.0,338.0,221.0,139.0,1.0,3,1.0
330,3,717.0,429.0,53.0,139.0,1.0,0,0.799
330,4,-112.0,296.0,225.0,142.0,1.0,3,0.246
330,5,-21.0,355.0,27.0,125.0,1.0,0,0.222
331,1,884.0,281.0,54.0,143.0,1.0,0,1.0
331,2,33.0,338.0,221.0,139.0,1.0,3,1.0
331,3,719.0,429.0,53.0,139.0,1.0,0,0.799
331,4,-116.0,296.0,225.0,142.0,1.0,3,0.223
331,5,-18.0,355.0,27.0,125.0,1.0,0,0.333
332,1,887.0,281.0,54.0,143.0,1.0,0,1.0
332,2,30.0,338.0,221.0,139.0,1.0,3,1.0
332,3,721.0,429.0,53.0,139.0,1.0,0,0.799
332,4,-119.0,296.0,225.0,142.0,1.0,3,0.199
332,5,-14.0,355.0,27.0,125.0,1.0,0,0.481
333,1,890.0,281.0,54.0,143.0,1.0,0,1.0
333,2,28.0,338.0,221.0,139.0,1.0,3,1.0
333,3,723.0,429.0,53.0,139.0,1.0,0,0.799
333,4,-122.0,296.0,225.0,142.0,1.0,3,0.181
333,5,-11.0,354.0,27.0,125.0,1.0,0,0.593
334,1,892.0,281.0,54.0,143.0,1.0,0,1.0
334,2,25.0,338.0,221.0,139.0,1.0,3,1.0
334,3,726.0,429.0,53.0,139.0,1.0,0,0.799
334,4,-126.0,296.0,225.0,142.0,1.0,3,0.156
334,5,-7.0,354.0,27.0,125.0,1.0,0,0.741
335,1,895.0,281.0,54.0,143.0,1.0,0,1.0
335,2,22.0,338.0,221.0,139.0,1.0,3,0.996
335,3,728.0,429.0,53.0,139.0,1.0,0,0.799
335,4,-129.0,296.0,225.0,142.0,1.0,3,0.137
335,5,-4.0,354.0,27.0,125.0,1.0,0,0.852
336,1,898.0,281.0,55.0,144.0,1.0,0,1.0
336,2,19.0,338.0,221.0,139.0,1.0,3,0.968
336,3,730.0,429.0,53.0,139.0,1.0,0,0.799
336,4,-133.0,295.0,225.0,142.0,1.0,3,0.133
336,5,0.0,354.0,27.0,125.0,1.0,0,1.0
337,1,900.0,281.0,55.0,144.0,1.0,0,1.0
337,2,17.0,339.0,221.0,139.0,1.0,3,0.948
337,3,733.0,429.0,53.0,139.0,1.0,0,0.799
337,4,-136.0,295.0,225.0,142.0,1.0,3,0.138
337,5,3.0,354.0,27.0,125.0,1.0,0,1.0
338,1,903.0,281.0,55.0,144.0,1.0,0,1.0
338,2,14.0,339.0,221.0,139.0,1.0,3,0.919
338,3,735.0,429.0,53.0,139.0,1.0,0,0.799
338,4,-139.0,295.0,225.0,142.0,1.0,3,0.143
338,5,7.0,354.0,27.0,125.0,1.0,0,1.0
339,1,906.0,281.0,55.0,144.0,1.0,0,0.982
339,2,11.0,339.0,221.0,139.0,1.0,3,0.894
339,3,737.0,429.0,53.0,139.0,1.0,0,0.799
339,4,-143.0,295.0,225.0,142.0,1.0,3,0.144
339,5,10.0,353.0,27.0,125.0,1.0,0,1.0
340,1,908.0,281.0,55.0,144.0,1.0,0,0.945
340,2,9.0,339.0,221.0,139.0,1.0,3,0.89
340,3,740.0,429.0,53.0,139.0,1.0,0,0.799
340,4,-146.0,295.0,225.0,142.0,1.0,3,0.136
340,5,14.0,353.0,27.0,125.0,1.0,0,1.0
341,1,911.0,281.0,55.0,144.0,1.0,0,0.891
341,2,6.0,339.0,221.0,139.0,1.0,3,0.89
341,3,742.0,429.0,53.0,140.0,1.0,0,0.793
341,4,-150.0,295.0,225.0,142.0,1.0,3,0.122
341,5,17.0,353.0,27.0,125.0,1.0,0,1.0
342,1,914.0,281.0,55.0,144.0,1.0,0,0.836
342,2,3.0,339.0,221.0,139.0,1.0,3,0.89
342,3,744.0,429.0,53.0,140.0,1.0,0,0.793
342,4,-153.0,295.0,224.0,141.0,1.0,3,0.108
342,5,21.0,353.0,27.0,125.0,1.0,0,1.0
343,1,916.0,281.0,55.0,144.0,1.0,0,0.8
343,2,0.0,339.0,221.0,139.0,1.0,3,0.89
343,3,747.0,429.0,53.0,140.0,1.0,0,0.793
343,4,-156.0,295.0,224.0,141.0,1.0,3,0.095
343,5,24.0,353.0,27.0,125.0,1.0,0,1.0
344,1,919.0,281.0,55.0,144.0,1.0,0,0.745
344,2,-2.0,339.0,221.0,139.0,1.0,3,0.881
344,3,749.0,429.0,53.0,140.0,1.0,0,0.793
344,4,-160.0,295.0,224.0,141.0,1.0,3,0.089
344,5,28.0,352.0,27.0,125.0,1.0,0,1.0
345,1,922.0,281.0,55.0,144.0,1.0,0,0.691
345,2,-5.0,339.0,221.0,139.0,1.0,3,0.868
345,3,751.0,429.0,53.0,140.0,1.0,0,0.793
345,4,-163.0,294.0,224.0,141.0,1.0,3,0.087
345,5,31.0,352.0,27.0,125.0,1.0,0,1.0
346,1,924.0,281.0,55.0,144.0,1.0,0,0.655
346,2,-8.0,339.0,221.0,139.0,1.0,3,0.854
346,3,754.0,429.0,53.0,140.0,1.0,0,0.793
346,4,-167.0,294.0,224.0,141.0,1.0,3,0.081
346,5,35.0,352.0,27.0,125.0,1.0,0,1.0
347,1,927.0,280.0,55.0,144.0,1.0,0,0.6
347,2,-11.0,339.0,221.0,139.0,1.0,3,0.84
347,3,756.0,429.0,53.0,140.0,1.0,0,0.793
347,4,-170.0,294.0,224.0,141.0,1.0,3,0.077
347,5,38.0,352.0,27.0,125.0,1.0,0,1.0
348,1,930.0,280.0,55.0,144.0,1.0,0,0.545
348,2,-13.0,340.0,221.0,139.0,1.0,3,0.831
348,3,758.0,429.0,53.0,140.0,1.0,0,0.793
348,4,-173.0,294.0,224.0,141.0,1.0,3,0.074
348,5,42.0,352.0,27.0,125.0,1.0,0,1.0
349,1,932.0,280.0,55.0,144.0,1.0,0,0.509
349,2,-16.0,340.0,221.0,139.0,1.0,3,0.818
349,3,761.0,429.0,53.0,140.0,1.0,0,0.793
349,4,-177.0,294.0,224.0,141.0,1.0,3,0.068
349,5,45.0,352.0,27.0,125.0,1.0,0,1.0
350,1,935.0,280.0,55.0,144.0,1.0,0,0.455
350,2,-19.0,340.0,221.0,139.0,1.0,3,0.804
350,3,763.0,430.0,53.0,140.0,1.0,0,0.786
350,4,-180.0,294.0,224.0,141.0,1.0,3,0.064
350,5,49.0,351.0,27.0,125.0,1.0,0,1.0
351,1,938.0,280.0,55.0,145.0,1.0,0,0.4
351,2,-22.0,340.0,221.0,139.0,1.0,3,0.791
351,3,765.0,430.0,53.0,140.0,1.0,0,0.786
351,4,-184.0,294.0,224.0,141.0,1.0,3,0.058
351,5,52.0,351.0,27.0,125.0,1.0,0,1.0
352,1,941.0,280.0,55.0,145.0,1.0,0,0.345
352,2,-24.0,340.0,221.0,139.0,1.0,3,0.782
352,3,768.0,430.0,53.0,140.0,1.0,0,0.786
352,4,-187.0,294.0,224.0,141.0,1.0,3,0.054
352,5,56.0,351.0,27.0,125.0,1.0,0,1.0
353,1,943.0,280.0,55.0,145.0,1.0,0,0.309
353,2,-27.0,340.0,221.0,139.0,1.0,3,0.768
353,3,770.0,430.0,53.0,140.0,1.0,0,0.786
353,4,-190.0,293.0,224.0,141.0,1.0,3,0.051
353,5,59.0,351.0,27.0,125.0,1.0,0,1.0
354,1,946.0,280.0,55.0,145.0,1.0,0,0.255
354,2,-30.0,340.0,221.0,139.0,1.0,3,0.754
354,3,772.0,430.0,53.0,140.0,1.0,0,0.786
354,4,-194.0,293.0,224.0,141.0,1.0,3,0.045
354,5,63.0,351.0,27.0,125.0,1.0,0,1.0
355,1,949.0,280.0,55.0,145.0,1.0,0,0.2
355,2,-33.0,340.0,221.0,139.0,1.0,3,0.741
355,3,775.0,430.0,53.0,140.0,1.0,0,0.786
355,4,-197.0,293.0,224.0,141.0,1.0,3,0.04
355,5,66.0,351.0,27.0,125.0,1.0,0,1.0
356,1,951.0,280.0,55.0,145.0,1.0,0,0.164
356,2,-35.0,340.0,221.0,139.0,1.0,3,0.732
356,3,777.0,430.0,54.0,141.0,1.0,0,0.78
356,4,-201.0,293.0,224.0,141.0,1.0,3,0.034
356,5,70.0,350.0,27.0,125.0,1.0,0,1.0
357,1,954.0,280.0,55.0,145.0,1.0,0,0.109
357,2,-38.0,340.0,221.0,139.0,1.0,3,0.718
357,3,779.0,430.0,54.0,141.0,1.0,0,0.78
357,4,-204.0,293.0,224.0,141.0,1.0,3,0.03
357,5,73.0,350.0,27.0,125.0,1.0,0,1.0
358,1,957.0,280.0,55.0,145.0,1.0,0,0.055
358,2,-41.0,341.0,221.0,139.0,1.0,3,0.705
358,3,781.0,430.0,54.0,141.0,1.0,0,0.78
358,4,-207.0,293.0,224.0,141.0,1.0,3,0.026
358,5,77.0,350.0,27.0,125.0,1.0,0,1.0
359,1,959.0,280.0,55.0,145.0,1.0,0,0.018
359,2,-44.0,341.0,221.0,139.0,1.0,3,0.691
359,3,784.0,430.0,54.0,141.0,1.0,0,0.78
359,4,-211.0,293.0,224.0,141.0,1.0,3,0.02
359,5,80.0,350.0,27.0,125.0,1.0,0,1.0
360,2,-46.0,341.0,221.0,139.0,1.0,3,0.682
360,3,786.0,430.0,54.0,141.0,1.0,0,0.78
360,4,-214.0,293.0,224.0,141.0,1.0,3,0.015
360,5,84.0,350.0,27.0,125.0,1.0,0,1.0
361,2,-49.0,341.0,221.0,139.0,1.0,3,0.668
361,3,788.0,430.0,54.0,141.0,1.0,0,0.78
361,4,-218.0,292.0,224.0,141.0,1.0,3,0.009
361,5,87.0,350.0,27.0,125.0,1.0,0,1.0
362,2,-52.0,341.0,221.0,139.0,1.0,3,0.655
362,3,791.0,430.0,54.0,141.0,1.0,0,0.78
362,4,-221.0,292.0,224.0,141.0,1.0,3,0.005
362,5,91.0,349.0,27.0,125.0,1.0,0,1.0
363,2,-55.0,341.0,221.0,139.0,1.0,3,0.636
363,3,793.0,430.0,54.0,141.0,1.0,0,0.78
363,5,94.0,349.0,28.0,126.0,1.0,0,1.0
364,2,-57.0,341.0,221.0,139.0,1.0,3,0.627
364,3,795.0,430.0,54.0,141.0,1.0,0,0.78
364,5,98.0,349.0,28.0,126.0,1.0,0,1.0
365,2,-60.0,341.0,221.0,139.0,1.0,3,0.614
365,3,798.0,430.0,54.0,141.0,1.0,0,0.78
365,5,101.0,349.0,28.0,126.0,1.0,0,1.0
366,2,-63.0,341.0,221.0,139.0,1.0,3,0.6
366,3,800.0,430.0,54.0,141.0,1.0,0,0.78
366,5,105.0,349.0,28.0,126.0,1.0,0,1.0
367,2,-66.0,341.0,221.0,139.0,1.0,3,0.587
367,3,802.0,430.0,54.0,141.0,1.0,0,0.78
367,5,108.0,349.0,28.0,126.0,1.0,0,1.0
368,2,-68.0,341.0,221.0,139.0,1.0,3,0.577
368,3,805.0,430.0,54.0,141.0,1.0,0,0.78
368,5,112.0,348.0,28.0,126.0,1.0,0,1.0
369,2,-71.0,342.0,221.0,139.0,1.0,3,0.564
369,3,807.0,430.0,54.0,141.0,1.0,0,0.78
369,5,115.0,348.0,28.0,126.0,1.0,0,1.0
370,2,-74.0,342.0,221.0,139.0,1.0,3,0.55
370,3,809.0,430.0,54.0,142.0,1.0,0,0.775
370,5,119.0,348.0,28.0,126.0,1.0,0,1.0
371,2,-77.0,342.0,221.0,139.0,1.0,3,0.561
371,3,812.0,430.0,54.0,142.0,1.0,0,0.775
371,5,122.0,348.0,28.0,126.0,1.0,0,1.0
372,2,-79.0,342.0,221.0,139.0,1.0,3,0.577
372,3,814.0,430.0,54.0,142.0,1.0,0,0.775
372,5,126.0,348.0,28.0,126.0,1.0,0,1.0
373,2,-82.0,342.0,221.0,139.0,1.0,3,0.588
373,3,816.0,430.0,54.0,142.0,1.0,0,0.775
373,5,129.0,347.0,28.0,126.0,1.0,0,1.0
374,2,-85.0,342.0,221.0,139.0,1.0,3,0.603
374,3,819.0,430.0,54.0,142.0,1.0,0,0.775
374,5,133.0,347.0,28.0,126.0,1.0,0,1.0
375,2,-88.0,342.0,221.0,139.0,1.0,3,0.602
375,3,821.0,430.0,54.0,142.0,1.0,0,0.775
375,5,136.0,347.0,28.0,126.0,1.0,0,1.0
376,2,-90.0,342.0,221.0,139.0,1.0,3,0.593
376,3,823.0,430.0,54.0,142.0,1.0,0,0.775
376,5,140.0,347.0,28.0,126.0,1.0,0,1.0
377,2,-93.0,342.0,221.0,139.0,1.0,3,0.579
377,3,826.0,431.0,54.0,142.0,1.0,0,0.768
377,5,143.0,347.0,28.0,126.0,1.0,0,1.0
378,2,-96.0,342.0,221.0,139.0,1.0,3,0.566
378,3,828.0,431.0,54.0,142.0,1.0,0,0.768
378,5,147.0,347.0,28.0,126.0,1.0,0,1.0
379,2,-98.0,343.0,221.0,139.0,1.0,3,0.557
379,3,830.0,431.0,54.0,142.0,1.0,0,0.768
379,5,150.0,346.0,28.0,126.0,1.0,0,1.0
380,2,-101.0,343.0,221.0,139.0,1.0,3,0.543
380,3,832.0,431.0,54.0,142.0,1.0,0,0.768
380,5,154.0,346.0,28.0,126.0,1.0,0,1.0
381,2,-104.0,343.0,221.0,139.0,1.0,3,0.529
381,3,835.0,431.0,54.0,142.0,1.0,0,0.768
381,5,157.0,346.0,28.0,126.0,1.0,0,1.0
382,2,-107.0,343.0,221.0,139.0,1.0,3,0.516
382,3,837.0,431.0,54.0,142.0,1.0,0,0.768
382,5,161.0,346.0,28.0,126.0,1.0,0,1.0
383,2,-109.0,343.0,221.0,139.0,1.0,3,0.507
383,3,839.0,431.0,54.0,142.0,1.0,0,0.768
383,5,164.0,346.0,28.0,126.0,1.0,0,1.0
384,2,-112.0,343.0,221.0,139.0,1.0,3,0.493
384,3,842.0,431.0,54.0,142.0,1.0,0,0.768
384,5,168.0,346.0,28.0,126.0,1.0,0,1.0
385,2,-115.0,343.0,221.0,139.0,1.0,3,0.48
385,3,844.0,431.0,54.0,143.0,1.0,0,0.762
385,5,171.0,345.0,28.0,126.0,1.0,0,1.0
386,2,-118.0,343.0,221.0,139.0,1.0,3,0.466
386,3,846.0,431.0,54.0,143.0,1.0,0,0.762
386,5,175.0,345.0,28.0,126.0,1.0,0,1.0
387,2,-120.0,343.0,221.0,139.0,1.0,3,0.457
387,3,849.0,431.0,54.0,143.0,1.0,0,0.762
387,5,178.0,345.0,28.0,126.0,1.0,0,1.0
388,2,-123.0,343.0,221.0,139.0,1.0,3,0.443
388,3,851.0,431.0,54.0,143.0,1.0,0,0.762
388,5,182.0,345.0,28.0,126.0,1.0,0,1.0
389,2,-126.0,343.0,221.0,139.0,1.0,3,0.43
389,3,853.0,431.0,54.0,143.0,1.0,0,0.762
389,5,186.0,345.0,28.0,126.0,1.0,0,1.0
390,2,-129.0,344.0,221.0,139.0,1.0,3,0.416
390,3,856.0,431.0,54.0,143.0,1.0,0,0.762
390,5,189.0,345.0,28.0,126.0,1.0,0,1.0
391,2,-131.0,344.0,221.0,139.0,1.0,3,0.407
391,3,858.0,431.0,54.0,143.0,1.0,0,0.762
391,5,193.0,344.0,28.0,126.0,1.0,0,1.0
392,2,-134.0,344.0,221.0,139.0,1.0,3,0.394
392,3,860.0,431.0,54.0,143.0,1.0,0,0.762
392,5,196.0,344.0,28.0,126.0,1.0,0,1.0
393,2,-137.0,344.0,221.0,139.0,1.0,3,0.38
393,3,863.0,431.0,54.0,143.0,1.0,0,0.762
393,5,200.0,344.0,28.0,126.0,1.0,0,1.0
394,2,-140.0,344.0,221.0,139.0,1.0,3,0.367
394,3,865.0,431.0,54.0,143.0,1.0,0,0.762
394,5,203.0,344.0,28.0,126.0,1.0,0,1.0
395,2,-142.0,344.0,221.0,139.0,1.0,3,0.357
395,3,867.0,431.0,54.0,143.0,1.0,0,0.762
395,5,207.0,344.0,28.0,126.0,1.0,0,1.0
396,2,-145.0,344.0,221.0,139.0,1.0,3,0.344
396,3,870.0,431.0,54.0,143.0,1.0,0,0.762
396,5,210.0,343.0,28.0,126.0,1.0,0,1.0
397,2,-148.0,344.0,221.0,139.0,1.0,3,0.33
397,3,872.0,431.0,54.0,143.0,1.0,0,0.762
397,5,214.0,343.0,28.0,126.0,1.0,0,1.0
398,2,-151.0,344.0,221.0,139.0,1.0,3,0.317
398,3,874.0,431.0,54.0,143.0,1.0,0,0.762
398,5,217.0,343.0,28.0,126.0,1.0,0,1.0
399,2,-153.0,344.0,221.0,139.0,1.0,3,0.308
399,3,877.0,431.0,55.0,144.0,1.0,0,0.757
399,5,221.0,343.0,28.0,126.0,1.0,0,1.0
400,2,-156.0,345.0,221.0,139.0,1.0,3,0.294
400,3,879.0,431.0,55.0,144.0,1.0,0,0.757
400,5,224.0,343.0,28.0,126.0,1.0,0,1.0
401,2,-159.0,345.0,221.0,139.0,1.0,3,0.281
401,3,881.0,431.0,55.0,144.0,1.0,0,0.757
401,5,228.0,343.0,28.0,126.0,1.0,0,1.0
402,2,-162.0,345.0,221.0,139.0,1.0,3,0.267
402,3,884.0,431.0,55.0,144.0,1.0,0,0.757
402,5,231.0,342.0,28.0,126.0,1.0,0,1.0
403,2,-164.0,345.0,221.0,139.0,1.0,3,0.258
403,3,886.0,431.0,55.0,144.0,1.0,0,0.757
403,5,235.0,342.0,28.0,126.0,1.0,0,1.0
404,2,-167.0,345.0,221.0,139.0,1.0,3,0.244
404,3,888.0,431.0,55.0,144.0,1.0,0,0.757
404,5,238.0,342.0,28.0,126.0,1.0,0,1.0
405,2,-170.0,345.0,221.0,139.0,1.0,3,0.231
405,3,890.0,432.0,55.0,144.0,1.0,0,0.75
405,5,242.0,342.0,28.0,126.0,1.0,0,1.0
406,2,-173.0,345.0,221.0,139.0,1.0,3,0.217
406,3,893.0,432.0,55.0,144.0,1.0,0,0.75
406,5,245.0,342.0,28.0,126.0,1.0,0,1.0
407,2,-175.0,345.0,221.0,139.0,1.0,3,0.208
407,3,895.0,432.0,55.0,144.0,1.0,0,0.75
407,5,249.0,342.0,28.0,126.0,1.0,0,1.0
408,2,-178.0,345.0,221.0,139.0,1.0,3,0.195
408,3,897.0,432.0,55.0,144.0,1.0,0,0.75
408,5,252.0,341.0,28.0,126.0,1.0,0,1.0
409,2,-181.0,345.0,221.0,139.0,1.0,3,0.181
409,3,900.0,432.0,55.0,144.0,1.0,0,0.75
409,5,256.0,341.0,28.0,126.0,1.0,0,1.0
410,2,-184.0,345.0,221.0,139.0,1.0,3,0.167
410,3,902.0,432.0,55.0,144.0,1.0,0,0.75
410,5,259.0,341.0,28.0,126.0,1.0,0,1.0
411,2,-186.0,346.0,221.0,139.0,1.0,3,0.158
411,3,904.0,432.0,55.0,144.0,1.0,0,0.75
411,5,263.0,341.0,28.0,126.0,1.0,0,1.0
412,2,-189.0,346.0,221.0,139.0,1.0,3,0.145
412,3,907.0,432.0,55.0,144.0,1.0,0,0.723
412,5,266.0,341.0,28.0,126.0,1.0,0,1.0
413,2,-192.0,346.0,221.0,139.0,1.0,3,0.131
413,3,909.0,432.0,55.0,144.0,1.0,0,0.695
413,5,270.0,341.0,28.0,126.0,1.0,0,1.0
414,2,-195.0,346.0,221.0,139.0,1.0,3,0.118
414,3,911.0,432.0,55.0,145.0,1.0,0,0.664
414,5,273.0,340.0,28.0,126.0,1.0,0,1.0
415,2,-197.0,346.0,221.0,139.0,1.0,3,0.109
415,3,914.0,432.0,55.0,145.0,1.0,0,0.623
415,5,277.0,340.0,28.0,126.0,1.0,0,1.0
416,2,-200.0,346.0,221.0,139.0,1.0,3,0.095
416,3,916.0,432.0,55.0,145.0,1.0,0,0.596
416,5,280.0,340.0,28.0,126.0,1.0,0,1.0
417,2,-203.0,346.0,221.0,139.0,1.0,3,0.081
417,3,918.0,432.0,55.0,145.0,1.0,0,0.569
417,5,284.0,340.0,28.0,126.0,1.0,0,1.0
418,2,-206.0,346.0,221.0,139.0,1.0,3,0.068
418,3,921.0,432.0,55.0,145.0,1.0,0,0.528
418,5,287.0,340.0,28.0,126.0,1.0,0,1.0
419,2,-208.0,346.0,221.0,139.0,1.0,3,0.059
419,3,923.0,432.0,55.0,145.0,1.0,0,0.501
419,5,291.0,340.0,28.0,126.0,1.0,0,1.0
420,2,-211.0,346.0,221.0,139.0,1.0,3,0.045
420,3,925.0,432.0,55.0,145.0,1.0,0,0.474
420,5,294.0,339.0,28.0,126.0,1.0,0,1.0
421,2,-214.0,347.0,221.0,139.0,1.0,3,0.032
421,3,928.0,432.0,55.0,145.0,1.0,0,0.433
421,5,298.0,339.0,28.0,126.0,1.0,0,1.0
422,2,-216.0,347.0,221.0,139.0,1.0,3,0.023
422,3,930.0,432.0,55.0,145.0,1.0,0,0.406
422,4,959.0,285.0,221.0,139.0,1.0,3,0.005
422,5,301.0,339.0,28.0,126.0,1.0,0,1.0
423,2,-219.0,347.0,221.0,139.0,1.0,3,0.009
423,3,932.0,432.0,55.0,145.0,1.0,0,0.379
423,4,956.0,285.0,221.0,139.0,1.0,3,0.018
423,5,305.0,339.0,28.0,126.0,1.0,0,1.0
424,3,935.0,432.0,55.0,145.0,1.0,0,0.339
424,4,952.0,285.0,221.0,139.0,1.0,3,0.036
424,5,308.0,339.0,28.0,126.0,1.0,0,1.0
425,3,937.0,432.0,55.0,145.0,1.0,0,0.311
425,4,949.0,285.0,221.0,139.0,1.0,3,0.05
425,5,312.0,338.0,28.0,126.0,1.0,0,1.0
426,3,939.0,432.0,55.0,145.0,1.0,0,0.284
426,4,946.0,285.0,221.0,139.0,1.0,3,0.063
426,5,315.0,338.0,28.0,126.0,1.0,0,1.0
427,3,942.0,432.0,55.0,145.0,1.0,0,0.244
427,4,942.0,285.0,221.0,139.0,1.0,3,0.081
427,5,319.0,338.0,28.0,126.0,1.0,0,1.0
428,3,944.0,432.0,56.0,146.0,1.0,0,0.211
428,4,939.0,284.0,221.0,139.0,1.0,3,0.095
428,5,322.0,338.0,28.0,126.0,1.0,0,1.0
429,3,946.0,432.0,56.0,146.0,1.0,0,0.185
429,4,935.0,284.0,221.0,139.0,1.0,3,0.113
429,5,326.0,338.0,28.0,126.0,1.0,0,1.0
430,3,948.0,432.0,56.0,146.0,1.0,0,0.159
430,4,932.0,284.0,221.0,139.0,1.0,3,0.127
430,5,329.0,338.0,28.0,126.0,1.0,0,1.0
431,3,951.0,432.0,56.0,146.0,1.0,0,0.119
431,4,929.0,284.0,221.0,139.0,1.0,3,0.14
431,5,333.0,337.0,28.0,126.0,1.0,0,1.0
432,3,953.0,433.0,56.0,146.0,1.0,0,0.092
432,4,925.0,284.0,221.0,139.0,1.0,3,0.158
432,5,336.0,337.0,28.0,126.0,1.0,0,1.0
433,3,955.0,433.0,56.0,146.0,1.0,0,0.065
433,4,922.0,284.0,221.0,139.0,1.0,3,0.172
433,5,340.0,337.0,28.0,126.0,1.0,0,1.0
434,3,958.0,433.0,56.0,146.0,1.0,0,0.026
434,4,918.0,284.0,221.0,139.0,1.0,3,0.19
434,5,343.0,337.0,28.0,126.0,1.0,0,1.0
435,4,915.0,284.0,221.0,139.0,1.0,3,0.204
435,5,347.0,337.0,28.0,126.0,1.0,0,1.0
436,1,-54.0,276.0,57.0,150.0,1.0,0,0.053
436,4,912.0,284.0,221.0,139.0,1.0,3,0.217
436,5,350.0,337.0,28.0,126.0,1.0,0,1.0
437,1,-51.0,276.0,57.0,150.0,1.0,0,0.105
437,4,908.0,283.0,221.0,139.0,1.0,3,0.235
437,5,354.0,336.0,28.0,126.0,1.0,0,1.0
438,1,-49.0,276.0,57.0,150.0,1.0,0,0.14
438,4,905.0,283.0,221.0,139.0,1.0,3,0.249
438,5,357.0,336.0,28.0,126.0,1.0,0,1.0
439,1,-46.0,276.0,57.0,150.0,1.0,0,0.193
439,4,901.0,283.0,221.0,139.0,1.0,3,0.267
439,5,361.0,336.0,28.0,126.0,1.0,0,1.0
440,1,-43.0,276.0,57.0,150.0,1.0,0,0.246
440,4,898.0,283.0,221.0,139.0,1.0,3,0.281
440,5,364.0,336.0,28.0,126.0,1.0,0,1.0
441,1,-41.0,276.0,58.0,151.0,1.0,0,0.293
441,4,895.0,283.0,221.0,139.0,1.0,3,0.294
441,5,368.0,336.0,28.0,126.0,1.0,0,1.0
442,1,-38.0,276.0,58.0,151.0,1.0,0,0.345
442,4,891.0,283.0,221.0,139.0,1.0,3,0.312
442,5,371.0,336.0,28.0,126.0,1.0,0,1.0
443,1,-35.0,276.0,58.0,151.0,1.0,0,0.397
443,4,888.0,283.0,221.0,139.0,1.0,3,0.326
443,5,375.0,335.0,28.0,126.0,1.0,0,1.0
444,1,-33.0,276.0,58.0,151.0,1.0,0,0.431
444,4,884.0,283.0,221.0,139.0,1.0,3,0.344
444,5,378.0,335.0,28.0,126.0,1.0,0,1.0
445,1,-30.0,276.0,58.0,151.0,1.0,0,0.483
445,4,881.0,282.0,221.0,139.0,1.0,3,0.357
445,5,382.0,335.0,28.0,126.0,1.0,0,1.0
446,1,-27.0,276.0,58.0,151.0,1.0,0,0.534
446,4,878.0,282.0,221.0,139.0,1.0,3,0.371
446,5,385.0,335.0,28.0,126.0,1.0,0,1.0
447,1,-25.0,276.0,58.0,151.0,1.0,0,0.569
447,4,874.0,282.0,221.0,139.0,1.0,3,0.389
447,5,389.0,335.0,28.0,126.0,1.0,0,1.0
448,1,-22.0,275.0,58.0,151.0,1.0,0,0.621
448,4,871.0,282.0,221.0,139.0,1.0,3,0.403
448,5,392.0,334.0,28.0,126.0,1.0,0,1.0
449,1,-19.0,275.0,58.0,151.0,1.0,0,0.672
449,4,868.0,282.0,221.0,139.0,1.0,3,0.416
449,5,396.0,334.0,28.0,126.0,1.0,0,1.0
450,1,-17.0,275.0,58.0,151.0,1.0,0,0.707
450,4,864.0,282.0,221.0,139.0,1.0,3,0.434
450,5,399.0,334.0,28.0,126.0,1.0,0,1.0
