1,1,26.0,233.0,273.0,143.0,1.0,0,0.977
1,3,15.0,312.0,25.0,113.0,1.0,0,1.0
1,4,842.0,231.0,178.0,112.0,1.0,3,0.663
2,1,28.0,233.0,273.0,143.0,1.0,0,0.979
2,3,16.0,312.0,25.0,113.0,1.0,0,1.0
2,4,836.0,231.0,178.0,112.0,1.0,3,0.697
3,1,30.0,232.0,273.0,143.0,1.0,0,0.979
3,3,18.0,312.0,25.0,113.0,1.0,0,1.0
3,4,832.0,231.0,178.0,112.0,1.0,3,0.719
4,1,31.0,232.0,273.0,143.0,1.0,0,0.977
4,3,20.0,312.0,25.0,113.0,1.0,0,1.0
4,4,826.0,231.0,178.0,112.0,1.0,3,0.753
5,1,33.0,232.0,273.0,143.0,1.0,0,0.977
5,3,22.0,312.0,25.0,113.0,1.0,0,1.0
5,4,822.0,231.0,178.0,112.0,1.0,3,0.775
6,1,34.0,232.0,273.0,143.0,1.0,0,0.976
6,3,24.0,312.0,25.0,113.0,1.0,0,1.0
6,4,817.0,232.0,178.0,112.0,1.0,3,0.803
7,1,35.0,232.0,273.0,143.0,1.0,0,0.976
7,2,959.0,303.0,252.0,159.0,1.0,3,0.004
7,3,25.0,312.0,25.0,113.0,1.0,0,1.0
7,4,811.0,232.0,178.0,112.0,1.0,3,0.835
8,1,37.0,232.0,273.0,143.0,1.0,0,0.974
8,2,956.0,303.0,252.0,159.0,1.0,3,0.016
8,3,28.0,312.0,25.0,113.0,1.0,0,1.0
8,4,807.0,232.0,178.0,112.0,1.0,3,0.851
9,1,38.0,231.0,273.0,143.0,1.0,0,0.975
9,2,952.0,302.0,252.0,159.0,1.0,3,0.032
9,3,29.0,312.0,25.0,113.0,1.0,0,1.0
9,4,801.0,232.0,178.0,112.0,1.0,3,0.876
10,1,40.0,231.0,273.0,143.0,1.0,0,0.975
10,2,948.0,302.0,252.0,159.0,1.0,3,0.048
10,3,31.0,312.0,25.0,113.0,1.0,0,1.0
10,4,797.0,232.0,178.0,112.0,1.0,3,0.89
11,1,41.0,231.0,273.0,143.0,1.0,0,0.973
11,2,944.0,302.0,252.0,159.0,1.0,3,0.063
11,3,33.0,312.0,25.0,113.0,1.0,0,1.0
11,4,792.0,232.0,179.0,113.0,1.0,3,0.905
12,1,43.0,231.0,273.0,143.0,1.0,0,0.974
12,2,940.0,302.0,252.0,159.0,1.0,3,0.079
12,3,34.0,311.0,25.0,113.0,1.0,0,1.0
12,4,786.0,233.0,179.0,113.0,1.0,3,0.929
13,1,45.0,231.0,273.0,143.0,1.0,0,0.973
13,2,936.0,302.0,252.0,159.0,1.0,3,0.095
13,3,37.0,311.0,25.0,113.0,1.0,0,1.0
13,4,782.0,233.0,179.0,113.0,1.0,3,0.942
14,1,46.0,231.0,273.0,143.0,1.0,0,0.973
14,2,932.0,302.0,252.0,159.0,1.0,3,0.111
14,3,38.0,311.0,25.0,113.0,1.0,0,1.0
14,4,776.0,233.0,179.0,113.0,1.0,3,0.95
15,1,48.0,230.0,273.0,143.0,1.0,0,0.971
15,2,929.0,301.0,252.0,159.0,1.0,3,0.123
15,3,41.0,311.0,25.0,113.0,1.0,0,1.0
15,4,772.0,233.0,179.0,113.0,1.0,3,0.951
16,1,49.0,230.0,273.0,143.0,1.0,0,0.971
16,2,924.0,301.0,254.0,160.0,1.0,3,0.142
16,3,42.0,311.0,25.0,113.0,1.0,0,1.0
16,4,767.0,233.0,179.0,113.0,1.0,3,0.951
17,1,50.0,230.0,273.0,143.0,1.0,0,0.971
17,2,920.0,301.0,254.0,160.0,1.0,3,0.157
17,3,43.0,311.0,25.0,113.0,1.0,0,1.0
17,4,761.0,233.0,179.0,113.0,1.0,3,0.956
18,1,52.0,230.0,273.0,143.0,1.0,0,0.97
18,2,917.0,301.0,254.0,160.0,1.0,3,0.169
18,3,46.0,311.0,25.0,113.0,1.0,0,1.0
18,4,757.0,234.0,179.0,113.0,1.0,3,0.957
19,1,53.0,230.0,273.0,143.0,1.0,0,0.97
19,2,912.0,301.0,254.0,160.0,1.0,3,0.189
19,3,47.0,311.0,25.0,113.0,1.0,0,1.0
19,4,751.0,234.0,179.0,113.0,1.0,3,0.959
20,1,55.0,229.0,273.0,143.0,1.0,0,0.969
20,2,909.0,300.0,254.0,160.0,1.0,3,0.201
20,3,50.0,311.0,25.0,113.0,1.0,0,1.0
20,4,747.0,234.0,179.0,113.0,1.0,3,0.96
21,1,56.0,229.0,273.0,143.0,1.0,0,0.969
21,2,905.0,300.0,254.0,160.0,1.0,3,0.217
21,3,51.0,311.0,25.0,113.0,1.0,0,1.0
21,4,742.0,234.0,179.0,113.0,1.0,3,0.963
22,1,58.0,229.0,273.0,143.0,1.0,0,0.97
22,2,900.0,300.0,254.0,160.0,1.0,3,0.236
22,3,52.0,311.0,25.0,113.0,1.0,0,1.0
22,4,736.0,234.0,179.0,113.0,1.0,3,0.965
23,1,60.0,229.0,273.0,143.0,1.0,0,0.968
23,2,897.0,300.0,254.0,160.0,1.0,3,0.248
23,3,55.0,310.0,25.0,113.0,1.0,0,1.0
23,4,732.0,234.0,179.0,113.0,1.0,3,0.967
24,1,61.0,229.0,273.0,143.0,1.0,0,0.968
24,2,893.0,300.0,254.0,160.0,1.0,3,0.264
24,3,56.0,310.0,25.0,113.0,1.0,0,1.0
24,4,726.0,234.0,179.0,113.0,1.0,3,0.972
25,1,63.0,229.0,273.0,143.0,1.0,0,0.967
25,2,889.0,300.0,254.0,160.0,1.0,3,0.28
25,3,59.0,310.0,25.0,113.0,1.0,0,1.0
25,4,722.0,235.0,179.0,113.0,1.0,3,0.972
26,1,64.0,228.0,273.0,143.0,1.0,0,0.967
26,2,885.0,299.0,254.0,160.0,1.0,3,0.295
26,3,60.0,310.0,25.0,113.0,1.0,0,1.0
26,4,717.0,235.0,179.0,113.0,1.0,3,0.973
27,1,65.0,228.0,273.0,143.0,1.0,0,0.966
27,2,881.0,299.0,254.0,160.0,1.0,3,0.311
27,3,62.0,310.0,25.0,113.0,1.0,0,1.0
27,4,711.0,235.0,179.0,113.0,1.0,3,0.978
28,1,67.0,228.0,273.0,143.0,1.0,0,0.966
28,2,877.0,299.0,254.0,160.0,1.0,3,0.327
28,3,64.0,310.0,25.0,113.0,1.0,0,1.0
28,4,707.0,235.0,179.0,113.0,1.0,3,0.978
29,1,68.0,228.0,273.0,143.0,1.0,0,0.966
29,2,873.0,299.0,256.0,161.0,1.0,3,0.34
29,3,65.0,310.0,25.0,113.0,1.0,0,1.0
29,4,701.0,235.0,179.0,113.0,1.0,3,0.983
30,1,70.0,228.0,273.0,143.0,1.0,0,0.964
30,2,870.0,299.0,256.0,161.0,1.0,3,0.352
30,3,68.0,310.0,25.0,113.0,1.0,0,1.0
30,4,697.0,235.0,179.0,113.0,1.0,3,0.985
31,1,72.0,227.0,273.0,143.0,1.0,0,0.966
31,2,865.0,299.0,256.0,161.0,1.0,3,0.371
31,3,69.0,310.0,25.0,113.0,1.0,0,1.0
31,4,692.0,236.0,181.0,114.0,1.0,3,0.98
32,1,73.0,227.0,273.0,143.0,1.0,0,0.965
32,2,861.0,298.0,256.0,161.0,1.0,3,0.387
32,3,71.0,310.0,25.0,113.0,1.0,0,1.0
32,4,686.0,236.0,181.0,114.0,1.0,3,0.985
33,1,75.0,227.0,271.0,142.0,1.0,0,0.964
33,2,857.0,298.0,256.0,161.0,1.0,3,0.402
33,3,73.0,309.0,25.0,113.0,1.0,0,1.0
33,4,682.0,236.0,181.0,114.0,1.0,3,0.985
34,1,76.0,227.0,271.0,142.0,1.0,0,0.963
34,2,853.0,298.0,256.0,161.0,1.0,3,0.418
34,3,75.0,309.0,25.0,113.0,1.0,0,1.0
34,4,676.0,236.0,181.0,114.0,1.0,3,0.99
35,1,78.0,227.0,271.0,142.0,1.0,0,0.963
35,2,850.0,298.0,256.0,161.0,1.0,3,0.43
35,3,77.0,309.0,25.0,113.0,1.0,0,1.0
35,4,672.0,236.0,181.0,114.0,1.0,3,0.992
36,1,79.0,227.0,271.0,142.0,1.0,0,0.963
36,2,845.0,298.0,256.0,161.0,1.0,3,0.449
36,3,78.0,309.0,25.0,113.0,1.0,0,1.0
36,4,667.0,236.0,181.0,114.0,1.0,3,0.992
37,1,80.0,226.0,271.0,142.0,1.0,0,0.962
37,2,841.0,298.0,256.0,161.0,1.0,3,0.465
37,3,80.0,309.0,25.0,113.0,1.0,0,1.0
37,4,661.0,237.0,181.0,114.0,1.0,3,0.997
38,1,82.0,226.0,271.0,142.0,1.0,0,0.962
38,2,838.0,297.0,256.0,161.0,1.0,3,0.477
38,3,82.0,309.0,25.0,113.0,1.0,0,1.0
38,4,657.0,237.0,181.0,114.0,1.0,3,1.0
39,1,83.0,226.0,271.0,142.0,1.0,0,0.962
39,2,833.0,297.0,256.0,161.0,1.0,3,0.496
39,3,84.0,309.0,25.0,113.0,1.0,0,1.0
39,4,651.0,237.0,181.0,114.0,1.0,3,1.0
40,1,85.0,226.0,271.0,142.0,1.0,0,0.962
40,2,830.0,297.0,256.0,161.0,1.0,3,0.508
40,3,86.0,309.0,25.0,113.0,1.0,0,1.0
40,4,647.0,237.0,181.0,114.0,1.0,3,1.0
41,1,87.0,226.0,271.0,142.0,1.0,0,0.962
41,2,826.0,297.0,257.0,162.0,1.0,3,0.521
41,3,87.0,309.0,25.0,113.0,1.0,0,1.0
41,4,642.0,237.0,181.0,114.0,1.0,3,1.0
42,1,88.0,226.0,271.0,142.0,1.0,0,0.962
42,2,821.0,297.0,257.0,162.0,1.0,3,0.541
42,3,89.0,309.0,25.0,113.0,1.0,0,1.0
42,4,636.0,237.0,181.0,114.0,1.0,3,1.0
43,1,90.0,225.0,271.0,142.0,1.0,0,0.962
43,2,818.0,297.0,257.0,162.0,1.0,3,0.553
43,3,91.0,309.0,25.0,113.0,1.0,0,1.0
43,4,632.0,237.0,181.0,114.0,1.0,3,1.0
44,1,91.0,225.0,271.0,142.0,1.0,0,0.962
44,2,814.0,296.0,257.0,162.0,1.0,3,0.568
44,3,93.0,308.0,25.0,113.0,1.0,0,1.0
44,4,626.0,238.0,181.0,114.0,1.0,3,1.0
45,1,93.0,225.0,271.0,142.0,1.0,0,0.962
45,2,810.0,296.0,257.0,162.0,1.0,3,0.584
45,3,95.0,308.0,25.0,113.0,1.0,0,1.0
45,4,622.0,238.0,181.0,114.0,1.0,3,1.0
46,1,94.0,225.0,271.0,142.0,1.0,0,0.962
46,2,806.0,296.0,257.0,162.0,1.0,3,0.599
46,3,97.0,308.0,25.0,113.0,1.0,0,1.0
46,4,617.0,238.0,181.0,114.0,1.0,3,1.0
47,1,95.0,225.0,271.0,142.0,1.0,0,0.962
47,2,802.0,296.0,257.0,162.0,1.0,3,0.615
47,3,98.0,308.0,25.0,113.0,1.0,0,1.0
47,4,611.0,238.0,181.0,114.0,1.0,3,1.0
48,1,97.0,224.0,271.0,142.0,1.0,0,0.962
48,2,798.0,296.0,257.0,162.0,1.0,3,0.63
48,3,100.0,308.0,25.0,113.0,1.0,0,1.0
48,4,607.0,238.0,181.0,114.0,1.0,3,1.0
49,1,98.0,224.0,271.0,142.0,1.0,0,0.962
49,2,794.0,295.0,257.0,162.0,1.0,3,0.646
49,3,102.0,308.0,25.0,113.0,1.0,0,1.0
49,4,601.0,238.0,181.0,114.0,1.0,3,1.0
50,1,100.0,224.0,271.0,142.0,1.0,0,0.962
50,2,791.0,295.0,257.0,162.0,1.0,3,0.658
50,3,104.0,308.0,25.0,113.0,1.0,0,1.0
50,4,597.0,239.0,183.0,115.0,1.0,3,1.0
51,1,102.0,224.0,271.0,142.0,1.0,0,0.962
51,2,786.0,295.0,257.0,162.0,1.0,3,0.677
51,3,106.0,308.0,25.0,113.0,1.0,0,1.0
51,4,592.0,239.0,183.0,115.0,1.0,3,1.0
52,1,103.0,224.0,271.0,142.0,1.0,0,0.962
52,2,782.0,295.0,257.0,162.0,1.0,3,0.693
52,3,107.0,308.0,25.0,113.0,1.0,0,1.0
52,4,586.0,239.0,183.0,115.0,1.0,3,1.0
53,1,105.0,224.0,271.0,142.0,1.0,0,0.962
53,2,779.0,295.0,257.0,162.0,1.0,3,0.704
53,3,110.0,308.0,25.0,113.0,1.0,0,1.0
53,4,582.0,239.0,183.0,115.0,1.0,3,1.0
54,1,106.0,223.0,271.0,142.0,1.0,0,0.963
54,2,774.0,295.0,259.0,163.0,1.0,3,0.718
54,3,111.0,308.0,25.0,113.0,1.0,0,1.0
54,4,576.0,239.0,183.0,115.0,1.0,3,1.0
55,1,108.0,223.0,271.0,142.0,1.0,0,0.962
55,2,771.0,294.0,259.0,163.0,1.0,3,0.73
55,3,113.0,307.0,25.0,113.0,1.0,0,1.0
55,4,572.0,239.0,183.0,115.0,1.0,3,1.0
56,1,109.0,223.0,271.0,142.0,1.0,0,0.962
56,2,767.0,294.0,259.0,163.0,1.0,3,0.745
56,3,115.0,307.0,25.0,113.0,1.0,0,1.0
56,4,567.0,239.0,183.0,115.0,1.0,3,1.0
57,1,110.0,223.0,271.0,142.0,1.0,0,0.962
57,2,762.0,294.0,259.0,163.0,1.0,3,0.764
57,3,116.0,307.0,25.0,113.0,1.0,0,1.0
57,4,561.0,240.0,183.0,115.0,1.0,3,1.0
58,1,112.0,223.0,271.0,142.0,1.0,0,0.962
58,2,759.0,294.0,259.0,163.0,1.0,3,0.776
58,3,119.0,307.0,25.0,113.0,1.0,0,1.0
58,4,557.0,240.0,183.0,115.0,1.0,3,1.0
59,1,113.0,222.0,271.0,142.0,1.0,0,0.963
59,2,755.0,294.0,259.0,163.0,1.0,3,0.792
59,3,120.0,307.0,25.0,113.0,1.0,0,1.0
59,4,551.0,240.0,183.0,115.0,1.0,3,1.0
60,1,115.0,222.0,271.0,142.0,1.0,0,0.963
60,2,751.0,294.0,259.0,163.0,1.0,3,0.807
60,3,122.0,307.0,25.0,113.0,1.0,0,1.0
60,4,547.0,240.0,183.0,115.0,1.0,3,1.0
61,1,117.0,222.0,271.0,142.0,1.0,0,0.963
61,2,747.0,293.0,259.0,163.0,1.0,3,0.822
61,3,124.0,307.0,25.0,113.0,1.0,0,1.0
61,4,542.0,240.0,183.0,115.0,1.0,3,1.0
62,1,118.0,222.0,271.0,142.0,1.0,0,0.963
62,2,742.0,293.0,259.0,163.0,1.0,3,0.842
62,3,125.0,307.0,25.0,113.0,1.0,0,1.0
62,4,536.0,240.0,183.0,115.0,1.0,3,1.0
63,1,120.0,222.0,271.0,142.0,1.0,0,0.963
63,2,739.0,293.0,259.0,163.0,1.0,3,0.853
63,3,128.0,307.0,25.0,113.0,1.0,0,1.0
63,4,532.0,241.0,183.0,115.0,1.0,3,1.0
64,1,121.0,222.0,271.0,142.0,1.0,0,0.963
64,2,735.0,293.0,259.0,163.0,1.0,3,0.869
64,3,129.0,307.0,25.0,113.0,1.0,0,1.0
64,4,526.0,241.0,183.0,115.0,1.0,3,1.0
65,1,123.0,221.0,271.0,142.0,1.0,0,0.963
65,2,731.0,293.0,259.0,163.0,1.0,3,0.884
65,3,132.0,306.0,25.0,113.0,1.0,0,1.0
65,4,522.0,241.0,183.0,115.0,1.0,3,1.0
66,1,124.0,221.0,271.0,142.0,1.0,0,0.963
66,2,727.0,293.0,260.0,164.0,1.0,3,0.896
66,3,133.0,306.0,25.0,113.0,1.0,0,1.0
66,4,517.0,241.0,183.0,115.0,1.0,3,1.0
67,1,125.0,221.0,271.0,142.0,1.0,0,0.963
67,2,723.0,292.0,260.0,164.0,1.0,3,0.912
67,3,134.0,306.0,25.0,113.0,1.0,0,1.0
67,4,511.0,241.0,183.0,115.0,1.0,3,1.0
68,1,127.0,221.0,271.0,142.0,1.0,0,0.963
68,2,719.0,292.0,260.0,164.0,1.0,3,0.927
68,3,137.0,306.0,25.0,113.0,1.0,0,1.0
68,4,507.0,241.0,183.0,115.0,1.0,3,1.0
69,1,128.0,221.0,271.0,142.0,1.0,0,0.963
69,2,715.0,292.0,260.0,164.0,1.0,3,0.942
69,3,138.0,306.0,25.0,113.0,1.0,0,1.0
69,4,501.0,242.0,183.0,115.0,1.0,3,1.0
70,1,131.0,221.0,271.0,142.0,1.0,0,0.963
70,2,712.0,292.0,260.0,164.0,1.0,3,0.954
70,3,141.0,306.0,25.0,113.0,1.0,0,1.0
70,4,497.0,242.0,184.0,116.0,1.0,3,1.0
71,1,132.0,220.0,271.0,142.0,1.0,0,0.964
71,2,707.0,292.0,260.0,164.0,1.0,3,0.973
71,3,142.0,306.0,25.0,113.0,1.0,0,1.0
71,4,492.0,242.0,184.0,116.0,1.0,3,1.0
72,1,133.0,220.0,271.0,142.0,1.0,0,0.964
72,2,703.0,291.0,260.0,164.0,1.0,3,0.988
72,3,144.0,306.0,25.0,113.0,1.0,0,1.0
72,4,486.0,242.0,184.0,116.0,1.0,3,1.0
73,1,135.0,220.0,269.0,141.0,1.0,0,0.964
73,2,700.0,291.0,260.0,164.0,1.0,3,1.0
73,3,146.0,306.0,25.0,113.0,1.0,0,1.0
73,4,482.0,242.0,184.0,116.0,1.0,3,1.0
74,1,136.0,220.0,269.0,141.0,1.0,0,0.964
74,2,695.0,291.0,260.0,164.0,1.0,3,1.0
74,3,147.0,306.0,25.0,113.0,1.0,0,1.0
74,4,476.0,242.0,184.0,116.0,1.0,3,1.0
75,1,138.0,220.0,269.0,141.0,1.0,0,0.964
75,2,692.0,291.0,260.0,164.0,1.0,3,1.0
75,3,150.0,306.0,25.0,113.0,1.0,0,1.0
75,4,472.0,242.0,184.0,116.0,1.0,3,1.0
76,1,139.0,219.0,269.0,141.0,1.0,0,0.964
76,2,688.0,291.0,260.0,164.0,1.0,3,1.0
76,3,151.0,305.0,25.0,113.0,1.0,0,1.0
76,4,467.0,243.0,184.0,116.0,1.0,3,1.0
77,1,140.0,219.0,269.0,141.0,1.0,0,0.964
77,2,683.0,291.0,260.0,164.0,1.0,3,1.0
77,3,153.0,305.0,25.0,113.0,1.0,0,1.0
77,4,461.0,243.0,184.0,116.0,1.0,3,1.0
78,1,142.0,219.0,269.0,141.0,1.0,0,0.964
78,2,680.0,290.0,260.0,164.0,1.0,3,1.0
78,3,155.0,305.0,25.0,113.0,1.0,0,1.0
78,4,457.0,243.0,184.0,116.0,1.0,3,1.0
79,1,143.0,219.0,269.0,141.0,1.0,0,0.964
79,2,676.0,290.0,262.0,165.0,1.0,3,1.0
79,3,156.0,305.0,25.0,113.0,1.0,0,1.0
79,4,451.0,243.0,184.0,116.0,1.0,3,1.0
80,1,146.0,219.0,269.0,141.0,1.0,0,0.964
80,2,672.0,290.0,262.0,165.0,1.0,3,1.0
80,3,159.0,305.0,25.0,113.0,1.0,0,1.0
80,4,447.0,243.0,184.0,116.0,1.0,3,1.0
81,1,147.0,219.0,269.0,141.0,1.0,0,0.964
81,2,668.0,290.0,262.0,165.0,1.0,3,1.0
81,3,160.0,305.0,25.0,113.0,1.0,0,1.0
81,4,442.0,243.0,184.0,116.0,1.0,3,1.0
82,1,148.0,218.0,269.0,141.0,1.0,0,0.964
82,2,664.0,290.0,262.0,165.0,1.0,3,1.0
82,3,162.0,305.0,25.0,113.0,1.0,0,1.0
82,4,436.0,244.0,184.0,116.0,1.0,3,1.0
83,1,150.0,218.0,269.0,141.0,1.0,0,0.964
83,2,660.0,290.0,262.0,165.0,1.0,3,1.0
83,3,164.0,305.0,25.0,113.0,1.0,0,1.0
83,4,432.0,244.0,184.0,116.0,1.0,3,1.0
84,1,151.0,218.0,269.0,141.0,1.0,0,0.964
84,2,656.0,289.0,262.0,165.0,1.0,3,1.0
84,3,166.0,305.0,25.0,113.0,1.0,0,1.0
84,4,426.0,244.0,184.0,116.0,1.0,3,1.0
85,1,153.0,218.0,269.0,141.0,1.0,0,0.964
85,2,653.0,289.0,262.0,165.0,1.0,3,1.0
85,3,168.0,305.0,25.0,113.0,1.0,0,1.0
85,4,422.0,244.0,184.0,116.0,1.0,3,1.0
86,1,154.0,218.0,269.0,141.0,1.0,0,0.946
86,2,648.0,289.0,262.0,165.0,1.0,3,1.0
86,3,169.0,305.0,25.0,113.0,1.0,0,1.0
86,4,417.0,244.0,184.0,116.0,1.0,3,1.0
87,1,155.0,217.0,269.0,141.0,1.0,0,0.925
87,2,644.0,289.0,262.0,165.0,1.0,3,1.0
87,3,171.0,304.0,25.0,113.0,1.0,0,1.0
87,4,411.0,244.0,184.0,116.0,1.0,3,1.0
88,1,157.0,217.0,269.0,141.0,1.0,0,0.908
88,2,640.0,289.0,262.0,165.0,1.0,3,1.0
88,3,173.0,304.0,25.0,113.0,1.0,0,1.0
88,4,407.0,245.0,184.0,116.0,1.0,3,1.0
89,1,158.0,217.0,269.0,141.0,1.0,0,0.887
89,2,636.0,289.0,262.0,165.0,1.0,3,1.0
89,3,175.0,304.0,25.0,113.0,1.0,0,1.0
89,4,401.0,245.0,186.0,117.0,1.0,3,1.0
90,1,161.0,217.0,269.0,141.0,1.0,0,0.866
90,2,633.0,288.0,262.0,165.0,1.0,3,1.0
90,3,177.0,304.0,25.0,113.0,1.0,0,1.0
90,4,397.0,245.0,186.0,117.0,1.0,3,1.0
91,1,162.0,217.0,269.0,141.0,1.0,0,0.848
91,2,628.0,288.0,263.0,166.0,1.0,3,1.0
91,3,179.0,304.0,25.0,113.0,1.0,0,1.0
91,4,392.0,245.0,186.0,117.0,1.0,3,1.0
92,1,163.0,217.0,269.0,141.0,1.0,0,0.827
92,2,624.0,288.0,263.0,166.0,1.0,3,1.0
92,3,180.0,304.0,25.0,113.0,1.0,0,1.0
92,4,386.0,245.0,186.0,117.0,1.0,3,1.0
93,1,165.0,216.0,269.0,141.0,1.0,0,0.812
93,2,621.0,288.0,263.0,166.0,1.0,3,1.0
93,3,182.0,304.0,25.0,113.0,1.0,0,1.0
93,4,382.0,245.0,186.0,117.0,1.0,3,1.0
94,1,166.0,216.0,269.0,141.0,1.0,0,0.791
94,2,616.0,288.0,263.0,166.0,1.0,3,1.0
94,3,184.0,304.0,25.0,113.0,1.0,0,1.0
94,4,376.0,245.0,186.0,117.0,1.0,3,1.0
95,1,168.0,216.0,269.0,141.0,1.0,0,0.775
95,2,613.0,288.0,263.0,166.0,1.0,3,1.0
95,3,186.0,304.0,25.0,113.0,1.0,0,1.0
95,4,372.0,246.0,186.0,117.0,1.0,3,1.0
96,1,169.0,216.0,269.0,141.0,1.0,0,0.757
96,2,609.0,287.0,263.0,166.0,1.0,3,1.0
96,3,188.0,304.0,25.0,113.0,1.0,0,1.0
96,4,367.0,246.0,186.0,117.0,1.0,3,1.0
97,1,170.0,216.0,269.0,141.0,1.0,0,0.737
97,2,604.0,287.0,263.0,166.0,1.0,3,1.0
97,3,189.0,304.0,25.0,113.0,1.0,0,1.0
97,4,361.0,246.0,186.0,117.0,1.0,3,1.0
98,1,172.0,216.0,269.0,141.0,1.0,0,0.719
98,2,601.0,287.0,263.0,166.0,1.0,3,1.0
98,3,191.0,303.0,25.0,113.0,1.0,0,1.0
98,4,357.0,246.0,186.0,117.0,1.0,3,1.0
99,1,173.0,215.0,269.0,141.0,1.0,0,0.701
99,2,597.0,287.0,263.0,166.0,1.0,3,1.0
99,3,193.0,303.0,25.0,113.0,1.0,0,1.0
99,4,351.0,246.0,186.0,117.0,1.0,3,1.0
100,1,176.0,215.0,269.0,141.0,1.0,0,0.681
100,2,593.0,287.0,263.0,166.0,1.0,3,1.0
100,3,195.0,303.0,25.0,113.0,1.0,0,1.0
100,4,347.0,246.0,186.0,117.0,1.0,3,1.0
101,1,177.0,215.0,269.0,141.0,1.0,0,0.666
101,2,589.0,286.0,263.0,166.0,1.0,3,1.0
101,3,197.0,303.0,25.0,113.0,1.0,0,1.0
101,4,342.0,247.0,186.0,117.0,1.0,3,1.0
102,1,178.0,215.0,269.0,141.0,1.0,0,0.646
102,2,585.0,286.0,263.0,166.0,1.0,3,1.0
102,3,198.0,303.0,25.0,113.0,1.0,0,1.0
102,4,336.0,247.0,186.0,117.0,1.0,3,1.0
103,1,180.0,215.0,269.0,141.0,1.0,0,0.629
103,2,581.0,286.0,263.0,166.0,1.0,3,1.0
103,3,201.0,303.0,25.0,113.0,1.0,0,1.0
103,4,332.0,247.0,186.0,117.0,1.0,3,1.0
104,1,181.0,214.0,269.0,141.0,1.0,0,0.615
104,2,577.0,286.0,265.0,167.0,1.0,3,1.0
104,3,202.0,303.0,25.0,113.0,1.0,0,1.0
104,4,327.0,247.0,186.0,117.0,1.0,3,1.0
105,1,183.0,214.0,269.0,141.0,1.0,0,0.596
105,2,574.0,286.0,265.0,167.0,1.0,3,1.0
105,3,204.0,303.0,25.0,113.0,1.0,0,1.0
105,4,322.0,247.0,186.0,117.0,1.0,3,1.0
106,1,184.0,214.0,269.0,141.0,1.0,0,0.578
106,2,569.0,286.0,265.0,167.0,1.0,3,1.0
106,3,206.0,303.0,25.0,113.0,1.0,0,1.0
106,4,317.0,247.0,186.0,117.0,1.0,3,1.0
107,1,185.0,214.0,269.0,141.0,1.0,0,0.562
107,2,565.0,285.0,265.0,167.0,1.0,3,1.0
107,3,207.0,303.0,25.0,113.0,1.0,0,1.0
107,4,311.0,248.0,186.0,117.0,1.0,3,1.0
108,1,187.0,214.0,269.0,141.0,1.0,0,0.545
108,2,562.0,285.0,265.0,167.0,1.0,3,1.0
108,3,210.0,302.0,25.0,113.0,1.0,0,1.0
108,4,307.0,248.0,186.0,117.0,1.0,3,1.0
109,1,189.0,214.0,269.0,141.0,1.0,0,0.525
109,2,557.0,285.0,265.0,167.0,1.0,3,1.0
109,3,211.0,302.0,25.0,113.0,1.0,0,1.0
109,4,302.0,248.0,187.0,118.0,1.0,3,1.0
110,1,191.0,213.0,269.0,141.0,1.0,0,0.51
110,2,554.0,285.0,265.0,167.0,1.0,3,1.0
110,3,214.0,302.0,25.0,113.0,1.0,0,1.0
110,4,297.0,248.0,187.0,118.0,1.0,3,1.0
111,1,192.0,213.0,269.0,141.0,1.0,0,0.493
111,2,550.0,285.0,265.0,167.0,1.0,3,1.0
111,3,215.0,302.0,25.0,113.0,1.0,0,1.0
111,4,292.0,248.0,187.0,118.0,1.0,3,1.0
112,1,193.0,213.0,269.0,141.0,1.0,0,0.474
112,2,545.0,285.0,265.0,167.0,1.0,3,1.0
112,3,216.0,302.0,25.0,113.0,1.0,0,1.0
112,4,286.0,248.0,187.0,118.0,1.0,3,1.0
113,1,195.0,213.0,267.0,140.0,1.0,0,0.46
113,2,542.0,284.0,265.0,167.0,1.0,3,1.0
113,3,219.0,302.0,25.0,113.0,1.0,0,1.0
113,4,282.0,248.0,187.0,118.0,1.0,3,1.0
114,1,196.0,213.0,267.0,140.0,1.0,0,0.448
114,2,538.0,284.0,265.0,167.0,1.0,3,1.0
114,3,220.0,302.0,25.0,113.0,1.0,0,1.0
114,4,277.0,249.0,187.0,118.0,1.0,3,1.0
115,1,198.0,212.0,267.0,140.0,1.0,0,0.451
115,2,534.0,284.0,265.0,167.0,1.0,3,1.0
115,3,223.0,302.0,25.0,113.0,1.0,0,1.0
115,4,272.0,249.0,187.0,118.0,1.0,3,1.0
116,1,199.0,212.0,267.0,140.0,1.0,0,0.451
116,2,530.0,284.0,267.0,168.0,1.0,3,1.0
116,3,224.0,302.0,25.0,113.0,1.0,0,1.0
116,4,267.0,249.0,187.0,118.0,1.0,3,1.0
117,1,200.0,212.0,267.0,140.0,1.0,0,0.451
117,2,525.0,284.0,267.0,168.0,1.0,3,1.0
117,3,225.0,302.0,25.0,113.0,1.0,0,1.0
117,4,261.0,249.0,187.0,118.0,1.0,3,1.0
118,1,202.0,212.0,267.0,140.0,1.0,0,0.451
118,2,522.0,284.0,267.0,168.0,1.0,3,1.0
118,3,228.0,302.0,25.0,113.0,1.0,0,1.0
118,4,257.0,249.0,187.0,118.0,1.0,3,1.0
119,1,204.0,212.0,267.0,140.0,1.0,0,0.453
119,2,518.0,283.0,267.0,168.0,1.0,3,1.0
119,3,229.0,301.0,25.0,113.0,1.0,0,1.0
119,4,252.0,249.0,187.0,118.0,1.0,3,0.994
120,1,206.0,212.0,267.0,140.0,1.0,0,0.469
120,2,514.0,283.0,267.0,168.0,1.0,3,1.0
120,3,232.0,301.0,25.0,113.0,1.0,0,1.0
120,4,247.0,250.0,187.0,118.0,1.0,3,0.97
121,1,207.0,211.0,267.0,140.0,1.0,0,0.483
121,2,510.0,283.0,267.0,168.0,1.0,3,1.0
121,3,233.0,301.0,25.0,113.0,1.0,0,1.0
121,4,242.0,250.0,187.0,118.0,1.0,3,0.951
122,1,208.0,211.0,267.0,140.0,1.0,0,0.493
122,2,506.0,283.0,267.0,168.0,1.0,3,1.0
122,3,235.0,301.0,25.0,113.0,1.0,0,1.0
122,4,236.0,250.0,187.0,118.0,1.0,3,0.927
123,1,210.0,211.0,267.0,140.0,1.0,0,0.495
123,2,502.0,283.0,267.0,168.0,1.0,3,1.0
123,3,237.0,301.0,25.0,113.0,1.0,0,1.0
123,4,232.0,250.0,187.0,118.0,1.0,3,0.924
124,1,211.0,211.0,267.0,140.0,1.0,0,0.495
124,2,498.0,283.0,267.0,168.0,1.0,3,1.0
124,3,238.0,301.0,25.0,113.0,1.0,0,1.0
124,4,227.0,250.0,187.0,118.0,1.0,3,0.924
125,1,213.0,211.0,267.0,140.0,1.0,0,0.495
125,2,495.0,282.0,267.0,168.0,1.0,3,1.0
125,3,241.0,301.0,25.0,113.0,1.0,0,1.0
125,4,222.0,250.0,187.0,118.0,1.0,3,0.924
126,1,214.0,211.0,267.0,140.0,1.0,0,0.5
126,2,490.0,282.0,267.0,168.0,1.0,3,1.0
126,3,242.0,301.0,25.0,113.0,1.0,0,1.0
126,4,217.0,251.0,187.0,118.0,1.0,3,0.923
127,1,215.0,210.0,267.0,140.0,1.0,0,0.515
127,2,486.0,282.0,267.0,168.0,1.0,3,1.0
127,3,244.0,301.0,25.0,113.0,1.0,0,1.0
127,4,211.0,251.0,187.0,118.0,1.0,3,0.923
128,1,217.0,210.0,267.0,140.0,1.0,0,0.524
128,2,483.0,282.0,267.0,168.0,1.0,3,1.0
128,3,246.0,301.0,25.0,113.0,1.0,0,1.0
128,4,207.0,251.0,189.0,119.0,1.0,3,0.923
129,1,219.0,210.0,267.0,140.0,1.0,0,0.53
129,2,478.0,282.0,268.0,169.0,1.0,3,1.0
129,3,248.0,301.0,25.0,113.0,1.0,0,1.0
129,4,202.0,251.0,189.0,119.0,1.0,3,0.923
130,1,221.0,210.0,267.0,140.0,1.0,0,0.539
130,2,475.0,281.0,268.0,169.0,1.0,3,1.0
130,3,250.0,300.0,25.0,113.0,1.0,0,1.0
130,4,197.0,251.0,189.0,119.0,1.0,3,0.922
131,1,222.0,210.0,267.0,140.0,1.0,0,0.546
131,2,471.0,281.0,268.0,169.0,1.0,3,1.0
131,3,251.0,300.0,25.0,113.0,1.0,0,1.0
131,4,192.0,251.0,189.0,119.0,1.0,3,0.922
132,1,223.0,209.0,267.0,140.0,1.0,0,0.558
132,2,466.0,281.0,268.0,169.0,1.0,3,1.0
132,3,253.0,300.0,25.0,113.0,1.0,0,1.0
132,4,186.0,251.0,189.0,119.0,1.0,3,0.922
133,1,225.0,209.0,267.0,140.0,1.0,0,0.568
133,2,463.0,281.0,268.0,169.0,1.0,3,1.0
133,3,255.0,300.0,25.0,113.0,1.0,0,1.0
133,4,182.0,252.0,189.0,119.0,1.0,3,0.921
134,1,226.0,209.0,267.0,140.0,1.0,0,0.575
134,2,459.0,281.0,268.0,169.0,1.0,3,1.0
134,3,257.0,300.0,25.0,113.0,1.0,0,1.0
134,4,177.0,252.0,189.0,119.0,1.0,3,0.921
135,1,228.0,209.0,267.0,140.0,1.0,0,0.582
135,2,455.0,281.0,268.0,169.0,1.0,3,1.0
135,3,259.0,300.0,25.0,113.0,1.0,0,1.0
135,4,172.0,252.0,189.0,119.0,1.0,3,0.921
136,1,229.0,209.0,267.0,140.0,1.0,0,0.587
136,2,451.0,280.0,268.0,169.0,1.0,3,1.0
136,3,260.0,300.0,25.0,113.0,1.0,0,1.0
136,4,167.0,252.0,189.0,119.0,1.0,3,0.921
137,1,230.0,209.0,267.0,140.0,1.0,0,0.596
137,2,447.0,280.0,268.0,169.0,1.0,3,1.0
137,3,262.0,300.0,25.0,113.0,1.0,0,1.0
137,4,161.0,252.0,189.0,119.0,1.0,3,0.921
138,1,232.0,208.0,267.0,140.0,1.0,0,0.605
138,2,443.0,280.0,268.0,169.0,1.0,3,1.0
138,3,264.0,300.0,25.0,113.0,1.0,0,1.0
138,4,157.0,252.0,189.0,119.0,1.0,3,0.921
139,1,234.0,208.0,267.0,140.0,1.0,0,0.615
139,2,439.0,280.0,268.0,169.0,1.0,3,1.0
139,3,266.0,300.0,25.0,113.0,1.0,0,1.0
139,4,152.0,253.0,189.0,119.0,1.0,3,0.92
140,1,236.0,208.0,267.0,140.0,1.0,0,0.624
140,2,436.0,280.0,268.0,169.0,1.0,3,1.0
140,3,268.0,299.0,25.0,113.0,1.0,0,1.0
140,4,147.0,253.0,189.0,119.0,1.0,3,0.919
141,1,237.0,208.0,267.0,140.0,1.0,0,0.628
141,2,431.0,280.0,270.0,170.0,1.0,3,1.0
141,3,270.0,299.0,25.0,113.0,1.0,0,1.0
141,4,142.0,253.0,189.0,119.0,1.0,3,0.919
142,1,238.0,208.0,267.0,140.0,1.0,0,0.635
142,2,427.0,279.0,270.0,170.0,1.0,3,1.0
142,3,271.0,299.0,25.0,113.0,1.0,0,1.0
142,4,136.0,253.0,189.0,119.0,1.0,3,0.919
143,1,240.0,207.0,267.0,140.0,1.0,0,0.643
143,2,423.0,279.0,270.0,170.0,1.0,3,1.0
143,3,273.0,299.0,25.0,113.0,1.0,0,1.0
143,4,132.0,253.0,189.0,119.0,1.0,3,0.919
144,1,241.0,207.0,267.0,140.0,1.0,0,0.649
144,2,419.0,279.0,270.0,170.0,1.0,3,1.0
144,3,275.0,299.0,25.0,113.0,1.0,0,1.0
144,4,127.0,253.0,189.0,119.0,1.0,3,0.919
145,1,243.0,207.0,267.0,140.0,1.0,0,0.658
145,2,416.0,279.0,270.0,170.0,1.0,3,1.0
145,3,277.0,299.0,25.0,113.0,1.0,0,1.0
145,4,122.0,253.0,189.0,119.0,1.0,3,0.919
146,1,244.0,207.0,267.0,140.0,1.0,0,0.664
146,2,411.0,279.0,270.0,170.0,1.0,3,1.0
146,3,279.0,299.0,25.0,113.0,1.0,0,1.0
146,4,117.0,254.0,189.0,119.0,1.0,3,0.918
147,1,245.0,207.0,267.0,140.0,1.0,0,0.666
147,2,407.0,279.0,270.0,170.0,1.0,3,1.0
147,3,280.0,299.0,25.0,113.0,1.0,0,1.0
147,4,111.0,254.0,189.0,119.0,1.0,3,0.934
148,1,248.0,207.0,267.0,140.0,1.0,0,0.659
148,2,404.0,278.0,270.0,170.0,1.0,3,1.0
148,3,283.0,299.0,25.0,113.0,1.0,0,1.0
148,4,107.0,254.0,190.0,120.0,1.0,3,0.954
149,1,249.0,206.0,267.0,140.0,1.0,0,0.66
149,2,399.0,278.0,270.0,170.0,1.0,3,1.0
149,3,284.0,299.0,25.0,113.0,1.0,0,1.0
149,4,102.0,254.0,190.0,120.0,1.0,3,0.974
150,1,251.0,206.0,267.0,140.0,1.0,0,0.659
150,2,396.0,278.0,270.0,170.0,1.0,3,1.0
150,3,286.0,299.0,25.0,113.0,1.0,0,1.0
150,4,97.0,254.0,190.0,120.0,1.0,3,0.997
151,1,252.0,206.0,267.0,140.0,1.0,0,0.663
151,2,392.0,278.0,270.0,170.0,1.0,3,1.0
151,3,288.0,298.0,25.0,113.0,1.0,0,1.0
151,4,92.0,254.0,190.0,120.0,1.0,3,1.0
152,1,253.0,206.0,267.0,140.0,1.0,0,0.67
152,2,387.0,278.0,270.0,170.0,1.0,3,1.0
152,3,289.0,298.0,25.0,113.0,1.0,0,1.0
152,4,86.0,255.0,190.0,120.0,1.0,3,1.0
153,1,255.0,206.0,265.0,139.0,1.0,0,0.679
153,2,384.0,278.0,270.0,170.0,1.0,3,1.0
153,3,292.0,298.0,25.0,113.0,1.0,0,1.0
153,4,82.0,255.0,190.0,120.0,1.0,3,1.0
154,1,256.0,206.0,265.0,139.0,1.0,0,0.681
154,2,380.0,277.0,271.0,171.0,1.0,3,1.0
154,3,293.0,298.0,25.0,113.0,1.0,0,1.0
154,4,77.0,255.0,190.0,120.0,1.0,3,1.0
155,1,258.0,205.0,265.0,139.0,1.0,0,0.692
155,2,376.0,277.0,271.0,171.0,1.0,3,1.0
155,3,295.0,298.0,25.0,113.0,1.0,0,1.0
155,4,72.0,255.0,190.0,120.0,1.0,3,1.0
156,1,259.0,205.0,265.0,139.0,1.0,0,0.692
156,2,372.0,277.0,271.0,171.0,1.0,3,1.0
156,3,297.0,298.0,25.0,113.0,1.0,0,1.0
156,4,67.0,255.0,190.0,120.0,1.0,3,1.0
157,1,260.0,205.0,265.0,139.0,1.0,0,0.683
157,2,368.0,277.0,271.0,171.0,1.0,3,1.0
157,3,298.0,298.0,25.0,113.0,1.0,0,1.0
157,4,61.0,255.0,190.0,120.0,1.0,3,1.0
158,1,263.0,205.0,265.0,139.0,1.0,0,0.67
158,2,364.0,277.0,271.0,171.0,1.0,3,1.0
158,3,301.0,298.0,25.0,113.0,1.0,0,1.0
158,4,57.0,256.0,190.0,120.0,1.0,3,1.0
159,1,264.0,205.0,265.0,139.0,1.0,0,0.657
159,2,360.0,276.0,271.0,171.0,1.0,3,1.0
159,3,302.0,298.0,25.0,113.0,1.0,0,1.0
159,4,52.0,256.0,190.0,120.0,1.0,3,1.0
160,1,266.0,204.0,265.0,139.0,1.0,0,0.653
160,2,357.0,276.0,271.0,171.0,1.0,3,1.0
160,3,305.0,298.0,25.0,113.0,1.0,0,1.0
160,4,47.0,256.0,190.0,120.0,1.0,3,1.0
161,1,267.0,204.0,265.0,139.0,1.0,0,0.642
161,2,352.0,276.0,271.0,171.0,1.0,3,1.0
161,3,306.0,298.0,25.0,113.0,1.0,0,1.0
161,4,42.0,256.0,190.0,120.0,1.0,3,1.0
162,1,268.0,204.0,265.0,139.0,1.0,0,0.632
162,2,348.0,276.0,271.0,171.0,1.0,3,1.0
162,3,307.0,297.0,25.0,113.0,1.0,0,1.0
162,4,36.0,256.0,190.0,120.0,1.0,3,1.0
163,1,270.0,204.0,265.0,139.0,1.0,0,0.623
163,2,345.0,276.0,271.0,171.0,1.0,3,1.0
163,3,310.0,297.0,25.0,113.0,1.0,0,1.0
163,4,32.0,256.0,190.0,120.0,1.0,3,1.0
164,1,271.0,204.0,265.0,139.0,1.0,0,0.612
164,2,340.0,276.0,271.0,171.0,1.0,3,1.0
164,3,311.0,297.0,25.0,113.0,1.0,0,1.0
164,4,27.0,256.0,190.0,120.0,1.0,3,1.0
165,1,273.0,204.0,265.0,139.0,1.0,0,0.6
165,2,337.0,275.0,271.0,171.0,1.0,3,0.995
165,3,314.0,297.0,25.0,113.0,1.0,0,1.0
165,4,22.0,257.0,190.0,120.0,1.0,3,1.0
166,1,274.0,203.0,265.0,139.0,1.0,0,0.603
166,2,333.0,275.0,273.0,172.0,1.0,3,0.983
166,3,315.0,297.0,25.0,113.0,1.0,0,1.0
166,4,17.0,257.0,190.0,120.0,1.0,3,1.0
167,1,275.0,203.0,265.0,139.0,1.0,0,0.601
167,2,328.0,275.0,273.0,172.0,1.0,3,0.966
167,3,317.0,297.0,25.0,113.0,1.0,0,1.0
167,4,11.0,257.0,192.0,121.0,1.0,3,1.0
168,1,278.0,203.0,265.0,139.0,1.0,0,0.596
168,2,325.0,275.0,273.0,172.0,1.0,3,0.954
168,3,319.0,297.0,25.0,113.0,1.0,0,1.0
168,4,7.0,257.0,192.0,121.0,1.0,3,1.0
169,1,279.0,203.0,265.0,139.0,1.0,0,0.593
169,2,320.0,275.0,273.0,172.0,1.0,3,0.94
169,3,320.0,297.0,25.0,113.0,1.0,0,1.0
169,4,2.0,257.0,192.0,121.0,1.0,3,1.0
170,1,281.0,203.0,265.0,139.0,1.0,0,0.583
170,2,317.0,275.0,273.0,172.0,1.0,3,0.94
170,3,323.0,297.0,25.0,113.0,1.0,0,1.0
170,4,-3.0,257.0,192.0,121.0,1.0,3,0.984
171,1,282.0,202.0,265.0,139.0,1.0,0,0.574
171,2,313.0,274.0,273.0,172.0,1.0,3,0.94
171,3,324.0,297.0,25.0,113.0,1.0,0,1.0
171,4,-8.0,258.0,192.0,121.0,1.0,3,0.958
172,1,283.0,202.0,265.0,139.0,1.0,0,0.563
172,2,308.0,274.0,273.0,172.0,1.0,3,0.94
172,3,326.0,297.0,25.0,113.0,1.0,0,1.0
172,4,-14.0,258.0,192.0,121.0,1.0,3,0.927
173,1,285.0,202.0,265.0,139.0,1.0,0,0.554
173,2,305.0,274.0,273.0,172.0,1.0,3,0.94
173,3,328.0,296.0,25.0,113.0,1.0,0,1.0
173,4,-18.0,258.0,192.0,121.0,1.0,3,0.906
174,1,286.0,202.0,265.0,139.0,1.0,0,0.545
174,2,301.0,274.0,273.0,172.0,1.0,3,0.94
174,3,329.0,296.0,25.0,113.0,1.0,0,1.0
174,4,-23.0,258.0,192.0,121.0,1.0,3,0.88
175,1,288.0,202.0,265.0,139.0,1.0,0,0.534
175,2,297.0,274.0,273.0,172.0,1.0,3,0.94
175,3,332.0,296.0,25.0,113.0,1.0,0,1.0
175,4,-28.0,258.0,192.0,121.0,1.0,3,0.854
176,1,289.0,202.0,265.0,139.0,1.0,0,0.525
176,2,293.0,274.0,273.0,172.0,1.0,3,0.94
176,3,333.0,296.0,25.0,113.0,1.0,0,1.0
176,4,-33.0,258.0,192.0,121.0,1.0,3,0.828
177,1,290.0,201.0,265.0,139.0,1.0,0,0.518
177,2,289.0,273.0,273.0,172.0,1.0,3,0.94
177,3,335.0,296.0,25.0,113.0,1.0,0,1.0
177,4,-39.0,259.0,192.0,121.0,1.0,3,0.797
178,1,293.0,201.0,265.0,139.0,1.0,0,0.518
178,2,285.0,273.0,273.0,172.0,1.0,3,0.94
178,3,337.0,296.0,25.0,113.0,1.0,0,1.0
178,4,-43.0,259.0,192.0,121.0,1.0,3,0.776
179,1,294.0,201.0,265.0,139.0,1.0,0,0.523
179,2,281.0,273.0,275.0,173.0,1.0,3,0.941
179,3,339.0,296.0,25.0,113.0,1.0,0,1.0
179,4,-48.0,259.0,192.0,121.0,1.0,3,0.75
180,1,296.0,201.0,265.0,139.0,1.0,0,0.533
180,2,278.0,273.0,275.0,173.0,1.0,3,0.941
180,3,341.0,296.0,25.0,113.0,1.0,0,1.0
180,4,-53.0,259.0,192.0,121.0,1.0,3,0.724
181,1,297.0,201.0,265.0,139.0,1.0,0,0.543
181,2,273.0,273.0,275.0,173.0,1.0,3,0.941
181,3,342.0,296.0,25.0,113.0,1.0,0,1.0
181,4,-58.0,259.0,192.0,121.0,1.0,3,0.698
182,1,298.0,201.0,265.0,139.0,1.0,0,0.553
182,2,269.0,273.0,275.0,173.0,1.0,3,0.941
182,3,344.0,296.0,25.0,113.0,1.0,0,1.0
182,4,-64.0,259.0,192.0,121.0,1.0,3,0.667
183,1,300.0,200.0,265.0,139.0,1.0,0,0.562
183,2,266.0,272.0,275.0,173.0,1.0,3,0.941
183,3,346.0,295.0,25.0,113.0,1.0,0,1.0
183,4,-68.0,259.0,192.0,121.0,1.0,3,0.646
184,1,301.0,200.0,265.0,139.0,1.0,0,0.573
184,2,261.0,272.0,275.0,173.0,1.0,3,0.941
184,3,348.0,295.0,25.0,113.0,1.0,0,1.0
184,4,-73.0,260.0,192.0,121.0,1.0,3,0.62
185,1,303.0,200.0,265.0,139.0,1.0,0,0.582
185,2,258.0,272.0,275.0,173.0,1.0,3,0.941
185,3,350.0,295.0,25.0,113.0,1.0,0,1.0
185,4,-78.0,260.0,192.0,121.0,1.0,3,0.594
186,1,304.0,200.0,265.0,139.0,1.0,0,0.591
186,2,254.0,272.0,275.0,173.0,1.0,3,0.941
186,3,352.0,295.0,25.0,113.0,1.0,0,1.0
186,4,-83.0,260.0,192.0,121.0,1.0,3,0.568
187,1,306.0,200.0,265.0,139.0,1.0,0,0.603
187,2,249.0,272.0,275.0,173.0,1.0,3,0.941
187,3,353.0,295.0,25.0,113.0,1.0,0,1.0
187,4,-89.0,260.0,194.0,122.0,1.0,3,0.541
188,1,308.0,199.0,265.0,139.0,1.0,0,0.613
188,2,246.0,271.0,275.0,173.0,1.0,3,0.941
188,3,355.0,295.0,25.0,113.0,1.0,0,1.0
188,4,-93.0,260.0,194.0,122.0,1.0,3,0.521
189,1,309.0,199.0,265.0,139.0,1.0,0,0.622
189,2,242.0,271.0,275.0,173.0,1.0,3,0.941
189,3,357.0,295.0,25.0,113.0,1.0,0,1.0
189,4,-98.0,260.0,194.0,122.0,1.0,3,0.495
190,1,311.0,199.0,265.0,139.0,1.0,0,0.633
190,2,238.0,271.0,275.0,173.0,1.0,3,0.941
190,3,359.0,295.0,25.0,113.0,1.0,0,1.0
190,4,-103.0,261.0,194.0,122.0,1.0,3,0.469
191,1,312.0,199.0,265.0,139.0,1.0,0,0.64
191,2,234.0,271.0,276.0,174.0,1.0,3,0.941
191,3,361.0,295.0,25.0,113.0,1.0,0,1.0
191,4,-108.0,261.0,194.0,122.0,1.0,3,0.443
192,1,313.0,199.0,265.0,139.0,1.0,0,0.649
192,2,230.0,271.0,276.0,174.0,1.0,3,0.941
192,3,362.0,295.0,25.0,113.0,1.0,0,1.0
192,4,-114.0,261.0,194.0,122.0,1.0,3,0.412
193,1,315.0,199.0,263.0,138.0,1.0,0,0.66
193,2,226.0,271.0,276.0,174.0,1.0,3,0.941
193,3,364.0,295.0,25.0,113.0,1.0,0,1.0
193,4,-118.0,261.0,194.0,122.0,1.0,3,0.392
194,1,316.0,198.0,263.0,138.0,1.0,0,0.669
194,2,222.0,270.0,276.0,174.0,1.0,3,0.941
194,3,366.0,294.0,25.0,113.0,1.0,0,1.0
194,4,-123.0,261.0,194.0,122.0,1.0,3,0.366
195,1,318.0,198.0,263.0,138.0,1.0,0,0.678
195,2,219.0,270.0,276.0,174.0,1.0,3,0.941
195,3,368.0,294.0,25.0,113.0,1.0,0,1.0
195,4,-128.0,261.0,194.0,122.0,1.0,3,0.34
196,1,319.0,198.0,263.0,138.0,1.0,0,0.689
196,2,214.0,270.0,276.0,174.0,1.0,3,0.941
196,3,370.0,294.0,25.0,113.0,1.0,0,1.0
196,4,-133.0,262.0,194.0,122.0,1.0,3,0.314
197,1,321.0,198.0,263.0,138.0,1.0,0,0.7
197,2,210.0,270.0,276.0,174.0,1.0,3,0.941
197,3,371.0,294.0,25.0,113.0,1.0,0,1.0
197,4,-139.0,262.0,194.0,122.0,1.0,3,0.284
198,1,323.0,198.0,263.0,138.0,1.0,0,0.711
198,2,206.0,270.0,276.0,174.0,1.0,3,0.941
198,3,374.0,294.0,25.0,113.0,1.0,0,1.0
198,4,-143.0,262.0,194.0,122.0,1.0,3,0.263
199,1,324.0,197.0,263.0,138.0,1.0,0,0.724
199,2,202.0,270.0,276.0,174.0,1.0,3,0.941
199,3,375.0,294.0,25.0,113.0,1.0,0,1.0
199,4,-148.0,262.0,194.0,122.0,1.0,3,0.237
200,1,326.0,197.0,263.0,138.0,1.0,0,0.729
200,2,199.0,269.0,276.0,174.0,1.0,3,0.941
200,3,377.0,294.0,25.0,113.0,1.0,0,1.0
200,4,-153.0,262.0,194.0,122.0,1.0,3,0.211
201,1,327.0,197.0,263.0,138.0,1.0,0,0.74
201,2,194.0,269.0,276.0,174.0,1.0,3,0.941
201,3,379.0,294.0,25.0,113.0,1.0,0,1.0
201,4,-158.0,262.0,194.0,122.0,1.0,3,0.186
202,1,328.0,197.0,263.0,138.0,1.0,0,0.749
202,2,190.0,269.0,276.0,174.0,1.0,3,0.941
202,3,380.0,294.0,25.0,113.0,1.0,0,1.0
202,4,-164.0,262.0,194.0,122.0,1.0,3,0.155
203,1,330.0,197.0,263.0,138.0,1.0,0,0.758
203,2,187.0,269.0,276.0,174.0,1.0,3,0.941
203,3,383.0,294.0,25.0,113.0,1.0,0,1.0
203,4,-168.0,263.0,194.0,122.0,1.0,3,0.134
204,1,331.0,197.0,263.0,138.0,1.0,0,0.765
204,2,182.0,269.0,278.0,175.0,1.0,3,0.942
204,3,384.0,294.0,25.0,113.0,1.0,0,1.0
204,4,-173.0,263.0,194.0,122.0,1.0,3,0.108
205,1,333.0,196.0,263.0,138.0,1.0,0,0.778
205,2,179.0,269.0,278.0,175.0,1.0,3,0.942
205,3,387.0,293.0,25.0,113.0,1.0,0,1.0
205,4,-178.0,263.0,194.0,122.0,1.0,3,0.082
206,1,334.0,196.0,263.0,138.0,1.0,0,0.784
206,2,175.0,268.0,278.0,175.0,1.0,3,0.942
206,3,388.0,293.0,25.0,113.0,1.0,0,1.0
206,4,-183.0,263.0,195.0,123.0,1.0,3,0.062
207,1,336.0,196.0,263.0,138.0,1.0,0,0.796
207,2,170.0,268.0,278.0,175.0,1.0,3,0.942
207,3,389.0,293.0,25.0,113.0,1.0,0,1.0
207,4,-189.0,263.0,195.0,123.0,1.0,3,0.031
208,1,338.0,196.0,263.0,138.0,1.0,0,0.805
208,2,167.0,268.0,278.0,175.0,1.0,3,0.942
208,3,392.0,293.0,25.0,113.0,1.0,0,1.0
208,4,-193.0,263.0,195.0,123.0,1.0,3,0.01
209,1,339.0,196.0,263.0,138.0,1.0,0,0.815
209,2,163.0,268.0,278.0,175.0,1.0,3,0.942
209,3,393.0,293.0,25.0,113.0,1.0,0,1.0
210,1,341.0,196.0,263.0,138.0,1.0,0,0.825
210,2,159.0,268.0,278.0,175.0,1.0,3,0.942
210,3,396.0,293.0,25.0,113.0,1.0,0,1.0
211,1,342.0,195.0,263.0,138.0,1.0,0,0.837
211,2,155.0,268.0,278.0,175.0,1.0,3,0.942
211,3,397.0,293.0,25.0,113.0,1.0,0,1.0
212,1,343.0,195.0,263.0,138.0,1.0,0,0.844
212,2,151.0,267.0,278.0,175.0,1.0,3,0.942
212,3,398.0,293.0,25.0,113.0,1.0,0,1.0
213,1,345.0,195.0,263.0,138.0,1.0,0,0.853
213,2,147.0,267.0,278.0,175.0,1.0,3,0.944
213,3,401.0,293.0,25.0,113.0,1.0,0,1.0
214,1,346.0,195.0,263.0,138.0,1.0,0,0.857
214,2,143.0,267.0,278.0,175.0,1.0,3,0.956
214,3,402.0,293.0,25.0,113.0,1.0,0,1.0
215,1,348.0,195.0,263.0,138.0,1.0,0,0.859
215,2,140.0,267.0,278.0,175.0,1.0,3,0.97
215,3,405.0,292.0,25.0,113.0,1.0,0,1.0
216,1,349.0,194.0,263.0,138.0,1.0,0,0.865
216,2,135.0,267.0,279.0,176.0,1.0,3,0.982
216,3,406.0,292.0,25.0,113.0,1.0,0,1.0
217,1,351.0,194.0,263.0,138.0,1.0,0,0.867
217,2,131.0,266.0,279.0,176.0,1.0,3,0.995
217,3,408.0,292.0,25.0,113.0,1.0,0,1.0
218,1,353.0,194.0,263.0,138.0,1.0,0,0.874
218,2,128.0,266.0,279.0,176.0,1.0,3,1.0
218,3,410.0,292.0,25.0,113.0,1.0,0,1.0
219,1,354.0,194.0,263.0,138.0,1.0,0,0.885
219,2,123.0,266.0,279.0,176.0,1.0,3,1.0
219,3,411.0,292.0,25.0,113.0,1.0,0,1.0
220,1,356.0,194.0,263.0,138.0,1.0,0,0.894
220,2,120.0,266.0,279.0,176.0,1.0,3,1.0
220,3,414.0,292.0,25.0,113.0,1.0,0,1.0
221,1,357.0,194.0,263.0,138.0,1.0,0,0.903
221,2,116.0,266.0,279.0,176.0,1.0,3,1.0
221,3,415.0,292.0,25.0,113.0,1.0,0,1.0
222,1,358.0,193.0,263.0,138.0,1.0,0,0.916
222,2,111.0,266.0,279.0,176.0,1.0,3,1.0
222,3,417.0,292.0,25.0,113.0,1.0,0,1.0
223,1,360.0,193.0,263.0,138.0,1.0,0,0.924
223,2,108.0,265.0,279.0,176.0,1.0,3,1.0
223,3,419.0,292.0,25.0,113.0,1.0,0,1.0
224,1,361.0,193.0,263.0,138.0,1.0,0,0.935
224,2,103.0,265.0,279.0,176.0,1.0,3,1.0
224,3,421.0,292.0,25.0,113.0,1.0,0,1.0
225,1,363.0,193.0,263.0,138.0,1.0,0,0.944
225,2,100.0,265.0,279.0,176.0,1.0,3,1.0
225,3,423.0,292.0,25.0,113.0,1.0,0,1.0
226,1,365.0,193.0,263.0,138.0,1.0,0,0.954
226,2,96.0,265.0,279.0,176.0,1.0,3,1.0
226,3,424.0,291.0,25.0,113.0,1.0,0,1.0
227,1,366.0,192.0,263.0,138.0,1.0,0,0.966
227,2,91.0,265.0,279.0,176.0,1.0,3,1.0
227,3,426.0,291.0,25.0,113.0,1.0,0,1.0
228,1,368.0,192.0,263.0,138.0,1.0,0,0.973
228,2,88.0,265.0,279.0,176.0,1.0,3,1.0
228,3,428.0,291.0,25.0,113.0,1.0,0,1.0
229,1,369.0,192.0,263.0,138.0,1.0,0,0.973
229,2,84.0,264.0,281.0,177.0,1.0,3,1.0
229,3,430.0,291.0,25.0,113.0,1.0,0,1.0
230,1,371.0,192.0,263.0,138.0,1.0,0,0.973
230,2,80.0,264.0,281.0,177.0,1.0,3,1.0
230,3,432.0,291.0,25.0,113.0,1.0,0,1.0
231,1,372.0,192.0,263.0,138.0,1.0,0,0.973
231,2,76.0,264.0,281.0,177.0,1.0,3,1.0
231,3,433.0,291.0,25.0,113.0,1.0,0,1.0
232,1,373.0,192.0,261.0,137.0,1.0,0,0.973
232,2,72.0,264.0,281.0,177.0,1.0,3,1.0
232,3,435.0,291.0,25.0,113.0,1.0,0,1.0
233,1,375.0,191.0,261.0,137.0,1.0,0,0.974
233,2,68.0,264.0,281.0,177.0,1.0,3,1.0
233,3,437.0,291.0,25.0,113.0,1.0,0,1.0
234,1,376.0,191.0,261.0,137.0,1.0,0,0.974
234,2,64.0,264.0,281.0,177.0,1.0,3,1.0
234,3,439.0,291.0,25.0,113.0,1.0,0,1.0
235,1,378.0,191.0,261.0,137.0,1.0,0,0.974
235,2,61.0,263.0,281.0,177.0,1.0,3,1.0
235,3,441.0,291.0,25.0,113.0,1.0,0,1.0
236,1,380.0,191.0,261.0,137.0,1.0,0,0.974
236,2,56.0,263.0,281.0,177.0,1.0,3,1.0
236,3,443.0,291.0,25.0,113.0,1.0,0,1.0
237,1,381.0,191.0,261.0,137.0,1.0,0,0.973
237,2,52.0,263.0,281.0,177.0,1.0,3,1.0
237,3,444.0,290.0,25.0,113.0,1.0,0,1.0
238,1,383.0,191.0,261.0,137.0,1.0,0,0.973
238,2,49.0,263.0,281.0,177.0,1.0,3,1.0
238,3,446.0,290.0,25.0,113.0,1.0,0,1.0
239,1,384.0,190.0,261.0,137.0,1.0,0,0.974
239,2,44.0,263.0,281.0,177.0,1.0,3,1.0
239,3,448.0,290.0,25.0,113.0,1.0,0,1.0
240,1,386.0,190.0,261.0,137.0,1.0,0,0.974
240,2,41.0,262.0,281.0,177.0,1.0,3,1.0
240,3,450.0,290.0,25.0,113.0,1.0,0,1.0
241,1,387.0,190.0,261.0,137.0,1.0,0,0.974
241,2,37.0,262.0,283.0,178.0,1.0,3,1.0
241,3,452.0,290.0,25.0,113.0,1.0,0,1.0
242,1,388.0,190.0,261.0,137.0,1.0,0,0.974
242,2,32.0,262.0,283.0,178.0,1.0,3,1.0
242,3,453.0,290.0,25.0,113.0,1.0,0,1.0
243,1,390.0,190.0,261.0,137.0,1.0,0,0.974
243,2,29.0,262.0,283.0,178.0,1.0,3,1.0
243,3,456.0,290.0,25.0,113.0,1.0,0,1.0
244,1,391.0,189.0,261.0,137.0,1.0,0,0.975
244,2,25.0,262.0,283.0,178.0,1.0,3,1.0
244,3,457.0,290.0,25.0,113.0,1.0,0,1.0
245,1,393.0,189.0,261.0,137.0,1.0,0,0.975
245,2,21.0,262.0,283.0,178.0,1.0,3,1.0
245,3,459.0,290.0,25.0,113.0,1.0,0,1.0
246,1,395.0,189.0,261.0,137.0,1.0,0,0.975
246,2,17.0,261.0,283.0,178.0,1.0,3,1.0
246,3,461.0,290.0,25.0,113.0,1.0,0,1.0
247,1,396.0,189.0,261.0,137.0,1.0,0,0.974
247,2,13.0,261.0,283.0,178.0,1.0,3,1.0
247,3,462.0,289.0,25.0,113.0,1.0,0,1.0
248,1,398.0,189.0,261.0,137.0,1.0,0,0.974
248,2,9.0,261.0,283.0,178.0,1.0,3,1.0
248,3,465.0,289.0,25.0,113.0,1.0,0,1.0
249,1,399.0,189.0,261.0,137.0,1.0,0,0.974
249,2,5.0,261.0,283.0,178.0,1.0,3,1.0
249,3,466.0,289.0,25.0,113.0,1.0,0,1.0
250,1,401.0,188.0,261.0,137.0,1.0,0,0.975
250,2,2.0,261.0,283.0,178.0,1.0,3,1.0
250,3,468.0,289.0,25.0,113.0,1.0,0,1.0
251,1,402.0,188.0,261.0,137.0,1.0,0,0.975
251,2,-3.0,261.0,283.0,178.0,1.0,3,0.989
251,3,470.0,289.0,25.0,113.0,1.0,0,1.0
252,1,403.0,188.0,261.0,137.0,1.0,0,0.975
252,2,-7.0,260.0,283.0,178.0,1.0,3,0.975
252,3,471.0,289.0,25.0,113.0,1.0,0,1.0
253,1,405.0,188.0,261.0,137.0,1.0,0,0.975
253,2,-11.0,260.0,283.0,178.0,1.0,3,0.961
253,3,474.0,289.0,25.0,113.0,1.0,0,1.0
254,1,406.0,188.0,261.0,137.0,1.0,0,0.975
254,2,-15.0,260.0,284.0,179.0,1.0,3,0.947
254,3,475.0,289.0,25.0,113.0,1.0,0,1.0
255,1,408.0,187.0,261.0,137.0,1.0,0,0.976
255,2,-18.0,260.0,284.0,179.0,1.0,3,0.937
255,3,478.0,289.0,25.0,113.0,1.0,0,1.0
256,1,410.0,187.0,261.0,137.0,1.0,0,0.976
256,2,-23.0,260.0,284.0,179.0,1.0,3,0.919
256,3,479.0,289.0,25.0,113.0,1.0,0,1.0
257,1,411.0,187.0,261.0,137.0,1.0,0,0.976
257,2,-27.0,260.0,284.0,179.0,1.0,3,0.905
257,3,480.0,289.0,25.0,113.0,1.0,0,1.0
258,1,413.0,187.0,261.0,137.0,1.0,0,0.975
258,2,-30.0,259.0,284.0,179.0,1.0,3,0.894
258,3,483.0,288.0,25.0,113.0,1.0,0,1.0
259,1,414.0,187.0,261.0,137.0,1.0,0,0.975
259,2,-35.0,259.0,284.0,179.0,1.0,3,0.877
259,3,484.0,288.0,25.0,113.0,1.0,0,1.0
260,1,416.0,187.0,261.0,137.0,1.0,0,0.975
260,2,-38.0,259.0,284.0,179.0,1.0,3,0.866
260,3,487.0,288.0,25.0,113.0,1.0,0,1.0
261,1,417.0,186.0,261.0,137.0,1.0,0,0.976
261,2,-42.0,259.0,284.0,179.0,1.0,3,0.852
261,3,488.0,288.0,25.0,113.0,1.0,0,1.0
262,1,418.0,186.0,261.0,137.0,1.0,0,0.976
262,2,-47.0,259.0,284.0,179.0,1.0,3,0.835
262,3,490.0,288.0,25.0,113.0,1.0,0,1.0
263,1,420.0,186.0,261.0,137.0,1.0,0,0.976
263,2,-50.0,259.0,284.0,179.0,1.0,3,0.824
263,3,492.0,288.0,25.0,113.0,1.0,0,1.0
264,1,421.0,186.0,261.0,137.0,1.0,0,0.976
264,2,-54.0,258.0,284.0,179.0,1.0,3,0.81
264,3,493.0,288.0,25.0,113.0,1.0,0,1.0
265,1,423.0,186.0,261.0,137.0,1.0,0,0.976
265,2,-58.0,258.0,284.0,179.0,1.0,3,0.796
265,3,496.0,288.0,25.0,113.0,1.0,0,1.0
266,1,425.0,186.0,261.0,137.0,1.0,0,0.976
266,2,-62.0,258.0,286.0,180.0,1.0,3,0.783
266,3,497.0,288.0,25.0,113.0,1.0,0,1.0
267,1,426.0,185.0,261.0,137.0,1.0,0,0.976
267,2,-66.0,258.0,286.0,180.0,1.0,3,0.769
267,3,499.0,288.0,25.0,113.0,1.0,0,1.0
268,1,428.0,185.0,261.0,137.0,1.0,0,0.976
268,2,-70.0,258.0,286.0,180.0,1.0,3,0.755
268,3,501.0,288.0,25.0,113.0,1.0,0,1.0
269,1,429.0,185.0,261.0,137.0,1.0,0,0.976
269,2,-74.0,257.0,286.0,180.0,1.0,3,0.741
269,3,502.0,287.0,25.0,113.0,1.0,0,1.0
270,1,431.0,185.0,261.0,137.0,1.0,0,0.976
270,2,-77.0,257.0,286.0,180.0,1.0,3,0.731
270,3,505.0,287.0,25.0,113.0,1.0,0,1.0
271,1,432.0,185.0,261.0,137.0,1.0,0,0.976
271,2,-82.0,257.0,286.0,180.0,1.0,3,0.713
271,3,506.0,287.0,25.0,113.0,1.0,0,1.0
272,1,433.0,184.0,259.0,136.0,1.0,0,0.977
272,2,-86.0,257.0,286.0,180.0,1.0,3,0.699
272,3,508.0,287.0,25.0,113.0,1.0,0,1.0
273,1,435.0,184.0,259.0,136.0,1.0,0,0.977
273,2,-89.0,257.0,286.0,180.0,1.0,3,0.689
273,3,510.0,287.0,25.0,113.0,1.0,0,1.0
274,1,436.0,184.0,259.0,136.0,1.0,0,0.977
274,2,-94.0,257.0,286.0,180.0,1.0,3,0.671
274,3,512.0,287.0,25.0,113.0,1.0,0,1.0
275,1,439.0,184.0,259.0,136.0,1.0,0,0.977
275,2,-97.0,256.0,286.0,180.0,1.0,3,0.661
275,3,514.0,287.0,25.0,113.0,1.0,0,1.0
276,1,440.0,184.0,259.0,136.0,1.0,0,0.977
276,2,-101.0,256.0,286.0,180.0,1.0,3,0.647
276,3,515.0,287.0,25.0,113.0,1.0,0,1.0
277,1,441.0,184.0,259.0,136.0,1.0,0,0.977
277,2,-106.0,256.0,286.0,180.0,1.0,3,0.629
277,3,517.0,287.0,25.0,113.0,1.0,0,1.0
278,1,443.0,183.0,259.0,136.0,1.0,0,0.977
278,2,-109.0,256.0,286.0,180.0,1.0,3,0.619
278,3,519.0,287.0,25.0,113.0,1.0,0,1.0
279,1,444.0,183.0,259.0,136.0,1.0,0,0.977
279,2,-114.0,256.0,287.0,181.0,1.0,3,0.603
279,3,521.0,287.0,25.0,113.0,1.0,0,1.0
280,1,446.0,183.0,259.0,136.0,1.0,0,0.977
280,2,-117.0,256.0,287.0,181.0,1.0,3,0.592
280,3,523.0,286.0,25.0,113.0,1.0,0,1.0
281,1,447.0,183.0,259.0,136.0,1.0,0,0.977
281,2,-121.0,255.0,287.0,181.0,1.0,3,0.578
281,3,525.0,286.0,25.0,113.0,1.0,0,1.0
282,1,448.0,183.0,259.0,136.0,1.0,0,0.977
282,2,-126.0,255.0,287.0,181.0,1.0,3,0.561
282,3,526.0,286.0,25.0,113.0,1.0,0,1.0
283,1,450.0,182.0,259.0,136.0,1.0,0,0.977
283,2,-129.0,255.0,287.0,181.0,1.0,3,0.551
283,3,528.0,286.0,25.0,113.0,1.0,0,1.0
284,1,451.0,182.0,259.0,136.0,1.0,0,0.977
284,2,-133.0,255.0,287.0,181.0,1.0,3,0.537
284,3,530.0,286.0,25.0,113.0,1.0,0,1.0
285,1,454.0,182.0,259.0,136.0,1.0,0,0.977
285,2,-137.0,255.0,287.0,181.0,1.0,3,0.523
285,3,532.0,286.0,25.0,113.0,1.0,0,1.0
286,1,455.0,182.0,259.0,136.0,1.0,0,0.977
286,2,-141.0,255.0,287.0,181.0,1.0,3,0.509
286,3,534.0,286.0,25.0,113.0,1.0,0,1.0
287,1,456.0,182.0,259.0,136.0,1.0,0,0.977
287,2,-145.0,254.0,287.0,181.0,1.0,3,0.495
287,3,535.0,286.0,25.0,113.0,1.0,0,1.0
288,1,458.0,182.0,259.0,136.0,1.0,0,0.977
288,2,-149.0,254.0,287.0,181.0,1.0,3,0.481
288,3,538.0,286.0,25.0,113.0,1.0,0,1.0
289,1,459.0,181.0,259.0,136.0,1.0,0,0.978
289,2,-153.0,254.0,287.0,181.0,1.0,3,0.467
289,3,539.0,286.0,25.0,113.0,1.0,0,1.0
290,1,461.0,181.0,259.0,136.0,1.0,0,0.977
290,2,-156.0,254.0,287.0,181.0,1.0,3,0.456
290,3,541.0,285.0,25.0,113.0,1.0,0,1.0
291,1,462.0,181.0,259.0,136.0,1.0,0,0.977
291,2,-161.0,254.0,289.0,182.0,1.0,3,0.443
291,3,543.0,285.0,25.0,113.0,1.0,0,1.0
292,1,463.0,181.0,259.0,136.0,1.0,0,0.977
292,2,-165.0,254.0,289.0,182.0,1.0,3,0.429
292,3,544.0,285.0,25.0,113.0,1.0,0,1.0
293,1,465.0,181.0,259.0,136.0,1.0,0,0.977
293,2,-168.0,253.0,289.0,182.0,1.0,3,0.419
293,3,547.0,285.0,25.0,113.0,1.0,0,1.0
294,1,466.0,181.0,259.0,136.0,1.0,0,0.977
294,2,-173.0,253.0,289.0,182.0,1.0,3,0.401
294,3,548.0,285.0,25.0,113.0,1.0,0,1.0
295,1,469.0,180.0,259.0,136.0,1.0,0,0.978
295,2,-176.0,253.0,289.0,182.0,1.0,3,0.391
295,3,550.0,285.0,25.0,113.0,1.0,0,1.0
296,1,470.0,180.0,259.0,136.0,1.0,0,0.978
296,2,-180.0,253.0,289.0,182.0,1.0,3,0.377
296,3,552.0,285.0,25.0,113.0,1.0,0,1.0
297,1,471.0,180.0,259.0,136.0,1.0,0,0.978
297,2,-185.0,253.0,289.0,182.0,1.0,3,0.36
297,3,553.0,285.0,25.0,113.0,1.0,0,1.0
298,1,473.0,180.0,259.0,136.0,1.0,0,0.978
298,2,-188.0,252.0,289.0,182.0,1.0,3,0.349
298,3,556.0,285.0,25.0,113.0,1.0,0,1.0
299,1,474.0,180.0,259.0,136.0,1.0,0,0.978
299,2,-192.0,252.0,289.0,182.0,1.0,3,0.336
299,3,557.0,285.0,25.0,113.0,1.0,0,1.0
300,1,476.0,179.0,259.0,136.0,1.0,0,0.979
300,2,-196.0,252.0,289.0,182.0,1.0,3,0.322
300,3,560.0,285.0,25.0,113.0,1.0,0,1.0
301,1,477.0,179.0,259.0,136.0,1.0,0,0.978
301,2,-200.0,252.0,289.0,182.0,1.0,3,0.308
301,3,561.0,284.0,25.0,113.0,1.0,0,1.0
302,1,478.0,179.0,259.0,136.0,1.0,0,0.978
302,2,-204.0,252.0,289.0,182.0,1.0,3,0.294
302,3,562.0,284.0,25.0,113.0,1.0,0,1.0
303,1,480.0,179.0,259.0,136.0,1.0,0,0.978
303,2,-208.0,252.0,289.0,182.0,1.0,3,0.28
303,3,565.0,284.0,25.0,113.0,1.0,0,1.0
304,1,481.0,179.0,259.0,136.0,1.0,0,0.978
304,2,-212.0,251.0,290.0,183.0,1.0,3,0.269
304,3,566.0,284.0,25.0,113.0,1.0,0,1.0
305,1,484.0,179.0,259.0,136.0,1.0,0,0.978
305,2,-215.0,251.0,290.0,183.0,1.0,3,0.259
305,3,569.0,284.0,25.0,113.0,1.0,0,1.0
306,1,485.0,178.0,259.0,136.0,1.0,0,0.979
306,2,-220.0,251.0,290.0,183.0,1.0,3,0.241
306,3,570.0,284.0,25.0,113.0,1.0,0,1.0
307,1,486.0,178.0,259.0,136.0,1.0,0,0.979
307,2,-224.0,251.0,290.0,183.0,1.0,3,0.228
307,3,572.0,284.0,25.0,113.0,1.0,0,1.0
308,1,488.0,178.0,259.0,136.0,1.0,0,0.979
308,2,-228.0,251.0,290.0,183.0,1.0,3,0.214
308,3,574.0,284.0,25.0,113.0,1.0,0,1.0
309,1,489.0,178.0,259.0,136.0,1.0,0,0.979
309,2,-232.0,251.0,290.0,183.0,1.0,3,0.2
309,3,575.0,284.0,25.0,113.0,1.0,0,1.0
310,1,491.0,178.0,259.0,136.0,1.0,0,0.979
310,2,-235.0,250.0,290.0,183.0,1.0,3,0.19
310,3,578.0,284.0,25.0,113.0,1.0,0,1.0
311,1,492.0,177.0,259.0,136.0,1.0,0,0.979
311,2,-240.0,250.0,290.0,183.0,1.0,3,0.172
311,3,579.0,284.0,25.0,113.0,1.0,0,1.0
312,1,493.0,177.0,257.0,135.0,1.0,0,0.979
312,2,-244.0,250.0,290.0,183.0,1.0,3,0.159
312,3,581.0,283.0,25.0,113.0,1.0,0,1.0
313,1,495.0,177.0,257.0,135.0,1.0,0,0.979
313,2,-247.0,250.0,290.0,183.0,1.0,3,0.148
313,3,583.0,283.0,25.0,113.0,1.0,0,1.0
314,1,497.0,177.0,257.0,135.0,1.0,0,0.979
314,2,-252.0,250.0,290.0,183.0,1.0,3,0.131
314,3,584.0,283.0,25.0,113.0,1.0,0,1.0
315,1,499.0,177.0,257.0,135.0,1.0,0,0.979
315,2,-255.0,250.0,290.0,183.0,1.0,3,0.121
315,3,587.0,283.0,25.0,113.0,1.0,0,1.0
316,1,500.0,177.0,257.0,135.0,1.0,0,0.979
316,2,-259.0,249.0,292.0,184.0,1.0,3,0.113
316,3,588.0,283.0,25.0,113.0,1.0,0,1.0
317,1,501.0,176.0,257.0,135.0,1.0,0,0.98
317,2,-264.0,249.0,292.0,184.0,1.0,3,0.096
317,3,590.0,283.0,25.0,113.0,1.0,0,1.0
318,1,503.0,176.0,257.0,135.0,1.0,0,0.98
318,2,-267.0,249.0,292.0,184.0,1.0,3,0.086
318,3,592.0,283.0,25.0,113.0,1.0,0,1.0
319,1,504.0,176.0,257.0,135.0,1.0,0,0.98
319,2,-271.0,249.0,292.0,184.0,1.0,3,0.072
319,3,594.0,283.0,25.0,113.0,1.0,0,1.0
320,1,506.0,176.0,257.0,135.0,1.0,0,0.98
320,2,-275.0,249.0,292.0,184.0,1.0,3,0.058
320,3,596.0,283.0,25.0,113.0,1.0,0,1.0
321,1,507.0,176.0,257.0,135.0,1.0,0,0.98
321,2,-279.0,249.0,292.0,184.0,1.0,3,0.045
321,3,597.0,283.0,25.0,113.0,1.0,0,1.0
322,1,508.0,175.0,257.0,135.0,1.0,0,0.98
322,2,-283.0,248.0,292.0,184.0,1.0,3,0.031
322,3,599.0,282.0,25.0,113.0,1.0,0,1.0
323,1,510.0,175.0,257.0,135.0,1.0,0,0.98
323,2,-287.0,248.0,292.0,184.0,1.0,3,0.017
323,3,601.0,282.0,25.0,113.0,1.0,0,1.0
324,1,512.0,175.0,257.0,135.0,1.0,0,0.98
324,2,-291.0,248.0,292.0,184.0,1.0,3,0.003
324,3,603.0,282.0,25.0,113.0,1.0,0,1.0
325,1,514.0,175.0,257.0,135.0,1.0,0,1.0
326,1,515.0,175.0,257.0,135.0,1.0,0,1.0
327,1,516.0,175.0,257.0,135.0,1.0,0,1.0
328,1,518.0,174.0,257.0,135.0,1.0,0,1.0
329,1,519.0,174.0,257.0,135.0,1.0,0,1.0
330,1,521.0,174.0,257.0,135.0,1.0,0,1.0
331,1,522.0,174.0,257.0,135.0,1.0,0,1.0
332,1,523.0,174.0,257.0,135.0,1.0,0,1.0
333,1,525.0,174.0,257.0,135.0,1.0,0,1.0
334,1,527.0,173.0,257.0,135.0,1.0,0,1.0
335,1,529.0,173.0,257.0,135.0,1.0,0,1.0
336,1,530.0,173.0,257.0,135.0,1.0,0,1.0
337,1,531.0,173.0,257.0,135.0,1.0,0,1.0
338,1,533.0,173.0,257.0,135.0,1.0,0,1.0
339,1,534.0,172.0,257.0,135.0,1.0,0,1.0
340,1,536.0,172.0,257.0,135.0,1.0,0,1.0
341,1,537.0,172.0,257.0,135.0,1.0,0,1.0
342,1,538.0,172.0,257.0,135.0,1.0,0,1.0
343,1,540.0,172.0,257.0,135.0,1.0,0,1.0
344,1,542.0,172.0,257.0,135.0,1.0,0,1.0
345,1,544.0,171.0,257.0,135.0,1.0,0,1.0
346,1,545.0,171.0,257.0,135.0,1.0,0,1.0
347,1,546.0,171.0,257.0,135.0,1.0,0,1.0
348,1,548.0,171.0,257.0,135.0,1.0,0,1.0
349,1,549.0,171.0,257.0,135.0,1.0,0,1.0
350,1,551.0,170.0,257.0,135.0,1.0,0,1.0
351,1,552.0,170.0,257.0,135.0,1.0,0,1.0
352,1,553.0,170.0,255.0,134.0,1.0,0,1.0
353,1,556.0,170.0,255.0,134.0,1.0,0,1.0
357,4,430.0,287.0,206.0,130.0,1.0,3,1.0
358,4,426.0,287.0,206.0,130.0,1.0,3,1.0
359,4,420.0,287.0,206.0,130.0,1.0,3,1.0
360,4,416.0,287.0,206.0,130.0,1.0,3,1.0
361,4,410.0,287.0,206.0,130.0,1.0,3,1.0
362,4,405.0,288.0,206.0,130.0,1.0,3,1.0
363,4,401.0,288.0,208.0,131.0,1.0,3,1.0
364,4,395.0,288.0,208.0,131.0,1.0,3,1.0
365,4,391.0,288.0,208.0,131.0,1.0,3,1.0
366,4,385.0,288.0,208.0,131.0,1.0,3,1.0
367,4,380.0,288.0,208.0,131.0,1.0,3,1.0
368,4,376.0,289.0,208.0,131.0,1.0,3,1.0
369,4,370.0,289.0,208.0,131.0,1.0,3,1.0
370,4,366.0,289.0,208.0,131.0,1.0,3,1.0
371,4,360.0,289.0,208.0,131.0,1.0,3,1.0
372,4,355.0,289.0,208.0,131.0,1.0,3,1.0
373,4,351.0,289.0,208.0,131.0,1.0,3,1.0
374,4,345.0,289.0,208.0,131.0,1.0,3,1.0
375,4,341.0,290.0,208.0,131.0,1.0,3,1.0
376,4,335.0,290.0,208.0,131.0,1.0,3,1.0
377,4,330.0,290.0,208.0,131.0,1.0,3,1.0
378,4,326.0,290.0,208.0,131.0,1.0,3,1.0
379,4,320.0,290.0,208.0,131.0,1.0,3,1.0
380,4,316.0,290.0,208.0,131.0,1.0,3,1.0
381,4,310.0,291.0,208.0,131.0,1.0,3,1.0
382,4,305.0,291.0,210.0,132.0,1.0,3,1.0
383,4,301.0,291.0,210.0,132.0,1.0,3,1.0
384,4,295.0,291.0,210.0,132.0,1.0,3,1.0
385,4,291.0,291.0,210.0,132.0,1.0,3,1.0
386,4,285.0,291.0,210.0,132.0,1.0,3,1.0
387,4,280.0,292.0,210.0,132.0,1.0,3,1.0
388,4,276.0,292.0,210.0,132.0,1.0,3,1.0
389,4,270.0,292.0,210.0,132.0,1.0,3,1.0
390,4,266.0,292.0,210.0,132.0,1.0,3,1.0
391,4,260.0,292.0,210.0,132.0,1.0,3,1.0
392,4,255.0,292.0,210.0,132.0,1.0,3,1.0
393,4,251.0,292.0,210.0,132.0,1.0,3,1.0
394,4,245.0,293.0,210.0,132.0,1.0,3,1.0
395,4,241.0,293.0,210.0,132.0,1.0,3,1.0
396,4,235.0,293.0,210.0,132.0,1.0,3,1.0
397,4,230.0,293.0,210.0,132.0,1.0,3,1.0
398,4,226.0,293.0,210.0,132.0,1.0,3,1.0
399,4,220.0,293.0,210.0,132.0,1.0,3,1.0
400,4,216.0,294.0,210.0,132.0,1.0,3,1.0
401,4,210.0,294.0,210.0,132.0,1.0,3,1.0
402,4,205.0,294.0,211.0,133.0,1.0,3,1.0
403,4,201.0,294.0,211.0,133.0,1.0,3,1.0
404,4,195.0,294.0,211.0,133.0,1.0,3,1.0
405,4,191.0,294.0,211.0,133.0,1.0,3,1.0
406,4,185.0,295.0,211.0,133.0,1.0,3,1.0
407,4,180.0,295.0,211.0,133.0,1.0,3,1.0
408,4,176.0,295.0,211.0,133.0,1.0,3,1.0
409,4,170.0,295.0,211.0,133.0,1.0,3,1.0
410,4,166.0,295.0,211.0,133.0,1.0,3,1.0
411,4,160.0,295.0,211.0,133.0,1.0,3,1.0
412,4,155.0,295.0,211.0,133.0,1.0,3,1.0
413,4,151.0,296.0,211.0,133.0,1.0,3,1.0
414,4,145.0,296.0,211.0,133.0,1.0,3,1.0
415,4,141.0,296.0,211.0,133.0,1.0,3,1.0
416,4,135.0,296.0,211.0,133.0,1.0,3,1.0
417,4,130.0,296.0,211.0,133.0,1.0,3,1.0
418,4,126.0,296.0,211.0,133.0,1.0,3,1.0
419,4,120.0,297.0,211.0,133.0,1.0,3,1.0
420,4,116.0,297.0,211.0,133.0,1.0,3,1.0
421,4,110.0,297.0,213.0,134.0,1.0,3,1.0
422,4,105.0,297.0,213.0,134.0,1.0,3,1.0
423,4,101.0,297.0,213.0,134.0,1.0,3,1.0
424,4,95.0,297.0,213.0,134.0,1.0,3,1.0
425,4,91.0,298.0,213.0,134.0,1.0,3,1.0
426,4,85.0,298.0,213.0,134.0,1.0,3,1.0
427,4,80.0,298.0,213.0,134.0,1.0,3,1.0
428,4,76.0,298.0,213.0,134.0,1.0,3,1.0
429,4,70.0,298.0,213.0,134.0,1.0,3,1.0
430,4,66.0,298.0,213.0,134.0,1.0,3,1.0
431,4,60.0,298.0,213.0,134.0,1.0,3,1.0
432,4,55.0,299.0,213.0,134.0,1.0,3,1.0
433,4,51.0,299.0,213.0,134.0,1.0,3,1.0
434,4,45.0,299.0,213.0,134.0,1.0,3,1.0
435,4,41.0,299.0,213.0,134.0,1.0,3,1.0
436,4,35.0,299.0,213.0,134.0,1.0,3,1.0
437,4,30.0,299.0,213.0,134.0,1.0,3,1.0
438,4,26.0,300.0,213.0,134.0,1.0,3,1.0
439,4,20.0,300.0,213.0,134.0,1.0,3,1.0
440,4,16.0,300.0,213.0,134.0,1.0,3,1.0
441,4,10.0,300.0,214.0,135.0,1.0,3,1.0
442,4,5.0,300.0,214.0,135.0,1.0,3,1.0
443,4,1.0,300.0,214.0,135.0,1.0,3,1.0
444,4,-5.0,300.0,214.0,135.0,1.0,3,0.977
445,4,-9.0,301.0,214.0,135.0,1.0,3,0.958
446,4,-15.0,301.0,214.0,135.0,1.0,3,0.93
447,4,-20.0,301.0,214.0,135.0,1.0,3,0.907
448,4,-24.0,301.0,214.0,135.0,1.0,3,0.888
449,4,-30.0,301.0,214.0,135.0,1.0,3,0.86
450,4,-34.0,301.0,214.0,135.0,1.0,3,0.841
