1,1,-116.0,393.0,261.0,137.0,1.0,0,0.479
1,3,86.0,423.0,28.0,98.0,1.0,0,1.0
1,4,927.0,364.0,186.0,117.0,1.0,3,0.177
2,1,-113.0,393.0,261.0,137.0,1.0,0,0.491
2,3,89.0,423.0,28.0,97.0,1.0,0,1.0
2,4,925.0,364.0,186.0,117.0,1.0,3,0.188
3,1,-110.0,393.0,261.0,137.0,1.0,0,0.503
3,3,91.0,423.0,28.0,97.0,1.0,0,1.0
3,4,924.0,364.0,186.0,117.0,1.0,3,0.194
4,1,-107.0,393.0,261.0,137.0,1.0,0,0.514
4,3,94.0,424.0,28.0,97.0,1.0,0,1.0
4,4,922.0,364.0,186.0,117.0,1.0,3,0.204
5,1,-104.0,393.0,261.0,137.0,1.0,0,0.526
5,3,97.0,424.0,28.0,97.0,1.0,0,1.0
5,4,920.0,364.0,186.0,117.0,1.0,3,0.215
6,1,-101.0,392.0,261.0,137.0,1.0,0,0.537
6,3,99.0,424.0,28.0,97.0,1.0,0,1.0
6,4,918.0,363.0,186.0,117.0,1.0,3,0.226
7,1,-98.0,392.0,261.0,137.0,1.0,0,0.549
7,3,102.0,424.0,28.0,97.0,1.0,0,1.0
7,4,916.0,363.0,186.0,117.0,1.0,3,0.237
8,1,-95.0,392.0,261.0,137.0,1.0,0,0.56
8,3,104.0,425.0,28.0,97.0,1.0,0,1.0
8,4,914.0,363.0,186.0,117.0,1.0,3,0.247
9,1,-92.0,392.0,261.0,137.0,1.0,0,0.572
9,3,107.0,425.0,28.0,97.0,1.0,0,1.0
9,4,912.0,363.0,186.0,117.0,1.0,3,0.258
10,1,-89.0,392.0,261.0,137.0,1.0,0,0.583
10,3,110.0,425.0,28.0,97.0,1.0,0,1.0
10,4,910.0,363.0,186.0,117.0,1.0,3,0.269
11,1,-86.0,392.0,261.0,137.0,1.0,0,0.595
11,3,112.0,425.0,28.0,97.0,1.0,0,1.0
11,4,908.0,363.0,187.0,118.0,1.0,3,0.278
12,1,-83.0,392.0,261.0,137.0,1.0,0,0.606
12,3,115.0,426.0,28.0,97.0,1.0,0,1.0
12,4,906.0,363.0,187.0,118.0,1.0,3,0.289
13,1,-81.0,392.0,259.0,136.0,1.0,0,0.61
13,3,117.0,426.0,28.0,97.0,1.0,0,1.0
13,4,904.0,363.0,187.0,118.0,1.0,3,0.299
14,1,-78.0,392.0,259.0,136.0,1.0,0,0.622
14,3,120.0,426.0,28.0,97.0,1.0,0,1.0
14,4,902.0,363.0,187.0,118.0,1.0,3,0.31
15,1,-75.0,391.0,259.0,136.0,1.0,0,0.633
15,3,123.0,426.0,28.0,97.0,1.0,0,1.0
15,4,900.0,362.0,187.0,118.0,1.0,3,0.321
16,1,-72.0,391.0,259.0,136.0,1.0,0,0.645
16,3,125.0,427.0,28.0,97.0,1.0,0,1.0
16,4,898.0,362.0,187.0,118.0,1.0,3,0.332
17,1,-69.0,391.0,259.0,136.0,1.0,0,0.656
17,3,128.0,427.0,28.0,97.0,1.0,0,1.0
17,4,896.0,362.0,187.0,118.0,1.0,3,0.342
18,1,-66.0,391.0,259.0,136.0,1.0,0,0.668
18,3,130.0,427.0,28.0,97.0,1.0,0,1.0
18,4,894.0,362.0,187.0,118.0,1.0,3,0.353
19,1,-63.0,391.0,259.0,136.0,1.0,0,0.68
19,3,133.0,427.0,28.0,97.0,1.0,0,1.0
19,4,892.0,362.0,187.0,118.0,1.0,3,0.364
20,1,-60.0,391.0,259.0,136.0,1.0,0,0.691
20,3,136.0,427.0,28.0,97.0,1.0,0,1.0
20,4,890.0,362.0,187.0,118.0,1.0,3,0.374
21,1,-57.0,391.0,259.0,136.0,1.0,0,0.703
21,3,138.0,428.0,28.0,97.0,1.0,0,1.0
21,4,888.0,362.0,189.0,119.0,1.0,3,0.381
22,1,-54.0,391.0,259.0,136.0,1.0,0,0.714
22,3,141.0,428.0,28.0,97.0,1.0,0,1.0
22,4,886.0,362.0,189.0,119.0,1.0,3,0.392
23,1,-51.0,391.0,259.0,136.0,1.0,0,0.726
23,3,143.0,428.0,28.0,97.0,1.0,0,1.0
23,4,884.0,361.0,189.0,119.0,1.0,3,0.402
24,1,-48.0,390.0,259.0,136.0,1.0,0,0.738
24,3,146.0,428.0,28.0,97.0,1.0,0,1.0
24,4,882.0,361.0,189.0,119.0,1.0,3,0.413
25,1,-45.0,390.0,259.0,136.0,1.0,0,0.749
25,3,148.0,429.0,28.0,97.0,1.0,0,1.0
25,4,880.0,361.0,189.0,119.0,1.0,3,0.423
26,1,-42.0,390.0,259.0,136.0,1.0,0,0.761
26,3,151.0,429.0,28.0,97.0,1.0,0,1.0
26,4,878.0,361.0,189.0,119.0,1.0,3,0.434
27,1,-40.0,390.0,259.0,136.0,1.0,0,0.768
27,3,154.0,429.0,28.0,97.0,1.0,0,1.0
27,4,877.0,361.0,189.0,119.0,1.0,3,0.439
28,1,-37.0,390.0,259.0,136.0,1.0,0,0.78
28,3,156.0,429.0,28.0,97.0,1.0,0,1.0
28,4,875.0,361.0,189.0,119.0,1.0,3,0.45
29,1,-34.0,390.0,259.0,136.0,1.0,0,0.792
29,2,959.0,396.0,297.0,187.0,1.0,3,0.003
29,3,159.0,430.0,28.0,97.0,1.0,0,1.0
29,4,873.0,361.0,189.0,119.0,1.0,3,0.457
30,1,-31.0,390.0,259.0,136.0,1.0,0,0.804
30,2,957.0,396.0,297.0,187.0,1.0,3,0.008
30,3,161.0,430.0,28.0,97.0,1.0,0,1.0
30,4,871.0,361.0,189.0,119.0,1.0,3,0.46
31,1,-28.0,390.0,259.0,136.0,1.0,0,0.816
31,2,954.0,396.0,297.0,187.0,1.0,3,0.016
31,3,164.0,430.0,28.0,97.0,1.0,0,1.0
31,4,869.0,360.0,190.0,120.0,1.0,3,0.457
32,1,-25.0,390.0,259.0,136.0,1.0,0,0.827
32,2,951.0,396.0,297.0,187.0,1.0,3,0.023
32,3,167.0,430.0,28.0,97.0,1.0,0,1.0
32,4,867.0,360.0,190.0,120.0,1.0,3,0.456
33,1,-22.0,389.0,259.0,136.0,1.0,0,0.84
33,2,948.0,396.0,297.0,187.0,1.0,3,0.031
33,3,169.0,431.0,28.0,97.0,1.0,0,1.0
33,4,865.0,360.0,190.0,120.0,1.0,3,0.456
34,1,-19.0,389.0,259.0,136.0,1.0,0,0.852
34,2,946.0,396.0,297.0,187.0,1.0,3,0.036
34,3,172.0,431.0,28.0,97.0,1.0,0,1.0
34,4,863.0,360.0,190.0,120.0,1.0,3,0.459
35,1,-16.0,389.0,259.0,136.0,1.0,0,0.864
35,2,943.0,396.0,297.0,187.0,1.0,3,0.044
35,3,174.0,431.0,28.0,97.0,1.0,0,1.0
35,4,861.0,360.0,190.0,120.0,1.0,3,0.458
36,1,-13.0,389.0,257.0,135.0,1.0,0,0.874
36,2,940.0,396.0,297.0,187.0,1.0,3,0.052
36,3,177.0,431.0,28.0,97.0,1.0,0,1.0
36,4,859.0,360.0,190.0,120.0,1.0,3,0.458
37,1,-10.0,389.0,257.0,135.0,1.0,0,0.887
37,2,938.0,397.0,297.0,187.0,1.0,3,0.057
37,3,180.0,432.0,28.0,97.0,1.0,0,1.0
37,4,857.0,360.0,190.0,120.0,1.0,3,0.462
38,1,-7.0,389.0,257.0,135.0,1.0,0,0.899
38,2,935.0,397.0,297.0,187.0,1.0,3,0.064
38,3,182.0,432.0,28.0,97.0,1.0,0,1.0
38,4,855.0,360.0,190.0,120.0,1.0,3,0.462
39,1,-4.0,389.0,257.0,135.0,1.0,0,0.91
39,2,932.0,397.0,297.0,187.0,1.0,3,0.072
39,3,185.0,432.0,28.0,97.0,1.0,0,1.0
39,4,853.0,360.0,190.0,120.0,1.0,3,0.461
40,1,-1.0,389.0,257.0,135.0,1.0,0,0.922
40,2,929.0,397.0,297.0,187.0,1.0,3,0.08
40,3,187.0,432.0,28.0,97.0,1.0,0,1.0
40,4,851.0,359.0,190.0,120.0,1.0,3,0.462
41,1,2.0,389.0,257.0,135.0,1.0,0,0.927
41,2,927.0,397.0,297.0,187.0,1.0,3,0.085
41,3,190.0,433.0,28.0,97.0,1.0,0,1.0
41,4,849.0,359.0,192.0,121.0,1.0,3,0.46
42,1,4.0,388.0,257.0,135.0,1.0,0,0.927
42,2,924.0,397.0,297.0,187.0,1.0,3,0.093
42,3,193.0,433.0,28.0,97.0,1.0,0,1.0
42,4,847.0,359.0,192.0,121.0,1.0,3,0.46
43,1,7.0,388.0,257.0,135.0,1.0,0,0.927
43,2,921.0,397.0,297.0,187.0,1.0,3,0.1
43,3,195.0,433.0,28.0,97.0,1.0,0,1.0
43,4,845.0,359.0,192.0,121.0,1.0,3,0.46
44,1,10.0,388.0,257.0,135.0,1.0,0,0.927
44,2,918.0,397.0,297.0,187.0,1.0,3,0.108
44,3,198.0,433.0,28.0,97.0,1.0,0,1.0
44,4,843.0,359.0,192.0,121.0,1.0,3,0.459
45,1,13.0,388.0,257.0,135.0,1.0,0,0.928
45,2,916.0,397.0,297.0,187.0,1.0,3,0.113
45,3,200.0,434.0,28.0,96.0,1.0,0,1.0
45,4,841.0,359.0,192.0,121.0,1.0,3,0.463
46,1,16.0,388.0,257.0,135.0,1.0,0,0.928
46,2,913.0,397.0,297.0,187.0,1.0,3,0.121
46,3,203.0,434.0,28.0,96.0,1.0,0,1.0
46,4,839.0,359.0,192.0,121.0,1.0,3,0.462
47,1,19.0,388.0,257.0,135.0,1.0,0,0.928
47,2,910.0,397.0,297.0,187.0,1.0,3,0.129
47,3,205.0,434.0,28.0,96.0,1.0,0,1.0
47,4,837.0,359.0,192.0,121.0,1.0,3,0.462
48,1,22.0,388.0,257.0,135.0,1.0,0,0.928
48,2,907.0,397.0,297.0,187.0,1.0,3,0.136
48,3,208.0,434.0,28.0,96.0,1.0,0,1.0
48,4,835.0,358.0,192.0,121.0,1.0,3,0.464
49,1,25.0,388.0,257.0,135.0,1.0,0,0.929
49,2,905.0,397.0,297.0,187.0,1.0,3,0.142
49,3,211.0,435.0,28.0,96.0,1.0,0,1.0
49,4,833.0,358.0,192.0,121.0,1.0,3,0.467
50,1,28.0,388.0,257.0,135.0,1.0,0,0.929
50,2,902.0,397.0,297.0,187.0,1.0,3,0.149
50,3,213.0,435.0,28.0,96.0,1.0,0,1.0
50,4,831.0,358.0,192.0,121.0,1.0,3,0.467
51,1,31.0,387.0,257.0,135.0,1.0,0,0.93
51,2,899.0,397.0,297.0,187.0,1.0,3,0.157
51,3,216.0,435.0,28.0,96.0,1.0,0,1.0
51,4,829.0,358.0,192.0,121.0,1.0,3,0.467
52,1,34.0,387.0,257.0,135.0,1.0,0,0.93
52,2,896.0,398.0,297.0,187.0,1.0,3,0.164
52,3,218.0,435.0,28.0,96.0,1.0,0,1.0
52,4,828.0,358.0,194.0,122.0,1.0,3,0.459
53,1,37.0,387.0,257.0,135.0,1.0,0,0.931
53,2,894.0,398.0,297.0,187.0,1.0,3,0.169
53,3,221.0,436.0,28.0,96.0,1.0,0,1.0
53,4,826.0,358.0,194.0,122.0,1.0,3,0.462
54,1,40.0,387.0,257.0,135.0,1.0,0,0.931
54,2,891.0,398.0,297.0,187.0,1.0,3,0.176
54,3,224.0,436.0,28.0,96.0,1.0,0,1.0
54,4,824.0,358.0,194.0,122.0,1.0,3,0.462
55,1,43.0,387.0,257.0,135.0,1.0,0,0.931
55,2,888.0,398.0,297.0,187.0,1.0,3,0.184
55,3,226.0,436.0,28.0,96.0,1.0,0,1.0
55,4,822.0,358.0,194.0,122.0,1.0,3,0.462
56,1,45.0,387.0,257.0,135.0,1.0,0,0.931
56,2,885.0,398.0,297.0,187.0,1.0,3,0.192
56,3,229.0,436.0,28.0,96.0,1.0,0,1.0
56,4,820.0,358.0,194.0,122.0,1.0,3,0.462
57,1,48.0,387.0,257.0,135.0,1.0,0,0.931
57,2,883.0,398.0,297.0,187.0,1.0,3,0.197
57,3,231.0,436.0,28.0,96.0,1.0,0,1.0
57,4,818.0,357.0,194.0,122.0,1.0,3,0.468
58,1,51.0,387.0,255.0,134.0,1.0,0,0.931
58,2,880.0,398.0,297.0,187.0,1.0,3,0.205
58,3,234.0,437.0,28.0,96.0,1.0,0,1.0
58,4,816.0,357.0,194.0,122.0,1.0,3,0.468
59,1,54.0,387.0,255.0,134.0,1.0,0,0.931
59,2,877.0,398.0,297.0,187.0,1.0,3,0.212
59,3,237.0,437.0,28.0,96.0,1.0,0,1.0
59,4,814.0,357.0,194.0,122.0,1.0,3,0.469
60,1,57.0,387.0,255.0,134.0,1.0,0,0.931
60,2,874.0,398.0,297.0,187.0,1.0,3,0.22
60,3,239.0,437.0,28.0,96.0,1.0,0,1.0
60,4,812.0,357.0,194.0,122.0,1.0,3,0.469
61,1,60.0,386.0,255.0,134.0,1.0,0,0.932
61,2,872.0,398.0,297.0,187.0,1.0,3,0.225
61,3,242.0,437.0,28.0,96.0,1.0,0,1.0
61,4,810.0,357.0,194.0,122.0,1.0,3,0.472
62,1,63.0,386.0,255.0,134.0,1.0,0,0.933
62,2,869.0,398.0,297.0,187.0,1.0,3,0.233
62,3,244.0,438.0,28.0,96.0,1.0,0,1.0
62,4,808.0,357.0,195.0,123.0,1.0,3,0.468
63,1,66.0,386.0,255.0,134.0,1.0,0,0.933
63,2,866.0,398.0,297.0,187.0,1.0,3,0.24
63,3,247.0,438.0,28.0,96.0,1.0,0,1.0
63,4,806.0,357.0,195.0,123.0,1.0,3,0.468
64,1,69.0,386.0,255.0,134.0,1.0,0,0.933
64,2,863.0,398.0,297.0,187.0,1.0,3,0.248
64,3,250.0,438.0,28.0,96.0,1.0,0,1.0
64,4,804.0,357.0,195.0,123.0,1.0,3,0.468
65,1,72.0,386.0,255.0,134.0,1.0,0,0.933
65,2,861.0,398.0,297.0,187.0,1.0,3,0.253
65,3,252.0,438.0,28.0,96.0,1.0,0,1.0
65,4,802.0,356.0,195.0,123.0,1.0,3,0.476
66,1,75.0,386.0,255.0,134.0,1.0,0,0.934
66,2,858.0,398.0,297.0,187.0,1.0,3,0.261
66,3,255.0,439.0,28.0,96.0,1.0,0,1.0
66,4,800.0,356.0,195.0,123.0,1.0,3,0.476
67,1,78.0,386.0,255.0,134.0,1.0,0,0.934
67,2,855.0,399.0,297.0,187.0,1.0,3,0.267
67,3,257.0,439.0,28.0,96.0,1.0,0,1.0
67,4,798.0,356.0,195.0,123.0,1.0,3,0.481
68,1,81.0,386.0,255.0,134.0,1.0,0,0.934
68,2,852.0,399.0,297.0,187.0,1.0,3,0.274
68,3,260.0,439.0,28.0,96.0,1.0,0,1.0
68,4,796.0,356.0,195.0,123.0,1.0,3,0.481
69,1,84.0,386.0,255.0,134.0,1.0,0,0.934
69,2,850.0,399.0,297.0,187.0,1.0,3,0.279
69,3,263.0,439.0,28.0,96.0,1.0,0,1.0
69,4,794.0,356.0,195.0,123.0,1.0,3,0.484
70,1,86.0,385.0,255.0,134.0,1.0,0,0.935
70,2,847.0,399.0,297.0,187.0,1.0,3,0.287
70,3,265.0,440.0,28.0,96.0,1.0,0,1.0
70,4,792.0,356.0,195.0,123.0,1.0,3,0.485
71,1,89.0,385.0,255.0,134.0,1.0,0,0.935
71,2,844.0,399.0,297.0,187.0,1.0,3,0.294
71,3,268.0,440.0,28.0,96.0,1.0,0,1.0
71,4,790.0,356.0,195.0,123.0,1.0,3,0.485
72,1,92.0,385.0,255.0,134.0,1.0,0,0.935
72,2,841.0,399.0,297.0,187.0,1.0,3,0.302
72,3,270.0,440.0,28.0,96.0,1.0,0,1.0
72,4,788.0,356.0,197.0,124.0,1.0,3,0.479
73,1,95.0,385.0,255.0,134.0,1.0,0,0.935
73,2,839.0,399.0,297.0,187.0,1.0,3,0.307
73,3,273.0,440.0,28.0,96.0,1.0,0,1.0
73,4,786.0,355.0,197.0,124.0,1.0,3,0.487
74,1,98.0,385.0,255.0,134.0,1.0,0,0.936
74,2,836.0,399.0,297.0,187.0,1.0,3,0.315
74,3,275.0,441.0,28.0,96.0,1.0,0,1.0
74,4,784.0,355.0,197.0,124.0,1.0,3,0.487
75,1,101.0,385.0,255.0,134.0,1.0,0,0.936
75,2,833.0,399.0,297.0,187.0,1.0,3,0.322
75,3,278.0,441.0,28.0,96.0,1.0,0,1.0
75,4,782.0,355.0,197.0,124.0,1.0,3,0.488
76,1,104.0,385.0,255.0,134.0,1.0,0,0.936
76,2,830.0,399.0,297.0,187.0,1.0,3,0.33
76,3,281.0,441.0,28.0,96.0,1.0,0,1.0
76,4,780.0,355.0,197.0,124.0,1.0,3,0.488
77,1,107.0,385.0,255.0,134.0,1.0,0,0.936
77,2,828.0,399.0,297.0,187.0,1.0,3,0.335
77,3,283.0,441.0,28.0,96.0,1.0,0,1.0
77,4,779.0,355.0,197.0,124.0,1.0,3,0.486
78,1,110.0,385.0,255.0,134.0,1.0,0,0.937
78,2,825.0,399.0,297.0,187.0,1.0,3,0.343
78,3,286.0,442.0,28.0,96.0,1.0,0,1.0
78,4,777.0,355.0,197.0,124.0,1.0,3,0.487
79,1,113.0,384.0,255.0,134.0,1.0,0,0.938
79,2,822.0,399.0,297.0,187.0,1.0,3,0.35
79,3,288.0,442.0,28.0,96.0,1.0,0,1.0
79,4,775.0,355.0,197.0,124.0,1.0,3,0.487
80,1,116.0,384.0,255.0,134.0,1.0,0,0.938
80,2,819.0,399.0,297.0,187.0,1.0,3,0.358
80,3,291.0,442.0,28.0,96.0,1.0,0,1.0
80,4,773.0,355.0,197.0,124.0,1.0,3,0.487
81,1,119.0,384.0,254.0,133.0,1.0,0,0.938
81,2,817.0,399.0,297.0,187.0,1.0,3,0.363
81,3,294.0,442.0,28.0,96.0,1.0,0,1.0
81,4,771.0,355.0,197.0,124.0,1.0,3,0.491
82,1,122.0,384.0,254.0,133.0,1.0,0,0.939
82,2,814.0,400.0,297.0,187.0,1.0,3,0.368
82,3,296.0,443.0,28.0,96.0,1.0,0,1.0
82,4,769.0,354.0,198.0,125.0,1.0,3,0.499
83,1,125.0,384.0,254.0,133.0,1.0,0,0.939
83,2,811.0,400.0,297.0,187.0,1.0,3,0.376
83,3,299.0,443.0,28.0,96.0,1.0,0,1.0
83,4,767.0,354.0,198.0,125.0,1.0,3,0.499
84,1,127.0,384.0,254.0,133.0,1.0,0,0.939
84,2,808.0,400.0,297.0,187.0,1.0,3,0.383
84,3,301.0,443.0,28.0,96.0,1.0,0,1.0
84,4,765.0,354.0,198.0,125.0,1.0,3,0.5
85,1,130.0,384.0,254.0,133.0,1.0,0,0.939
85,2,806.0,400.0,297.0,187.0,1.0,3,0.388
85,3,304.0,443.0,28.0,96.0,1.0,0,1.0
85,4,763.0,354.0,198.0,125.0,1.0,3,0.503
86,1,133.0,384.0,254.0,133.0,1.0,0,0.939
86,2,803.0,400.0,297.0,187.0,1.0,3,0.396
86,3,307.0,444.0,28.0,96.0,1.0,0,1.0
86,4,761.0,354.0,198.0,125.0,1.0,3,0.502
87,1,136.0,384.0,254.0,133.0,1.0,0,0.939
87,2,800.0,400.0,297.0,187.0,1.0,3,0.403
87,3,309.0,444.0,28.0,96.0,1.0,0,1.0
87,4,759.0,354.0,198.0,125.0,1.0,3,0.499
88,1,139.0,383.0,254.0,133.0,1.0,0,0.94
88,2,797.0,400.0,297.0,187.0,1.0,3,0.411
88,3,312.0,444.0,28.0,96.0,1.0,0,1.0
88,4,757.0,354.0,198.0,125.0,1.0,3,0.496
89,1,142.0,383.0,254.0,133.0,1.0,0,0.942
89,2,795.0,400.0,297.0,187.0,1.0,3,0.416
89,3,314.0,444.0,27.0,95.0,1.0,0,1.0
89,4,755.0,354.0,198.0,125.0,1.0,3,0.496
90,1,145.0,383.0,254.0,133.0,1.0,0,0.943
90,2,792.0,400.0,297.0,187.0,1.0,3,0.423
90,3,317.0,445.0,27.0,95.0,1.0,0,1.0
90,4,753.0,353.0,198.0,125.0,1.0,3,0.499
91,1,148.0,383.0,254.0,133.0,1.0,0,0.943
91,2,789.0,400.0,297.0,187.0,1.0,3,0.431
91,3,320.0,445.0,27.0,95.0,1.0,0,1.0
91,4,751.0,353.0,198.0,125.0,1.0,3,0.496
92,1,151.0,383.0,254.0,133.0,1.0,0,0.943
92,2,786.0,400.0,297.0,187.0,1.0,3,0.439
92,3,322.0,445.0,27.0,95.0,1.0,0,1.0
92,4,749.0,353.0,200.0,126.0,1.0,3,0.489
93,1,154.0,383.0,254.0,133.0,1.0,0,0.943
93,2,784.0,400.0,297.0,187.0,1.0,3,0.444
93,3,325.0,445.0,27.0,95.0,1.0,0,1.0
93,4,747.0,353.0,200.0,126.0,1.0,3,0.489
94,1,157.0,383.0,254.0,133.0,1.0,0,0.944
94,2,781.0,400.0,295.0,186.0,1.0,3,0.457
94,3,327.0,446.0,27.0,95.0,1.0,0,0.989
94,4,745.0,353.0,200.0,126.0,1.0,3,0.486
95,1,160.0,383.0,254.0,133.0,1.0,0,0.944
95,2,778.0,400.0,295.0,186.0,1.0,3,0.464
95,3,330.0,446.0,27.0,95.0,1.0,0,0.989
95,4,743.0,353.0,200.0,126.0,1.0,3,0.483
96,1,163.0,383.0,254.0,133.0,1.0,0,0.944
96,2,775.0,400.0,295.0,186.0,1.0,3,0.472
96,3,332.0,446.0,27.0,95.0,1.0,0,0.989
96,4,741.0,353.0,200.0,126.0,1.0,3,0.48
97,1,166.0,382.0,254.0,133.0,1.0,0,0.945
97,2,773.0,401.0,295.0,186.0,1.0,3,0.474
97,3,335.0,446.0,27.0,95.0,1.0,0,0.989
97,4,739.0,353.0,200.0,126.0,1.0,3,0.486
98,1,168.0,382.0,254.0,133.0,1.0,0,0.945
98,2,770.0,401.0,295.0,186.0,1.0,3,0.481
98,3,338.0,446.0,27.0,95.0,1.0,0,0.989
98,4,737.0,352.0,200.0,126.0,1.0,3,0.49
99,1,171.0,382.0,254.0,133.0,1.0,0,0.946
99,2,767.0,401.0,295.0,186.0,1.0,3,0.489
99,3,340.0,447.0,27.0,95.0,1.0,0,0.979
99,4,735.0,352.0,200.0,126.0,1.0,3,0.487
100,1,174.0,382.0,254.0,133.0,1.0,0,0.946
100,2,764.0,401.0,295.0,186.0,1.0,3,0.497
100,3,343.0,447.0,27.0,95.0,1.0,0,0.979
100,4,733.0,352.0,200.0,126.0,1.0,3,0.484
101,1,177.0,382.0,254.0,133.0,1.0,0,0.946
101,2,762.0,401.0,295.0,186.0,1.0,3,0.502
101,3,345.0,447.0,27.0,95.0,1.0,0,0.979
101,4,732.0,352.0,200.0,126.0,1.0,3,0.481
102,1,180.0,382.0,254.0,133.0,1.0,0,0.946
102,2,759.0,401.0,295.0,186.0,1.0,3,0.509
102,3,348.0,447.0,27.0,95.0,1.0,0,0.979
102,4,730.0,352.0,202.0,127.0,1.0,3,0.474
103,1,183.0,382.0,252.0,132.0,1.0,0,0.946
103,2,756.0,401.0,295.0,186.0,1.0,3,0.517
103,3,351.0,448.0,27.0,95.0,1.0,0,0.968
103,4,728.0,352.0,202.0,127.0,1.0,3,0.471
104,1,186.0,382.0,252.0,132.0,1.0,0,0.946
104,2,753.0,401.0,295.0,186.0,1.0,3,0.524
104,3,353.0,448.0,27.0,95.0,1.0,0,0.968
104,4,726.0,352.0,202.0,127.0,1.0,3,0.468
105,1,189.0,382.0,252.0,132.0,1.0,0,0.946
105,2,751.0,401.0,295.0,186.0,1.0,3,0.529
105,3,356.0,448.0,27.0,95.0,1.0,0,0.968
105,4,724.0,352.0,202.0,127.0,1.0,3,0.468
106,1,192.0,382.0,252.0,132.0,1.0,0,0.946
106,2,748.0,401.0,295.0,186.0,1.0,3,0.537
106,3,358.0,448.0,27.0,95.0,1.0,0,0.968
106,4,722.0,352.0,202.0,127.0,1.0,3,0.465
107,1,195.0,381.0,252.0,132.0,1.0,0,0.948
107,2,745.0,401.0,295.0,186.0,1.0,3,0.545
107,3,361.0,449.0,27.0,95.0,1.0,0,0.958
107,4,720.0,351.0,202.0,127.0,1.0,3,0.469
108,1,198.0,381.0,252.0,132.0,1.0,0,0.948
108,2,743.0,401.0,295.0,186.0,1.0,3,0.55
108,3,364.0,449.0,27.0,95.0,1.0,0,0.958
108,4,718.0,351.0,202.0,127.0,1.0,3,0.469
109,1,201.0,381.0,252.0,132.0,1.0,0,0.948
109,2,740.0,401.0,295.0,186.0,1.0,3,0.557
109,3,366.0,449.0,27.0,95.0,1.0,0,0.958
109,4,716.0,351.0,202.0,127.0,1.0,3,0.466
110,1,204.0,381.0,252.0,132.0,1.0,0,0.948
110,2,737.0,401.0,295.0,186.0,1.0,3,0.565
110,3,369.0,449.0,27.0,95.0,1.0,0,0.958
110,4,714.0,351.0,202.0,127.0,1.0,3,0.463
111,1,207.0,381.0,252.0,132.0,1.0,0,0.949
111,2,734.0,401.0,295.0,186.0,1.0,3,0.573
111,3,371.0,450.0,27.0,95.0,1.0,0,0.947
111,4,712.0,351.0,202.0,127.0,1.0,3,0.46
112,1,209.0,381.0,252.0,132.0,1.0,0,0.949
112,2,732.0,402.0,295.0,186.0,1.0,3,0.573
112,3,374.0,450.0,27.0,95.0,1.0,0,0.947
112,4,710.0,351.0,203.0,128.0,1.0,3,0.464
113,1,212.0,381.0,252.0,132.0,1.0,0,0.949
113,2,729.0,402.0,295.0,186.0,1.0,3,0.581
113,3,377.0,450.0,27.0,95.0,1.0,0,0.947
113,4,708.0,351.0,203.0,128.0,1.0,3,0.461
114,1,215.0,381.0,252.0,132.0,1.0,0,0.949
114,2,726.0,402.0,295.0,186.0,1.0,3,0.589
114,3,379.0,450.0,27.0,95.0,1.0,0,0.947
114,4,706.0,351.0,203.0,128.0,1.0,3,0.458
115,1,218.0,381.0,252.0,132.0,1.0,0,0.95
115,2,723.0,402.0,295.0,186.0,1.0,3,0.596
115,3,382.0,451.0,27.0,95.0,1.0,0,0.937
115,4,704.0,350.0,203.0,128.0,1.0,3,0.462
116,1,221.0,380.0,252.0,132.0,1.0,0,0.95
116,2,721.0,402.0,295.0,186.0,1.0,3,0.601
116,3,384.0,451.0,27.0,95.0,1.0,0,0.937
116,4,702.0,350.0,203.0,128.0,1.0,3,0.462
117,1,224.0,380.0,252.0,132.0,1.0,0,0.95
117,2,718.0,402.0,295.0,186.0,1.0,3,0.609
117,3,387.0,451.0,27.0,95.0,1.0,0,0.937
117,4,700.0,350.0,203.0,128.0,1.0,3,0.459
118,1,227.0,380.0,252.0,132.0,1.0,0,0.95
118,2,715.0,402.0,295.0,186.0,1.0,3,0.616
118,3,389.0,451.0,27.0,95.0,1.0,0,0.937
118,4,698.0,350.0,203.0,128.0,1.0,3,0.456
119,1,230.0,380.0,252.0,132.0,1.0,0,0.951
119,2,712.0,402.0,295.0,186.0,1.0,3,0.624
119,3,392.0,452.0,27.0,95.0,1.0,0,0.926
119,4,696.0,350.0,203.0,128.0,1.0,3,0.453
120,1,233.0,380.0,252.0,132.0,1.0,0,0.951
120,2,710.0,402.0,295.0,186.0,1.0,3,0.629
120,3,395.0,452.0,27.0,95.0,1.0,0,0.926
120,4,694.0,350.0,203.0,128.0,1.0,3,0.453
121,1,236.0,380.0,252.0,132.0,1.0,0,0.951
121,2,707.0,402.0,295.0,186.0,1.0,3,0.636
121,3,397.0,452.0,27.0,95.0,1.0,0,0.926
121,4,692.0,350.0,203.0,128.0,1.0,3,0.45
122,1,239.0,380.0,252.0,132.0,1.0,0,0.951
122,2,704.0,402.0,295.0,186.0,1.0,3,0.644
122,3,400.0,452.0,27.0,95.0,1.0,0,0.926
122,4,690.0,350.0,205.0,129.0,1.0,3,0.444
123,1,242.0,380.0,252.0,132.0,1.0,0,0.952
123,2,701.0,402.0,295.0,186.0,1.0,3,0.651
123,3,402.0,453.0,27.0,95.0,1.0,0,0.916
123,4,688.0,349.0,205.0,129.0,1.0,3,0.448
124,1,245.0,380.0,252.0,132.0,1.0,0,0.952
124,2,699.0,402.0,295.0,186.0,1.0,3,0.656
124,3,405.0,453.0,27.0,95.0,1.0,0,0.916
124,4,686.0,349.0,205.0,129.0,1.0,3,0.448
125,1,248.0,379.0,252.0,132.0,1.0,0,0.953
125,2,696.0,402.0,295.0,186.0,1.0,3,0.664
125,3,408.0,453.0,27.0,95.0,1.0,0,0.916
125,4,684.0,349.0,205.0,129.0,1.0,3,0.445
126,1,250.0,379.0,250.0,131.0,1.0,0,0.953
126,2,693.0,402.0,295.0,186.0,1.0,3,0.672
126,3,410.0,453.0,27.0,95.0,1.0,0,0.916
126,4,683.0,349.0,205.0,129.0,1.0,3,0.44
127,1,253.0,379.0,250.0,131.0,1.0,0,0.954
127,2,690.0,403.0,295.0,186.0,1.0,3,0.674
127,3,413.0,454.0,27.0,95.0,1.0,0,0.905
127,4,681.0,349.0,205.0,129.0,1.0,3,0.444
128,1,256.0,379.0,250.0,131.0,1.0,0,0.954
128,2,688.0,403.0,295.0,186.0,1.0,3,0.679
128,3,415.0,454.0,27.0,95.0,1.0,0,0.905
128,4,679.0,349.0,205.0,129.0,1.0,3,0.444
129,1,259.0,379.0,250.0,131.0,1.0,0,0.954
129,2,685.0,403.0,295.0,186.0,1.0,3,0.687
129,3,418.0,454.0,27.0,95.0,1.0,0,0.905
129,4,677.0,349.0,205.0,129.0,1.0,3,0.441
130,1,262.0,379.0,250.0,131.0,1.0,0,0.954
130,2,682.0,403.0,295.0,186.0,1.0,3,0.694
130,3,421.0,454.0,27.0,95.0,1.0,0,0.905
130,4,675.0,349.0,205.0,129.0,1.0,3,0.438
131,1,265.0,379.0,250.0,131.0,1.0,0,0.955
131,2,679.0,403.0,295.0,186.0,1.0,3,0.702
131,3,423.0,455.0,27.0,95.0,1.0,0,0.895
131,4,673.0,349.0,205.0,129.0,1.0,3,0.436
132,1,268.0,379.0,250.0,131.0,1.0,0,0.955
132,2,677.0,403.0,295.0,186.0,1.0,3,0.707
132,3,426.0,455.0,27.0,94.0,1.0,0,0.904
132,4,671.0,348.0,206.0,130.0,1.0,3,0.44
133,1,271.0,379.0,250.0,131.0,1.0,0,0.955
133,2,674.0,403.0,295.0,186.0,1.0,3,0.714
133,3,428.0,455.0,27.0,94.0,1.0,0,0.904
133,4,669.0,348.0,206.0,130.0,1.0,3,0.437
134,1,274.0,378.0,250.0,131.0,1.0,0,0.955
134,2,671.0,403.0,295.0,186.0,1.0,3,0.722
134,3,431.0,455.0,27.0,94.0,1.0,0,0.904
134,4,667.0,348.0,206.0,130.0,1.0,3,0.434
135,1,277.0,378.0,250.0,131.0,1.0,0,0.956
135,2,668.0,403.0,295.0,186.0,1.0,3,0.729
135,3,434.0,456.0,27.0,94.0,1.0,0,0.894
135,4,665.0,348.0,206.0,130.0,1.0,3,0.431
136,1,280.0,378.0,250.0,131.0,1.0,0,0.956
136,2,666.0,403.0,295.0,186.0,1.0,3,0.734
136,3,436.0,456.0,27.0,94.0,1.0,0,0.894
136,4,663.0,348.0,206.0,130.0,1.0,3,0.431
137,1,283.0,378.0,250.0,131.0,1.0,0,0.956
137,2,663.0,403.0,295.0,186.0,1.0,3,0.737
137,3,439.0,456.0,27.0,94.0,1.0,0,0.894
137,4,661.0,348.0,206.0,130.0,1.0,3,0.429
138,1,286.0,378.0,250.0,131.0,1.0,0,0.956
138,2,660.0,403.0,295.0,186.0,1.0,3,0.737
138,3,441.0,456.0,27.0,94.0,1.0,0,0.894
138,4,659.0,348.0,206.0,130.0,1.0,3,0.426
139,1,289.0,378.0,250.0,131.0,1.0,0,0.956
139,2,657.0,403.0,295.0,186.0,1.0,3,0.737
139,3,444.0,456.0,27.0,94.0,1.0,0,0.894
139,4,657.0,348.0,206.0,130.0,1.0,3,0.423
140,1,291.0,378.0,250.0,131.0,1.0,0,0.957
140,2,655.0,403.0,295.0,186.0,1.0,3,0.737
140,3,446.0,457.0,27.0,94.0,1.0,0,0.883
140,4,655.0,347.0,206.0,130.0,1.0,3,0.431
141,1,294.0,378.0,250.0,131.0,1.0,0,0.957
141,2,652.0,403.0,295.0,186.0,1.0,3,0.737
141,3,449.0,457.0,27.0,94.0,1.0,0,0.883
141,4,653.0,347.0,206.0,130.0,1.0,3,0.431
142,1,297.0,378.0,250.0,131.0,1.0,0,0.957
142,2,649.0,403.0,295.0,186.0,1.0,3,0.737
142,3,452.0,457.0,27.0,94.0,1.0,0,0.883
142,4,651.0,347.0,208.0,131.0,1.0,3,0.427
143,1,300.0,377.0,250.0,131.0,1.0,0,0.958
143,2,646.0,404.0,295.0,186.0,1.0,3,0.731
143,3,454.0,457.0,27.0,94.0,1.0,0,0.883
143,4,649.0,347.0,208.0,131.0,1.0,3,0.435
144,1,303.0,377.0,250.0,131.0,1.0,0,0.959
144,2,644.0,404.0,295.0,186.0,1.0,3,0.731
144,3,457.0,458.0,27.0,94.0,1.0,0,0.872
144,4,647.0,347.0,208.0,131.0,1.0,3,0.435
145,1,306.0,377.0,250.0,131.0,1.0,0,0.959
145,2,641.0,404.0,295.0,186.0,1.0,3,0.731
145,3,459.0,458.0,27.0,94.0,1.0,0,0.872
145,4,645.0,347.0,208.0,131.0,1.0,3,0.435
146,1,309.0,377.0,250.0,131.0,1.0,0,0.959
146,2,638.0,404.0,295.0,186.0,1.0,3,0.731
146,3,462.0,458.0,27.0,94.0,1.0,0,0.872
146,4,643.0,347.0,208.0,131.0,1.0,3,0.435
147,1,312.0,377.0,250.0,131.0,1.0,0,0.959
147,2,635.0,404.0,295.0,186.0,1.0,3,0.731
147,3,465.0,458.0,27.0,94.0,1.0,0,0.872
147,4,641.0,347.0,208.0,131.0,1.0,3,0.435
148,1,315.0,377.0,248.0,130.0,1.0,0,0.96
148,2,633.0,404.0,295.0,186.0,1.0,3,0.731
148,3,467.0,459.0,27.0,94.0,1.0,0,0.862
148,4,639.0,347.0,208.0,131.0,1.0,3,0.435
149,1,318.0,377.0,248.0,130.0,1.0,0,0.96
149,2,630.0,404.0,295.0,186.0,1.0,3,0.731
149,3,470.0,459.0,27.0,94.0,1.0,0,0.862
149,4,637.0,346.0,208.0,131.0,1.0,3,0.443
150,1,321.0,377.0,248.0,130.0,1.0,0,0.96
150,2,627.0,404.0,295.0,186.0,1.0,3,0.731
150,3,472.0,459.0,27.0,94.0,1.0,0,0.862
150,4,635.0,346.0,208.0,131.0,1.0,3,0.443
151,1,324.0,377.0,248.0,130.0,1.0,0,0.96
151,2,624.0,404.0,295.0,186.0,1.0,3,0.731
151,3,475.0,459.0,27.0,94.0,1.0,0,0.862
151,4,634.0,346.0,208.0,131.0,1.0,3,0.443
152,1,327.0,376.0,248.0,130.0,1.0,0,0.961
152,2,622.0,404.0,295.0,186.0,1.0,3,0.731
152,3,478.0,460.0,27.0,94.0,1.0,0,0.851
152,4,632.0,346.0,210.0,132.0,1.0,3,0.439
153,1,330.0,376.0,248.0,130.0,1.0,0,0.961
153,2,619.0,404.0,295.0,186.0,1.0,3,0.731
153,3,480.0,460.0,27.0,94.0,1.0,0,0.851
153,4,630.0,346.0,210.0,132.0,1.0,3,0.439
154,1,332.0,376.0,248.0,130.0,1.0,0,0.961
154,2,616.0,404.0,295.0,186.0,1.0,3,0.731
154,3,483.0,460.0,27.0,94.0,1.0,0,0.851
154,4,628.0,346.0,210.0,132.0,1.0,3,0.439
155,1,335.0,376.0,248.0,130.0,1.0,0,0.961
155,2,613.0,404.0,295.0,186.0,1.0,3,0.731
155,3,485.0,460.0,27.0,94.0,1.0,0,0.851
155,4,626.0,346.0,210.0,132.0,1.0,3,0.439
156,1,338.0,376.0,248.0,130.0,1.0,0,0.962
156,2,611.0,404.0,295.0,186.0,1.0,3,0.731
156,3,488.0,461.0,27.0,94.0,1.0,0,0.84
156,4,624.0,346.0,210.0,132.0,1.0,3,0.439
157,1,341.0,376.0,248.0,130.0,1.0,0,0.962
157,2,608.0,404.0,295.0,186.0,1.0,3,0.731
157,3,491.0,461.0,27.0,94.0,1.0,0,0.84
157,4,622.0,345.0,210.0,132.0,1.0,3,0.447
158,1,344.0,376.0,248.0,130.0,1.0,0,0.962
158,2,605.0,405.0,295.0,186.0,1.0,3,0.726
158,3,493.0,461.0,27.0,94.0,1.0,0,0.84
158,4,620.0,345.0,210.0,132.0,1.0,3,0.455
159,1,347.0,376.0,248.0,130.0,1.0,0,0.962
159,2,602.0,405.0,295.0,186.0,1.0,3,0.726
159,3,496.0,461.0,27.0,94.0,1.0,0,0.84
159,4,618.0,345.0,210.0,132.0,1.0,3,0.455
160,1,350.0,376.0,248.0,130.0,1.0,0,0.963
160,2,600.0,405.0,295.0,186.0,1.0,3,0.726
160,3,498.0,462.0,27.0,94.0,1.0,0,0.83
160,4,616.0,345.0,210.0,132.0,1.0,3,0.455
161,1,353.0,376.0,248.0,130.0,1.0,0,0.951
161,2,597.0,405.0,295.0,186.0,1.0,3,0.726
161,3,501.0,462.0,27.0,94.0,1.0,0,0.83
161,4,614.0,345.0,210.0,132.0,1.0,3,0.455
162,1,356.0,375.0,248.0,130.0,1.0,0,0.933
162,2,594.0,405.0,295.0,186.0,1.0,3,0.726
162,3,504.0,462.0,27.0,94.0,1.0,0,0.83
162,4,612.0,345.0,211.0,133.0,1.0,3,0.451
163,1,359.0,375.0,248.0,130.0,1.0,0,0.914
163,2,591.0,405.0,295.0,186.0,1.0,3,0.726
163,3,506.0,462.0,27.0,94.0,1.0,0,0.83
163,4,610.0,345.0,211.0,133.0,1.0,3,0.451
164,1,362.0,375.0,248.0,130.0,1.0,0,0.9
164,2,589.0,405.0,295.0,186.0,1.0,3,0.726
164,3,509.0,463.0,27.0,94.0,1.0,0,0.819
164,4,608.0,345.0,211.0,133.0,1.0,3,0.449
165,1,365.0,375.0,248.0,130.0,1.0,0,0.881
165,2,586.0,405.0,295.0,186.0,1.0,3,0.726
165,3,511.0,463.0,27.0,94.0,1.0,0,0.819
165,4,606.0,344.0,211.0,133.0,1.0,3,0.451
166,1,368.0,375.0,248.0,130.0,1.0,0,0.862
166,2,583.0,405.0,295.0,186.0,1.0,3,0.726
166,3,514.0,463.0,27.0,94.0,1.0,0,0.819
166,4,604.0,344.0,211.0,133.0,1.0,3,0.446
167,1,371.0,375.0,248.0,130.0,1.0,0,0.844
167,2,580.0,405.0,295.0,186.0,1.0,3,0.726
167,3,516.0,463.0,27.0,94.0,1.0,0,0.819
167,4,602.0,344.0,211.0,133.0,1.0,3,0.44
168,1,374.0,375.0,248.0,130.0,1.0,0,0.829
168,2,578.0,405.0,295.0,186.0,1.0,3,0.726
168,3,519.0,464.0,27.0,94.0,1.0,0,0.809
168,4,600.0,344.0,211.0,133.0,1.0,3,0.435
169,1,376.0,375.0,248.0,130.0,1.0,0,0.814
169,2,575.0,405.0,295.0,186.0,1.0,3,0.726
169,3,522.0,464.0,27.0,94.0,1.0,0,0.809
169,4,598.0,344.0,211.0,133.0,1.0,3,0.431
170,1,379.0,375.0,248.0,130.0,1.0,0,0.795
170,2,572.0,405.0,295.0,186.0,1.0,3,0.726
170,3,524.0,464.0,27.0,94.0,1.0,0,0.809
170,4,596.0,344.0,211.0,133.0,1.0,3,0.426
171,1,382.0,374.0,246.0,129.0,1.0,0,0.785
171,2,569.0,405.0,295.0,186.0,1.0,3,0.726
171,3,527.0,464.0,27.0,94.0,1.0,0,0.809
171,4,594.0,344.0,211.0,133.0,1.0,3,0.421
172,1,385.0,374.0,246.0,129.0,1.0,0,0.77
172,2,567.0,405.0,295.0,186.0,1.0,3,0.726
172,3,529.0,465.0,27.0,94.0,1.0,0,0.798
172,4,592.0,344.0,213.0,134.0,1.0,3,0.413
173,1,388.0,374.0,246.0,129.0,1.0,0,0.754
173,2,564.0,406.0,294.0,185.0,1.0,3,0.724
173,3,532.0,465.0,27.0,94.0,1.0,0,0.798
173,4,590.0,344.0,213.0,134.0,1.0,3,0.413
174,1,391.0,374.0,246.0,129.0,1.0,0,0.737
174,2,561.0,406.0,294.0,185.0,1.0,3,0.723
174,3,535.0,465.0,27.0,94.0,1.0,0,0.798
174,4,588.0,343.0,213.0,134.0,1.0,3,0.415
175,1,394.0,374.0,246.0,129.0,1.0,0,0.726
175,2,559.0,406.0,294.0,185.0,1.0,3,0.717
175,3,537.0,465.0,27.0,93.0,1.0,0,0.806
175,4,586.0,343.0,213.0,134.0,1.0,3,0.41
176,1,397.0,374.0,246.0,129.0,1.0,0,0.715
176,2,556.0,406.0,294.0,185.0,1.0,3,0.709
176,3,540.0,466.0,27.0,93.0,1.0,0,0.796
176,4,585.0,343.0,213.0,134.0,1.0,3,0.405
177,1,400.0,374.0,246.0,129.0,1.0,0,0.703
177,2,553.0,406.0,294.0,185.0,1.0,3,0.703
177,3,542.0,466.0,27.0,93.0,1.0,0,0.796
177,4,583.0,343.0,213.0,134.0,1.0,3,0.4
178,1,403.0,374.0,246.0,129.0,1.0,0,0.692
178,2,550.0,406.0,294.0,185.0,1.0,3,0.694
178,3,545.0,466.0,27.0,93.0,1.0,0,0.796
178,4,581.0,343.0,213.0,134.0,1.0,3,0.394
179,1,406.0,374.0,246.0,129.0,1.0,0,0.682
179,2,548.0,406.0,294.0,185.0,1.0,3,0.688
179,3,548.0,466.0,27.0,93.0,1.0,0,0.796
179,4,579.0,343.0,213.0,134.0,1.0,3,0.388
180,1,409.0,373.0,246.0,129.0,1.0,0,0.667
180,2,545.0,406.0,294.0,185.0,1.0,3,0.688
180,3,550.0,466.0,27.0,93.0,1.0,0,0.796
180,4,577.0,343.0,213.0,134.0,1.0,3,0.38
181,1,412.0,373.0,246.0,129.0,1.0,0,0.649
181,2,542.0,406.0,294.0,185.0,1.0,3,0.688
181,3,553.0,467.0,27.0,93.0,1.0,0,0.785
181,4,575.0,343.0,213.0,134.0,1.0,3,0.374
182,1,415.0,373.0,246.0,129.0,1.0,0,0.631
182,2,539.0,406.0,294.0,185.0,1.0,3,0.688
182,3,555.0,467.0,27.0,93.0,1.0,0,0.785
182,4,573.0,342.0,214.0,135.0,1.0,3,0.374
183,1,417.0,373.0,246.0,129.0,1.0,0,0.619
183,2,537.0,406.0,294.0,185.0,1.0,3,0.688
183,3,558.0,467.0,27.0,93.0,1.0,0,0.785
183,4,571.0,342.0,214.0,135.0,1.0,3,0.369
184,1,420.0,373.0,246.0,129.0,1.0,0,0.601
184,2,534.0,406.0,294.0,185.0,1.0,3,0.688
184,3,561.0,467.0,27.0,93.0,1.0,0,0.785
184,4,569.0,342.0,214.0,135.0,1.0,3,0.363
185,1,423.0,373.0,246.0,129.0,1.0,0,0.583
185,2,531.0,406.0,294.0,185.0,1.0,3,0.689
185,3,563.0,468.0,27.0,93.0,1.0,0,0.774
185,4,567.0,342.0,214.0,135.0,1.0,3,0.358
186,1,426.0,373.0,246.0,129.0,1.0,0,0.564
186,2,528.0,406.0,294.0,185.0,1.0,3,0.689
186,3,566.0,468.0,27.0,93.0,1.0,0,0.774
186,4,565.0,342.0,214.0,135.0,1.0,3,0.352
187,1,429.0,373.0,246.0,129.0,1.0,0,0.549
187,2,526.0,406.0,294.0,185.0,1.0,3,0.689
187,3,568.0,468.0,27.0,93.0,1.0,0,0.774
187,4,563.0,342.0,214.0,135.0,1.0,3,0.346
188,1,432.0,373.0,246.0,129.0,1.0,0,0.536
188,2,523.0,407.0,294.0,185.0,1.0,3,0.683
188,3,571.0,468.0,27.0,93.0,1.0,0,0.774
188,4,561.0,342.0,214.0,135.0,1.0,3,0.344
189,1,435.0,372.0,246.0,129.0,1.0,0,0.523
189,2,520.0,407.0,294.0,185.0,1.0,3,0.684
189,3,573.0,469.0,27.0,93.0,1.0,0,0.763
189,4,559.0,342.0,214.0,135.0,1.0,3,0.334
190,1,438.0,372.0,246.0,129.0,1.0,0,0.505
190,2,517.0,407.0,294.0,185.0,1.0,3,0.684
190,3,576.0,469.0,27.0,93.0,1.0,0,0.763
190,4,557.0,341.0,214.0,135.0,1.0,3,0.335
191,1,441.0,372.0,246.0,129.0,1.0,0,0.491
191,2,515.0,407.0,294.0,185.0,1.0,3,0.684
191,3,579.0,469.0,27.0,93.0,1.0,0,0.763
191,4,555.0,341.0,214.0,135.0,1.0,3,0.329
192,1,444.0,372.0,246.0,129.0,1.0,0,0.473
192,2,512.0,407.0,294.0,185.0,1.0,3,0.684
192,3,581.0,469.0,27.0,93.0,1.0,0,0.763
192,4,553.0,341.0,216.0,136.0,1.0,3,0.322
193,1,447.0,372.0,244.0,128.0,1.0,0,0.458
193,2,509.0,407.0,294.0,185.0,1.0,3,0.684
193,3,584.0,470.0,27.0,93.0,1.0,0,0.753
193,4,551.0,341.0,216.0,136.0,1.0,3,0.318
194,1,450.0,372.0,244.0,128.0,1.0,0,0.44
194,2,506.0,407.0,294.0,185.0,1.0,3,0.684
194,3,586.0,470.0,27.0,93.0,1.0,0,0.753
194,4,549.0,341.0,216.0,136.0,1.0,3,0.313
195,1,453.0,372.0,244.0,128.0,1.0,0,0.425
195,2,504.0,407.0,294.0,185.0,1.0,3,0.684
195,3,589.0,470.0,27.0,93.0,1.0,0,0.753
195,4,547.0,341.0,216.0,136.0,1.0,3,0.307
196,1,456.0,372.0,244.0,128.0,1.0,0,0.407
196,2,501.0,407.0,294.0,185.0,1.0,3,0.684
196,3,592.0,470.0,27.0,93.0,1.0,0,0.753
196,4,545.0,341.0,216.0,136.0,1.0,3,0.301
197,1,458.0,372.0,244.0,128.0,1.0,0,0.393
197,2,498.0,407.0,294.0,185.0,1.0,3,0.685
197,3,594.0,471.0,27.0,93.0,1.0,0,0.742
197,4,543.0,341.0,216.0,136.0,1.0,3,0.296
198,1,461.0,371.0,244.0,128.0,1.0,0,0.381
198,2,495.0,407.0,294.0,185.0,1.0,3,0.685
198,3,597.0,471.0,27.0,93.0,1.0,0,0.742
198,4,541.0,341.0,216.0,136.0,1.0,3,0.284
199,1,464.0,371.0,244.0,128.0,1.0,0,0.367
199,2,493.0,407.0,294.0,185.0,1.0,3,0.685
199,3,599.0,471.0,27.0,93.0,1.0,0,0.742
199,4,539.0,340.0,216.0,136.0,1.0,3,0.286
200,1,467.0,371.0,244.0,128.0,1.0,0,0.349
200,2,490.0,407.0,294.0,185.0,1.0,3,0.685
200,3,602.0,471.0,27.0,93.0,1.0,0,0.742
200,4,538.0,340.0,216.0,136.0,1.0,3,0.281
201,1,470.0,371.0,244.0,128.0,1.0,0,0.331
201,2,487.0,407.0,294.0,185.0,1.0,3,0.685
201,3,605.0,472.0,27.0,93.0,1.0,0,0.731
201,4,536.0,340.0,216.0,136.0,1.0,3,0.275
202,1,473.0,371.0,244.0,128.0,1.0,0,0.314
202,2,484.0,407.0,294.0,185.0,1.0,3,0.685
202,3,607.0,472.0,27.0,93.0,1.0,0,0.731
202,4,534.0,340.0,217.0,137.0,1.0,3,0.267
203,1,476.0,371.0,244.0,128.0,1.0,0,0.307
203,2,482.0,408.0,294.0,185.0,1.0,3,0.68
203,3,610.0,472.0,27.0,93.0,1.0,0,0.731
203,4,532.0,340.0,217.0,137.0,1.0,3,0.262
204,1,479.0,371.0,244.0,128.0,1.0,0,0.289
204,2,479.0,408.0,294.0,185.0,1.0,3,0.68
204,3,612.0,472.0,27.0,93.0,1.0,0,0.731
204,4,530.0,340.0,217.0,137.0,1.0,3,0.256
205,1,482.0,371.0,244.0,128.0,1.0,0,0.289
205,2,476.0,408.0,294.0,185.0,1.0,3,0.68
205,3,615.0,473.0,27.0,93.0,1.0,0,0.72
205,4,528.0,340.0,217.0,137.0,1.0,3,0.25
206,1,485.0,371.0,244.0,128.0,1.0,0,0.289
206,2,473.0,408.0,294.0,185.0,1.0,3,0.68
206,3,618.0,473.0,27.0,93.0,1.0,0,0.72
206,4,526.0,340.0,217.0,137.0,1.0,3,0.244
207,1,488.0,371.0,244.0,128.0,1.0,0,0.289
207,2,471.0,408.0,294.0,185.0,1.0,3,0.68
207,3,620.0,473.0,27.0,93.0,1.0,0,0.72
207,4,524.0,339.0,217.0,137.0,1.0,3,0.245
208,1,491.0,370.0,244.0,128.0,1.0,0,0.297
208,2,468.0,408.0,294.0,185.0,1.0,3,0.68
208,3,623.0,473.0,27.0,93.0,1.0,0,0.72
208,4,522.0,339.0,217.0,137.0,1.0,3,0.231
209,1,494.0,370.0,244.0,128.0,1.0,0,0.297
209,2,465.0,408.0,294.0,185.0,1.0,3,0.681
209,3,625.0,474.0,27.0,93.0,1.0,0,0.71
209,4,520.0,339.0,217.0,137.0,1.0,3,0.226
210,1,497.0,370.0,244.0,128.0,1.0,0,0.297
210,2,462.0,408.0,294.0,185.0,1.0,3,0.681
210,3,628.0,474.0,27.0,93.0,1.0,0,0.71
210,4,518.0,339.0,217.0,137.0,1.0,3,0.226
211,1,499.0,370.0,244.0,128.0,1.0,0,0.297
211,2,460.0,408.0,294.0,185.0,1.0,3,0.681
211,3,630.0,474.0,27.0,93.0,1.0,0,0.71
211,4,516.0,339.0,217.0,137.0,1.0,3,0.226
212,1,502.0,370.0,244.0,128.0,1.0,0,0.297
212,2,457.0,408.0,294.0,185.0,1.0,3,0.681
212,3,633.0,474.0,27.0,93.0,1.0,0,0.71
212,4,514.0,339.0,219.0,138.0,1.0,3,0.225
213,1,505.0,370.0,244.0,128.0,1.0,0,0.3
213,2,454.0,408.0,294.0,185.0,1.0,3,0.681
213,3,636.0,475.0,27.0,93.0,1.0,0,0.699
213,4,512.0,339.0,219.0,138.0,1.0,3,0.225
214,1,508.0,370.0,244.0,128.0,1.0,0,0.317
214,2,451.0,408.0,294.0,185.0,1.0,3,0.681
214,3,638.0,475.0,27.0,93.0,1.0,0,0.699
214,4,510.0,339.0,219.0,138.0,1.0,3,0.225
215,1,511.0,370.0,244.0,128.0,1.0,0,0.331
215,2,449.0,408.0,294.0,185.0,1.0,3,0.681
215,3,641.0,475.0,27.0,93.0,1.0,0,0.699
215,4,508.0,339.0,219.0,138.0,1.0,3,0.228
216,1,514.0,370.0,242.0,127.0,1.0,0,0.346
216,2,446.0,408.0,294.0,185.0,1.0,3,0.681
216,3,643.0,475.0,27.0,93.0,1.0,0,0.699
216,4,506.0,338.0,219.0,138.0,1.0,3,0.242
217,1,517.0,369.0,242.0,127.0,1.0,0,0.37
217,2,443.0,408.0,294.0,185.0,1.0,3,0.682
217,3,646.0,476.0,27.0,93.0,1.0,0,0.688
217,4,504.0,338.0,219.0,138.0,1.0,3,0.241
218,1,520.0,369.0,242.0,127.0,1.0,0,0.394
218,2,440.0,409.0,294.0,185.0,1.0,3,0.678
218,3,649.0,476.0,26.0,92.0,1.0,0,0.696
218,4,502.0,338.0,219.0,138.0,1.0,3,0.248
219,1,523.0,369.0,242.0,127.0,1.0,0,0.408
219,2,438.0,409.0,294.0,185.0,1.0,3,0.678
219,3,651.0,476.0,26.0,92.0,1.0,0,0.696
219,4,500.0,338.0,219.0,138.0,1.0,3,0.255
220,1,526.0,369.0,242.0,127.0,1.0,0,0.425
220,2,435.0,409.0,294.0,185.0,1.0,3,0.678
220,3,654.0,476.0,26.0,92.0,1.0,0,0.696
220,4,498.0,338.0,219.0,138.0,1.0,3,0.262
221,1,529.0,369.0,242.0,127.0,1.0,0,0.442
221,2,432.0,409.0,294.0,185.0,1.0,3,0.678
221,3,656.0,476.0,26.0,92.0,1.0,0,0.696
221,4,496.0,338.0,219.0,138.0,1.0,3,0.268
222,1,532.0,369.0,242.0,127.0,1.0,0,0.459
222,2,429.0,409.0,294.0,185.0,1.0,3,0.678
222,3,659.0,477.0,26.0,92.0,1.0,0,0.685
222,4,494.0,338.0,221.0,139.0,1.0,3,0.273
223,1,535.0,369.0,242.0,127.0,1.0,0,0.473
223,2,427.0,409.0,294.0,185.0,1.0,3,0.678
223,3,662.0,477.0,26.0,92.0,1.0,0,0.685
223,4,492.0,338.0,221.0,139.0,1.0,3,0.279
224,1,538.0,369.0,242.0,127.0,1.0,0,0.49
224,2,424.0,409.0,294.0,185.0,1.0,3,0.678
224,3,664.0,477.0,26.0,92.0,1.0,0,0.685
224,4,490.0,337.0,221.0,139.0,1.0,3,0.293
225,1,540.0,369.0,242.0,127.0,1.0,0,0.505
225,2,421.0,409.0,294.0,185.0,1.0,3,0.678
225,3,667.0,477.0,26.0,92.0,1.0,0,0.685
225,4,489.0,337.0,221.0,139.0,1.0,3,0.297
226,1,543.0,368.0,242.0,127.0,1.0,0,0.527
226,2,418.0,409.0,294.0,185.0,1.0,3,0.678
226,3,669.0,478.0,26.0,92.0,1.0,0,0.674
226,4,487.0,337.0,221.0,139.0,1.0,3,0.298
227,1,546.0,368.0,242.0,127.0,1.0,0,0.541
227,2,416.0,409.0,294.0,185.0,1.0,3,0.678
227,3,672.0,478.0,26.0,92.0,1.0,0,0.674
227,4,485.0,337.0,221.0,139.0,1.0,3,0.304
228,1,549.0,368.0,242.0,127.0,1.0,0,0.558
228,2,413.0,409.0,294.0,185.0,1.0,3,0.678
228,3,675.0,478.0,26.0,92.0,1.0,0,0.674
228,4,483.0,337.0,221.0,139.0,1.0,3,0.311
229,1,552.0,368.0,242.0,127.0,1.0,0,0.575
229,2,410.0,409.0,294.0,185.0,1.0,3,0.678
229,3,677.0,478.0,26.0,92.0,1.0,0,0.674
229,4,481.0,337.0,221.0,139.0,1.0,3,0.318
230,1,555.0,368.0,242.0,127.0,1.0,0,0.589
230,2,407.0,409.0,294.0,185.0,1.0,3,0.685
230,3,680.0,479.0,26.0,92.0,1.0,0,0.663
230,4,479.0,337.0,221.0,139.0,1.0,3,0.324
231,1,558.0,368.0,242.0,127.0,1.0,0,0.601
231,2,405.0,409.0,294.0,185.0,1.0,3,0.689
231,3,682.0,479.0,26.0,92.0,1.0,0,0.663
231,4,477.0,337.0,221.0,139.0,1.0,3,0.331
232,1,561.0,368.0,242.0,127.0,1.0,0,0.614
232,2,402.0,409.0,294.0,185.0,1.0,3,0.696
232,3,685.0,479.0,26.0,92.0,1.0,0,0.663
232,4,475.0,336.0,222.0,140.0,1.0,3,0.342
233,1,564.0,368.0,242.0,127.0,1.0,0,0.633
233,2,399.0,410.0,294.0,185.0,1.0,3,0.696
233,3,687.0,479.0,26.0,92.0,1.0,0,0.663
233,4,473.0,336.0,222.0,140.0,1.0,3,0.352
234,1,567.0,368.0,242.0,127.0,1.0,0,0.647
234,2,396.0,410.0,294.0,185.0,1.0,3,0.703
234,3,690.0,480.0,26.0,92.0,1.0,0,0.652
234,4,471.0,336.0,222.0,140.0,1.0,3,0.358
235,1,570.0,367.0,242.0,127.0,1.0,0,0.666
235,2,394.0,410.0,294.0,185.0,1.0,3,0.703
235,3,693.0,480.0,26.0,92.0,1.0,0,0.652
235,4,469.0,336.0,222.0,140.0,1.0,3,0.361
236,1,573.0,367.0,242.0,127.0,1.0,0,0.682
236,2,391.0,410.0,294.0,185.0,1.0,3,0.703
236,3,695.0,480.0,26.0,92.0,1.0,0,0.652
236,4,467.0,336.0,222.0,140.0,1.0,3,0.368
237,1,576.0,367.0,242.0,127.0,1.0,0,0.698
237,2,388.0,410.0,294.0,185.0,1.0,3,0.703
237,3,698.0,480.0,26.0,92.0,1.0,0,0.652
237,4,465.0,336.0,222.0,140.0,1.0,3,0.375
238,1,579.0,367.0,240.0,126.0,1.0,0,0.715
238,2,385.0,410.0,294.0,185.0,1.0,3,0.703
238,3,700.0,481.0,26.0,92.0,1.0,0,0.641
238,4,463.0,336.0,222.0,140.0,1.0,3,0.382
239,1,581.0,367.0,240.0,126.0,1.0,0,0.726
239,2,383.0,410.0,294.0,185.0,1.0,3,0.703
239,3,703.0,481.0,26.0,92.0,1.0,0,0.641
239,4,461.0,336.0,222.0,140.0,1.0,3,0.387
240,1,584.0,367.0,240.0,126.0,1.0,0,0.743
240,2,380.0,410.0,294.0,185.0,1.0,3,0.703
240,3,706.0,481.0,26.0,92.0,1.0,0,0.641
240,4,459.0,336.0,222.0,140.0,1.0,3,0.394
241,1,587.0,367.0,240.0,126.0,1.0,0,0.759
241,2,377.0,410.0,294.0,185.0,1.0,3,0.703
241,3,708.0,481.0,26.0,92.0,1.0,0,0.641
241,4,457.0,335.0,222.0,140.0,1.0,3,0.408
242,1,590.0,367.0,240.0,126.0,1.0,0,0.776
242,2,374.0,410.0,294.0,185.0,1.0,3,0.703
242,3,711.0,482.0,26.0,92.0,1.0,0,0.63
242,4,455.0,335.0,224.0,141.0,1.0,3,0.411
243,1,593.0,367.0,240.0,126.0,1.0,0,0.79
243,2,372.0,410.0,294.0,185.0,1.0,3,0.703
243,3,713.0,482.0,26.0,92.0,1.0,0,0.63
243,4,453.0,335.0,224.0,141.0,1.0,3,0.418
244,1,596.0,366.0,240.0,126.0,1.0,0,0.81
244,2,369.0,410.0,294.0,185.0,1.0,3,0.703
244,3,716.0,482.0,26.0,92.0,1.0,0,0.63
244,4,451.0,335.0,224.0,141.0,1.0,3,0.422
245,1,599.0,366.0,240.0,126.0,1.0,0,0.826
245,2,366.0,410.0,294.0,185.0,1.0,3,0.703
245,3,719.0,482.0,26.0,92.0,1.0,0,0.63
245,4,449.0,335.0,224.0,141.0,1.0,3,0.429
246,1,602.0,366.0,240.0,126.0,1.0,0,0.84
246,2,364.0,410.0,294.0,185.0,1.0,3,0.703
246,3,721.0,483.0,26.0,92.0,1.0,0,0.62
246,4,447.0,335.0,224.0,141.0,1.0,3,0.436
247,1,605.0,366.0,240.0,126.0,1.0,0,0.857
247,2,361.0,410.0,294.0,185.0,1.0,3,0.703
247,3,724.0,483.0,26.0,92.0,1.0,0,0.62
247,4,445.0,335.0,224.0,141.0,1.0,3,0.443
248,1,608.0,366.0,240.0,126.0,1.0,0,0.874
248,2,358.0,411.0,294.0,185.0,1.0,3,0.697
248,3,726.0,483.0,26.0,92.0,1.0,0,0.62
248,4,443.0,335.0,224.0,141.0,1.0,3,0.455
249,1,611.0,366.0,240.0,126.0,1.0,0,0.89
249,2,355.0,411.0,294.0,185.0,1.0,3,0.697
249,3,729.0,483.0,26.0,92.0,1.0,0,0.62
249,4,441.0,334.0,224.0,141.0,1.0,3,0.469
250,1,614.0,366.0,240.0,126.0,1.0,0,0.905
250,2,353.0,411.0,294.0,185.0,1.0,3,0.697
250,3,732.0,484.0,26.0,92.0,1.0,0,0.609
250,4,440.0,334.0,224.0,141.0,1.0,3,0.475
251,1,617.0,366.0,240.0,126.0,1.0,0,0.921
251,2,350.0,411.0,294.0,185.0,1.0,3,0.697
251,3,734.0,484.0,26.0,92.0,1.0,0,0.609
251,4,438.0,334.0,224.0,141.0,1.0,3,0.482
252,1,620.0,366.0,240.0,126.0,1.0,0,0.937
252,2,347.0,411.0,294.0,185.0,1.0,3,0.697
252,3,737.0,484.0,26.0,92.0,1.0,0,0.609
252,4,436.0,334.0,225.0,142.0,1.0,3,0.485
253,1,622.0,365.0,240.0,126.0,1.0,0,0.957
253,2,344.0,411.0,292.0,184.0,1.0,3,0.701
253,3,739.0,484.0,26.0,92.0,1.0,0,0.609
253,4,434.0,334.0,225.0,142.0,1.0,3,0.489
254,1,625.0,365.0,240.0,126.0,1.0,0,0.971
254,2,342.0,411.0,292.0,184.0,1.0,3,0.701
254,3,742.0,485.0,26.0,92.0,1.0,0,0.598
254,4,432.0,334.0,225.0,142.0,1.0,3,0.496
255,1,628.0,365.0,240.0,126.0,1.0,0,0.987
255,2,339.0,411.0,292.0,184.0,1.0,3,0.701
255,3,745.0,485.0,26.0,92.0,1.0,0,0.598
255,4,430.0,334.0,225.0,142.0,1.0,3,0.503
256,1,631.0,365.0,240.0,126.0,1.0,0,0.995
256,2,336.0,411.0,292.0,184.0,1.0,3,0.701
256,3,747.0,485.0,26.0,92.0,1.0,0,0.598
256,4,428.0,334.0,225.0,142.0,1.0,3,0.517
257,1,634.0,365.0,240.0,126.0,1.0,0,0.995
257,2,333.0,411.0,292.0,184.0,1.0,3,0.701
257,3,750.0,485.0,26.0,92.0,1.0,0,0.598
257,4,426.0,333.0,225.0,142.0,1.0,3,0.543
258,1,637.0,365.0,240.0,126.0,1.0,0,0.996
258,2,331.0,411.0,292.0,184.0,1.0,3,0.701
258,3,752.0,486.0,26.0,92.0,1.0,0,0.587
258,4,424.0,333.0,225.0,142.0,1.0,3,0.56
259,1,640.0,365.0,240.0,126.0,1.0,0,0.996
259,2,328.0,411.0,292.0,184.0,1.0,3,0.701
259,3,755.0,486.0,26.0,92.0,1.0,0,0.587
259,4,422.0,333.0,225.0,142.0,1.0,3,0.579
260,1,643.0,365.0,240.0,126.0,1.0,0,0.996
260,2,325.0,411.0,292.0,184.0,1.0,3,0.701
260,3,757.0,486.0,26.0,92.0,1.0,0,0.587
260,4,420.0,333.0,225.0,142.0,1.0,3,0.598
261,1,646.0,365.0,238.0,125.0,1.0,0,0.997
261,2,322.0,411.0,292.0,184.0,1.0,3,0.701
261,3,760.0,486.0,26.0,91.0,1.0,0,0.593
261,4,418.0,333.0,225.0,142.0,1.0,3,0.607
262,1,649.0,365.0,238.0,125.0,1.0,0,0.997
262,2,320.0,411.0,292.0,184.0,1.0,3,0.701
262,3,763.0,486.0,26.0,91.0,1.0,0,0.593
262,4,416.0,333.0,227.0,143.0,1.0,3,0.608
263,1,652.0,364.0,238.0,125.0,1.0,0,0.998
263,2,317.0,411.0,292.0,184.0,1.0,3,0.701
263,3,765.0,487.0,26.0,91.0,1.0,0,0.582
263,4,414.0,333.0,227.0,143.0,1.0,3,0.61
264,1,655.0,364.0,238.0,125.0,1.0,0,0.998
264,2,314.0,412.0,292.0,184.0,1.0,3,0.696
264,3,768.0,487.0,26.0,91.0,1.0,0,0.582
264,4,412.0,333.0,227.0,143.0,1.0,3,0.618
265,1,658.0,364.0,238.0,125.0,1.0,0,0.998
265,2,311.0,412.0,292.0,184.0,1.0,3,0.696
265,3,770.0,487.0,26.0,91.0,1.0,0,0.582
265,4,410.0,333.0,227.0,143.0,1.0,3,0.619
266,1,661.0,364.0,238.0,125.0,1.0,0,0.998
266,2,309.0,412.0,292.0,184.0,1.0,3,0.696
266,3,773.0,487.0,26.0,91.0,1.0,0,0.582
266,4,408.0,332.0,227.0,143.0,1.0,3,0.625
267,1,663.0,364.0,238.0,125.0,1.0,0,0.999
267,2,306.0,412.0,292.0,184.0,1.0,3,0.696
267,3,776.0,488.0,26.0,91.0,1.0,0,0.571
267,4,406.0,332.0,227.0,143.0,1.0,3,0.627
268,1,666.0,364.0,238.0,125.0,1.0,0,0.999
268,2,303.0,412.0,292.0,184.0,1.0,3,0.696
268,3,778.0,488.0,26.0,91.0,1.0,0,0.571
268,4,404.0,332.0,227.0,143.0,1.0,3,0.629
269,1,669.0,364.0,238.0,125.0,1.0,0,0.999
269,2,300.0,412.0,292.0,184.0,1.0,3,0.696
269,3,781.0,488.0,26.0,91.0,1.0,0,0.571
269,4,402.0,332.0,227.0,143.0,1.0,3,0.631
270,1,672.0,364.0,238.0,125.0,1.0,0,0.999
270,2,298.0,412.0,292.0,184.0,1.0,3,0.696
270,3,783.0,488.0,26.0,91.0,1.0,0,0.571
270,4,400.0,332.0,227.0,143.0,1.0,3,0.631
271,1,675.0,364.0,238.0,125.0,1.0,0,1.0
271,2,295.0,412.0,292.0,184.0,1.0,3,0.696
271,3,786.0,489.0,26.0,91.0,1.0,0,0.56
271,4,398.0,332.0,227.0,143.0,1.0,3,0.633
272,1,678.0,363.0,238.0,125.0,1.0,0,1.0
272,2,292.0,412.0,292.0,184.0,1.0,3,0.696
272,3,789.0,489.0,26.0,91.0,1.0,0,0.56
272,4,396.0,332.0,229.0,144.0,1.0,3,0.635
273,1,681.0,363.0,238.0,125.0,1.0,0,1.0
273,2,289.0,412.0,292.0,184.0,1.0,3,0.696
273,3,791.0,489.0,26.0,91.0,1.0,0,0.56
273,4,394.0,332.0,229.0,144.0,1.0,3,0.637
274,1,684.0,363.0,238.0,125.0,1.0,0,1.0
274,2,287.0,412.0,292.0,184.0,1.0,3,0.696
274,3,794.0,489.0,26.0,91.0,1.0,0,0.56
274,4,392.0,331.0,229.0,144.0,1.0,3,0.643
275,1,687.0,363.0,238.0,125.0,1.0,0,1.0
275,2,284.0,412.0,292.0,184.0,1.0,3,0.696
275,3,796.0,490.0,26.0,91.0,1.0,0,0.549
275,4,391.0,331.0,229.0,144.0,1.0,3,0.647
276,1,690.0,363.0,238.0,125.0,1.0,0,1.0
276,2,281.0,412.0,292.0,184.0,1.0,3,0.696
276,3,799.0,490.0,26.0,91.0,1.0,0,0.549
276,4,389.0,331.0,229.0,144.0,1.0,3,0.648
277,1,693.0,363.0,238.0,125.0,1.0,0,1.0
277,2,278.0,412.0,292.0,184.0,1.0,3,0.696
277,3,802.0,490.0,26.0,91.0,1.0,0,0.549
277,4,387.0,331.0,229.0,144.0,1.0,3,0.65
278,1,696.0,363.0,238.0,125.0,1.0,0,1.0
278,2,276.0,412.0,292.0,184.0,1.0,3,0.696
278,3,804.0,490.0,26.0,91.0,1.0,0,0.549
278,4,385.0,331.0,229.0,144.0,1.0,3,0.65
279,1,699.0,363.0,238.0,125.0,1.0,0,1.0
279,2,273.0,413.0,292.0,184.0,1.0,3,0.69
279,3,807.0,491.0,26.0,91.0,1.0,0,0.538
279,4,383.0,331.0,229.0,144.0,1.0,3,0.658
280,1,702.0,363.0,238.0,125.0,1.0,0,1.0
280,2,270.0,413.0,292.0,184.0,1.0,3,0.69
280,3,809.0,491.0,26.0,91.0,1.0,0,0.538
280,4,381.0,331.0,229.0,144.0,1.0,3,0.66
281,1,704.0,362.0,238.0,125.0,1.0,0,1.0
281,2,267.0,413.0,292.0,184.0,1.0,3,0.69
281,3,812.0,491.0,26.0,91.0,1.0,0,0.538
281,4,379.0,331.0,229.0,144.0,1.0,3,0.662
282,1,707.0,362.0,238.0,125.0,1.0,0,1.0
282,2,265.0,413.0,292.0,184.0,1.0,3,0.69
282,3,814.0,491.0,26.0,91.0,1.0,0,0.538
282,4,377.0,331.0,230.0,145.0,1.0,3,0.66
283,1,710.0,362.0,238.0,125.0,1.0,0,1.0
283,2,262.0,413.0,292.0,184.0,1.0,3,0.69
283,3,817.0,492.0,26.0,91.0,1.0,0,0.527
283,4,375.0,330.0,230.0,145.0,1.0,3,0.667
284,1,713.0,362.0,236.0,124.0,1.0,0,1.0
284,2,259.0,413.0,292.0,184.0,1.0,3,0.69
284,3,820.0,492.0,26.0,91.0,1.0,0,0.527
284,4,373.0,330.0,230.0,145.0,1.0,3,0.669
285,1,716.0,362.0,236.0,124.0,1.0,0,1.0
285,2,256.0,413.0,292.0,184.0,1.0,3,0.69
285,3,822.0,492.0,26.0,91.0,1.0,0,0.527
285,4,371.0,330.0,230.0,145.0,1.0,3,0.671
286,1,719.0,362.0,236.0,124.0,1.0,0,1.0
286,2,254.0,413.0,292.0,184.0,1.0,3,0.69
286,3,825.0,492.0,26.0,91.0,1.0,0,0.527
286,4,369.0,330.0,230.0,145.0,1.0,3,0.671
287,1,722.0,362.0,236.0,124.0,1.0,0,1.0
287,2,251.0,413.0,292.0,184.0,1.0,3,0.69
287,3,827.0,493.0,26.0,91.0,1.0,0,0.516
287,4,367.0,330.0,230.0,145.0,1.0,3,0.673
288,1,725.0,362.0,236.0,124.0,1.0,0,0.996
288,2,248.0,413.0,292.0,184.0,1.0,3,0.69
288,3,830.0,493.0,26.0,91.0,1.0,0,0.516
288,4,365.0,330.0,230.0,145.0,1.0,3,0.675
289,1,728.0,362.0,236.0,124.0,1.0,0,0.983
289,2,245.0,413.0,292.0,184.0,1.0,3,0.69
289,3,833.0,493.0,26.0,91.0,1.0,0,0.516
289,4,363.0,330.0,230.0,145.0,1.0,3,0.677
290,1,731.0,361.0,236.0,124.0,1.0,0,0.97
290,2,243.0,413.0,292.0,184.0,1.0,3,0.69
290,3,835.0,493.0,26.0,91.0,1.0,0,0.516
290,4,361.0,330.0,230.0,145.0,1.0,3,0.677
291,1,734.0,361.0,236.0,124.0,1.0,0,0.958
291,2,240.0,413.0,292.0,184.0,1.0,3,0.69
291,3,838.0,494.0,26.0,91.0,1.0,0,0.505
291,4,359.0,329.0,230.0,145.0,1.0,3,0.684
292,1,737.0,361.0,236.0,124.0,1.0,0,0.945
292,2,237.0,413.0,292.0,184.0,1.0,3,0.69
292,3,840.0,494.0,26.0,91.0,1.0,0,0.505
292,4,357.0,329.0,232.0,146.0,1.0,3,0.685
293,1,740.0,361.0,236.0,124.0,1.0,0,0.932
293,2,234.0,413.0,292.0,184.0,1.0,3,0.69
293,3,843.0,494.0,26.0,91.0,1.0,0,0.505
293,4,355.0,329.0,232.0,146.0,1.0,3,0.687
294,1,743.0,361.0,236.0,124.0,1.0,0,0.919
294,2,232.0,414.0,292.0,184.0,1.0,3,0.685
294,3,846.0,494.0,26.0,91.0,1.0,0,0.505
294,4,353.0,329.0,232.0,146.0,1.0,3,0.692
295,1,746.0,361.0,236.0,124.0,1.0,0,0.907
295,2,229.0,414.0,292.0,184.0,1.0,3,0.685
295,3,848.0,495.0,26.0,91.0,1.0,0,0.495
295,4,351.0,329.0,232.0,146.0,1.0,3,0.694
296,1,748.0,361.0,236.0,124.0,1.0,0,0.898
296,2,226.0,414.0,292.0,184.0,1.0,3,0.685
296,3,851.0,495.0,26.0,91.0,1.0,0,0.495
296,4,349.0,329.0,232.0,146.0,1.0,3,0.696
297,1,751.0,361.0,236.0,124.0,1.0,0,0.886
297,2,223.0,414.0,292.0,184.0,1.0,3,0.685
297,3,853.0,495.0,26.0,91.0,1.0,0,0.495
297,4,347.0,329.0,232.0,146.0,1.0,3,0.697
298,1,754.0,361.0,236.0,124.0,1.0,0,0.873
298,2,221.0,414.0,292.0,184.0,1.0,3,0.685
298,3,856.0,495.0,26.0,91.0,1.0,0,0.495
298,4,345.0,329.0,232.0,146.0,1.0,3,0.697
299,1,757.0,360.0,236.0,124.0,1.0,0,0.86
299,2,218.0,414.0,292.0,184.0,1.0,3,0.685
299,3,859.0,495.0,26.0,91.0,1.0,0,0.495
299,4,344.0,328.0,232.0,146.0,1.0,3,0.706
300,1,760.0,360.0,236.0,124.0,1.0,0,0.847
300,2,215.0,414.0,292.0,184.0,1.0,3,0.685
300,3,861.0,496.0,26.0,91.0,1.0,0,0.484
300,4,342.0,328.0,232.0,146.0,1.0,3,0.708
301,1,763.0,360.0,236.0,124.0,1.0,0,0.835
301,2,212.0,414.0,292.0,184.0,1.0,3,0.685
301,3,864.0,496.0,26.0,91.0,1.0,0,0.484
301,4,340.0,328.0,232.0,146.0,1.0,3,0.709
302,1,766.0,360.0,236.0,124.0,1.0,0,0.822
302,2,210.0,414.0,292.0,184.0,1.0,3,0.685
302,3,866.0,496.0,26.0,91.0,1.0,0,0.484
302,4,338.0,328.0,233.0,147.0,1.0,3,0.708
303,1,769.0,360.0,236.0,124.0,1.0,0,0.809
303,2,207.0,414.0,292.0,184.0,1.0,3,0.685
303,3,869.0,496.0,26.0,91.0,1.0,0,0.484
303,4,336.0,328.0,233.0,147.0,1.0,3,0.71
304,1,772.0,360.0,236.0,124.0,1.0,0,0.797
304,2,204.0,414.0,292.0,184.0,1.0,3,0.685
304,3,871.0,497.0,26.0,91.0,1.0,0,0.473
304,4,334.0,328.0,233.0,147.0,1.0,3,0.711
305,1,775.0,360.0,236.0,124.0,1.0,0,0.784
305,2,201.0,414.0,292.0,184.0,1.0,3,0.685
305,3,874.0,497.0,26.0,90.0,1.0,0,0.478
305,4,332.0,328.0,233.0,147.0,1.0,3,0.713
306,1,778.0,360.0,234.0,123.0,1.0,0,0.778
306,2,199.0,414.0,292.0,184.0,1.0,3,0.685
306,3,877.0,497.0,26.0,90.0,1.0,0,0.478
306,4,330.0,328.0,233.0,147.0,1.0,3,0.713
307,1,781.0,360.0,234.0,123.0,1.0,0,0.765
307,2,196.0,414.0,292.0,184.0,1.0,3,0.685
307,3,879.0,497.0,26.0,90.0,1.0,0,0.478
307,4,328.0,328.0,233.0,147.0,1.0,3,0.715
308,1,784.0,360.0,234.0,123.0,1.0,0,0.752
308,2,193.0,414.0,292.0,184.0,1.0,3,0.685
308,3,882.0,498.0,26.0,90.0,1.0,0,0.467
308,4,326.0,327.0,233.0,147.0,1.0,3,0.721
309,1,787.0,359.0,234.0,123.0,1.0,0,0.739
309,2,190.0,415.0,292.0,184.0,1.0,3,0.679
309,3,884.0,498.0,26.0,90.0,1.0,0,0.467
309,4,324.0,327.0,233.0,147.0,1.0,3,0.728
310,1,789.0,359.0,234.0,123.0,1.0,0,0.731
310,2,188.0,415.0,292.0,184.0,1.0,3,0.679
310,3,887.0,498.0,26.0,90.0,1.0,0,0.467
310,4,322.0,327.0,233.0,147.0,1.0,3,0.728
311,1,792.0,359.0,234.0,123.0,1.0,0,0.718
311,2,185.0,415.0,292.0,184.0,1.0,3,0.679
311,3,890.0,498.0,26.0,90.0,1.0,0,0.467
311,4,320.0,327.0,233.0,147.0,1.0,3,0.73
312,1,795.0,359.0,234.0,123.0,1.0,0,0.705
312,2,182.0,415.0,292.0,184.0,1.0,3,0.679
312,3,892.0,499.0,26.0,90.0,1.0,0,0.456
312,4,318.0,327.0,235.0,148.0,1.0,3,0.731
313,1,798.0,359.0,234.0,123.0,1.0,0,0.692
313,2,180.0,415.0,292.0,184.0,1.0,3,0.679
313,3,895.0,499.0,26.0,90.0,1.0,0,0.456
313,4,316.0,327.0,235.0,148.0,1.0,3,0.731
314,1,801.0,359.0,234.0,123.0,1.0,0,0.679
314,2,177.0,415.0,292.0,184.0,1.0,3,0.679
314,3,897.0,499.0,26.0,90.0,1.0,0,0.456
314,4,314.0,327.0,235.0,148.0,1.0,3,0.733
315,1,804.0,359.0,234.0,123.0,1.0,0,0.667
315,2,174.0,415.0,292.0,184.0,1.0,3,0.679
315,3,900.0,499.0,26.0,90.0,1.0,0,0.456
315,4,312.0,327.0,235.0,148.0,1.0,3,0.734
316,1,807.0,359.0,234.0,123.0,1.0,0,0.654
316,2,171.0,415.0,292.0,184.0,1.0,3,0.679
316,3,903.0,500.0,26.0,90.0,1.0,0,0.444
316,4,310.0,326.0,235.0,148.0,1.0,3,0.74
317,1,810.0,359.0,234.0,123.0,1.0,0,0.641
317,2,169.0,415.0,292.0,184.0,1.0,3,0.679
317,3,905.0,500.0,26.0,90.0,1.0,0,0.444
317,4,308.0,326.0,235.0,148.0,1.0,3,0.74
318,1,813.0,358.0,234.0,123.0,1.0,0,0.628
318,2,166.0,415.0,292.0,184.0,1.0,3,0.679
318,3,908.0,500.0,26.0,90.0,1.0,0,0.444
318,4,306.0,326.0,235.0,148.0,1.0,3,0.742
319,1,816.0,358.0,234.0,123.0,1.0,0,0.615
319,2,163.0,415.0,292.0,184.0,1.0,3,0.679
319,3,910.0,500.0,26.0,90.0,1.0,0,0.444
319,4,304.0,326.0,235.0,148.0,1.0,3,0.744
320,1,819.0,358.0,234.0,123.0,1.0,0,0.603
320,2,160.0,415.0,292.0,184.0,1.0,3,0.679
320,3,913.0,501.0,26.0,90.0,1.0,0,0.433
320,4,302.0,326.0,235.0,148.0,1.0,3,0.746
321,1,822.0,358.0,234.0,123.0,1.0,0,0.59
321,2,158.0,415.0,292.0,184.0,1.0,3,0.679
321,3,916.0,501.0,26.0,90.0,1.0,0,0.433
321,4,300.0,326.0,235.0,148.0,1.0,3,0.746
322,1,825.0,358.0,234.0,123.0,1.0,0,0.577
322,2,155.0,415.0,292.0,184.0,1.0,3,0.679
322,3,918.0,501.0,26.0,90.0,1.0,0,0.433
322,4,298.0,326.0,236.0,149.0,1.0,3,0.746
323,1,828.0,358.0,234.0,123.0,1.0,0,0.564
323,2,152.0,415.0,292.0,184.0,1.0,3,0.679
323,3,921.0,501.0,26.0,90.0,1.0,0,0.433
323,4,296.0,326.0,236.0,149.0,1.0,3,0.747
324,1,830.0,358.0,234.0,123.0,1.0,0,0.556
324,2,149.0,416.0,292.0,184.0,1.0,3,0.674
324,3,923.0,502.0,26.0,90.0,1.0,0,0.422
324,4,295.0,325.0,236.0,149.0,1.0,3,0.759
325,1,833.0,358.0,234.0,123.0,1.0,0,0.543
325,2,147.0,416.0,292.0,184.0,1.0,3,0.674
325,3,926.0,502.0,26.0,90.0,1.0,0,0.422
325,4,293.0,325.0,236.0,149.0,1.0,3,0.759
326,1,836.0,358.0,234.0,123.0,1.0,0,0.53
326,2,144.0,416.0,292.0,184.0,1.0,3,0.674
326,3,928.0,502.0,26.0,90.0,1.0,0,0.422
326,4,291.0,325.0,236.0,149.0,1.0,3,0.761
327,1,839.0,357.0,234.0,123.0,1.0,0,0.517
327,2,141.0,416.0,292.0,184.0,1.0,3,0.674
327,3,931.0,502.0,26.0,90.0,1.0,0,0.422
327,4,289.0,325.0,236.0,149.0,1.0,3,0.762
328,1,842.0,357.0,234.0,123.0,1.0,0,0.504
328,2,138.0,416.0,292.0,184.0,1.0,3,0.674
328,3,934.0,503.0,26.0,90.0,1.0,0,0.411
328,4,287.0,325.0,236.0,149.0,1.0,3,0.764
329,1,845.0,357.0,233.0,122.0,1.0,0,0.494
329,2,136.0,416.0,292.0,184.0,1.0,3,0.674
329,3,936.0,503.0,26.0,90.0,1.0,0,0.379
329,4,285.0,325.0,236.0,149.0,1.0,3,0.764
330,1,848.0,357.0,233.0,122.0,1.0,0,0.481
330,2,133.0,416.0,292.0,184.0,1.0,3,0.674
330,3,939.0,503.0,26.0,90.0,1.0,0,0.332
330,4,283.0,325.0,236.0,149.0,1.0,3,0.766
331,1,851.0,357.0,233.0,122.0,1.0,0,0.468
331,2,130.0,416.0,292.0,184.0,1.0,3,0.674
331,3,941.0,503.0,26.0,90.0,1.0,0,0.3
331,4,281.0,325.0,236.0,149.0,1.0,3,0.767
332,1,854.0,357.0,233.0,122.0,1.0,0,0.455
332,2,127.0,416.0,292.0,184.0,1.0,3,0.674
332,3,944.0,504.0,26.0,90.0,1.0,0,0.246
332,4,279.0,325.0,238.0,150.0,1.0,3,0.769
333,1,857.0,357.0,233.0,122.0,1.0,0,0.442
333,2,125.0,416.0,290.0,183.0,1.0,3,0.678
333,3,947.0,504.0,26.0,90.0,1.0,0,0.2
333,4,277.0,324.0,238.0,150.0,1.0,3,0.776
334,1,860.0,357.0,233.0,122.0,1.0,0,0.429
334,2,122.0,416.0,290.0,183.0,1.0,3,0.678
334,3,949.0,504.0,26.0,90.0,1.0,0,0.169
334,4,275.0,324.0,238.0,150.0,1.0,3,0.777
335,1,863.0,357.0,233.0,122.0,1.0,0,0.416
335,2,119.0,416.0,290.0,183.0,1.0,3,0.678
335,3,952.0,504.0,26.0,90.0,1.0,0,0.123
335,4,273.0,324.0,238.0,150.0,1.0,3,0.779
336,1,866.0,356.0,233.0,122.0,1.0,0,0.403
336,2,116.0,416.0,290.0,183.0,1.0,3,0.678
336,3,954.0,505.0,26.0,90.0,1.0,0,0.09
336,4,271.0,324.0,238.0,150.0,1.0,3,0.781
337,1,869.0,356.0,233.0,122.0,1.0,0,0.391
337,2,114.0,416.0,290.0,183.0,1.0,3,0.678
337,3,957.0,505.0,26.0,90.0,1.0,0,0.045
337,4,269.0,324.0,238.0,150.0,1.0,3,0.781
338,1,871.0,356.0,233.0,122.0,1.0,0,0.382
338,2,111.0,416.0,290.0,183.0,1.0,3,0.678
338,4,267.0,324.0,238.0,150.0,1.0,3,0.782
339,1,874.0,356.0,233.0,122.0,1.0,0,0.369
339,2,108.0,417.0,290.0,183.0,1.0,3,0.672
339,4,265.0,324.0,238.0,150.0,1.0,3,0.788
340,1,877.0,356.0,233.0,122.0,1.0,0,0.356
340,2,105.0,417.0,290.0,183.0,1.0,3,0.672
340,4,263.0,324.0,238.0,150.0,1.0,3,0.789
341,1,880.0,356.0,233.0,122.0,1.0,0,0.343
341,2,103.0,417.0,290.0,183.0,1.0,3,0.672
341,4,261.0,323.0,238.0,150.0,1.0,3,0.793
342,1,883.0,356.0,233.0,122.0,1.0,0,0.33
342,2,100.0,417.0,290.0,183.0,1.0,3,0.672
342,4,259.0,323.0,240.0,151.0,1.0,3,0.794
343,1,886.0,356.0,233.0,122.0,1.0,0,0.318
343,2,97.0,417.0,290.0,183.0,1.0,3,0.672
343,4,257.0,323.0,240.0,151.0,1.0,3,0.796
344,1,889.0,356.0,233.0,122.0,1.0,0,0.305
344,2,94.0,417.0,290.0,183.0,1.0,3,0.672
344,4,255.0,323.0,240.0,151.0,1.0,3,0.797
345,1,892.0,355.0,233.0,122.0,1.0,0,0.292
345,2,92.0,417.0,290.0,183.0,1.0,3,0.672
345,4,253.0,323.0,240.0,151.0,1.0,3,0.797
346,1,895.0,355.0,233.0,122.0,1.0,0,0.279
346,2,89.0,417.0,290.0,183.0,1.0,3,0.672
346,4,251.0,323.0,240.0,151.0,1.0,3,0.799
347,1,898.0,355.0,233.0,122.0,1.0,0,0.266
347,2,86.0,417.0,290.0,183.0,1.0,3,0.672
347,4,249.0,323.0,240.0,151.0,1.0,3,0.8
348,1,901.0,355.0,233.0,122.0,1.0,0,0.253
348,2,83.0,417.0,290.0,183.0,1.0,3,0.672
348,4,247.0,323.0,240.0,151.0,1.0,3,0.802
349,1,904.0,355.0,233.0,122.0,1.0,0,0.24
349,2,81.0,417.0,290.0,183.0,1.0,3,0.672
349,4,246.0,323.0,240.0,151.0,1.0,3,0.803
350,1,907.0,355.0,233.0,122.0,1.0,0,0.227
350,2,78.0,417.0,290.0,183.0,1.0,3,0.672
350,4,244.0,322.0,240.0,151.0,1.0,3,0.808
351,1,910.0,355.0,231.0,121.0,1.0,0,0.216
351,2,75.0,417.0,290.0,183.0,1.0,3,0.672
351,4,242.0,322.0,240.0,151.0,1.0,3,0.81
352,1,912.0,355.0,231.0,121.0,1.0,0,0.208
352,2,72.0,417.0,290.0,183.0,1.0,3,0.672
352,4,240.0,322.0,241.0,152.0,1.0,3,0.81
353,1,915.0,355.0,231.0,121.0,1.0,0,0.195
353,2,70.0,417.0,290.0,183.0,1.0,3,0.672
353,4,238.0,322.0,241.0,152.0,1.0,3,0.81
354,1,918.0,354.0,231.0,121.0,1.0,0,0.182
354,2,67.0,418.0,290.0,183.0,1.0,3,0.667
354,4,236.0,322.0,241.0,152.0,1.0,3,0.815
355,1,921.0,354.0,231.0,121.0,1.0,0,0.169
355,2,64.0,418.0,290.0,183.0,1.0,3,0.667
355,4,234.0,322.0,241.0,152.0,1.0,3,0.817
356,1,924.0,354.0,231.0,121.0,1.0,0,0.156
356,2,61.0,418.0,290.0,183.0,1.0,3,0.667
356,4,232.0,322.0,241.0,152.0,1.0,3,0.818
357,1,927.0,354.0,231.0,121.0,1.0,0,0.143
357,2,59.0,418.0,290.0,183.0,1.0,3,0.667
357,4,230.0,322.0,241.0,152.0,1.0,3,0.818
358,1,930.0,354.0,231.0,121.0,1.0,0,0.13
358,2,56.0,418.0,290.0,183.0,1.0,3,0.667
358,4,228.0,321.0,241.0,152.0,1.0,3,0.823
359,1,933.0,354.0,231.0,121.0,1.0,0,0.117
359,2,53.0,418.0,290.0,183.0,1.0,3,0.667
359,4,226.0,321.0,241.0,152.0,1.0,3,0.824
360,1,936.0,354.0,231.0,121.0,1.0,0,0.104
360,2,50.0,418.0,290.0,183.0,1.0,3,0.667
360,4,224.0,321.0,241.0,152.0,1.0,3,0.826
361,1,939.0,354.0,231.0,121.0,1.0,0,0.091
361,2,48.0,418.0,290.0,183.0,1.0,3,0.667
361,4,222.0,321.0,241.0,152.0,1.0,3,0.826
362,1,942.0,354.0,231.0,121.0,1.0,0,0.078
362,2,45.0,418.0,290.0,183.0,1.0,3,0.667
362,4,220.0,321.0,241.0,152.0,1.0,3,0.827
363,1,945.0,354.0,231.0,121.0,1.0,0,0.065
363,2,42.0,418.0,290.0,183.0,1.0,3,0.667
363,4,218.0,321.0,243.0,153.0,1.0,3,0.828
364,1,948.0,353.0,231.0,121.0,1.0,0,0.052
364,2,39.0,418.0,290.0,183.0,1.0,3,0.667
364,4,216.0,321.0,243.0,153.0,1.0,3,0.83
365,1,951.0,353.0,231.0,121.0,1.0,0,0.039
365,2,37.0,418.0,290.0,183.0,1.0,3,0.667
365,4,214.0,321.0,243.0,153.0,1.0,3,0.83
366,1,953.0,353.0,231.0,121.0,1.0,0,0.03
366,2,34.0,418.0,290.0,183.0,1.0,3,0.667
366,4,212.0,320.0,243.0,153.0,1.0,3,0.834
367,1,956.0,353.0,231.0,121.0,1.0,0,0.017
367,2,31.0,418.0,290.0,183.0,1.0,3,0.667
367,4,210.0,320.0,243.0,153.0,1.0,3,0.836
368,1,959.0,353.0,231.0,121.0,1.0,0,0.004
368,2,28.0,418.0,290.0,183.0,1.0,3,0.667
368,4,208.0,320.0,243.0,153.0,1.0,3,0.837
369,2,26.0,419.0,290.0,183.0,1.0,3,0.661
369,4,206.0,320.0,243.0,153.0,1.0,3,0.84
370,2,23.0,419.0,290.0,183.0,1.0,3,0.661
370,4,204.0,320.0,243.0,153.0,1.0,3,0.842
371,2,20.0,419.0,290.0,183.0,1.0,3,0.661
371,4,202.0,320.0,243.0,153.0,1.0,3,0.843
372,2,17.0,419.0,290.0,183.0,1.0,3,0.661
372,4,200.0,320.0,243.0,153.0,1.0,3,0.845
373,2,15.0,419.0,290.0,183.0,1.0,3,0.661
373,4,199.0,320.0,244.0,154.0,1.0,3,0.845
374,2,12.0,419.0,290.0,183.0,1.0,3,0.661
374,4,197.0,320.0,244.0,154.0,1.0,3,0.846
375,2,9.0,419.0,290.0,183.0,1.0,3,0.661
375,4,195.0,319.0,244.0,154.0,1.0,3,0.851
376,2,6.0,419.0,290.0,183.0,1.0,3,0.661
376,4,193.0,319.0,244.0,154.0,1.0,3,0.852
377,2,4.0,419.0,290.0,183.0,1.0,3,0.661
377,4,191.0,319.0,244.0,154.0,1.0,3,0.852
378,2,1.0,419.0,290.0,183.0,1.0,3,0.661
378,4,189.0,319.0,244.0,154.0,1.0,3,0.853
379,2,-2.0,419.0,290.0,183.0,1.0,3,0.657
379,4,187.0,319.0,244.0,154.0,1.0,3,0.855
380,2,-5.0,419.0,290.0,183.0,1.0,3,0.65
380,4,185.0,319.0,244.0,154.0,1.0,3,0.856
381,2,-7.0,419.0,290.0,183.0,1.0,3,0.645
381,4,183.0,319.0,244.0,154.0,1.0,3,0.856
382,2,-10.0,419.0,290.0,183.0,1.0,3,0.638
382,4,181.0,319.0,244.0,154.0,1.0,3,0.858
383,2,-13.0,419.0,290.0,183.0,1.0,3,0.632
383,4,179.0,318.0,246.0,155.0,1.0,3,0.861
384,2,-15.0,419.0,290.0,183.0,1.0,3,0.627
384,4,177.0,318.0,246.0,155.0,1.0,3,0.861
385,2,-18.0,420.0,290.0,183.0,1.0,3,0.615
385,4,175.0,318.0,246.0,155.0,1.0,3,0.865
386,2,-21.0,420.0,290.0,183.0,1.0,3,0.608
386,4,173.0,318.0,246.0,155.0,1.0,3,0.867
387,2,-24.0,420.0,290.0,183.0,1.0,3,0.601
387,4,171.0,318.0,246.0,155.0,1.0,3,0.868
388,2,-26.0,420.0,290.0,183.0,1.0,3,0.597
388,4,169.0,318.0,246.0,155.0,1.0,3,0.868
389,2,-29.0,420.0,290.0,183.0,1.0,3,0.59
389,4,167.0,318.0,246.0,155.0,1.0,3,0.869
390,2,-32.0,420.0,290.0,183.0,1.0,3,0.583
390,4,165.0,318.0,246.0,155.0,1.0,3,0.871
391,2,-35.0,420.0,290.0,183.0,1.0,3,0.577
391,4,163.0,317.0,246.0,155.0,1.0,3,0.875
392,2,-37.0,420.0,290.0,183.0,1.0,3,0.572
392,4,161.0,317.0,246.0,155.0,1.0,3,0.875
393,2,-40.0,420.0,290.0,183.0,1.0,3,0.565
393,4,159.0,317.0,248.0,156.0,1.0,3,0.875
394,2,-43.0,420.0,290.0,183.0,1.0,3,0.559
394,4,157.0,317.0,248.0,156.0,1.0,3,0.877
395,2,-46.0,420.0,290.0,183.0,1.0,3,0.552
395,4,155.0,317.0,248.0,156.0,1.0,3,0.878
396,2,-48.0,420.0,290.0,183.0,1.0,3,0.547
396,4,153.0,317.0,248.0,156.0,1.0,3,0.878
397,2,-51.0,420.0,290.0,183.0,1.0,3,0.54
397,4,151.0,317.0,248.0,156.0,1.0,3,0.879
398,2,-54.0,420.0,290.0,183.0,1.0,3,0.534
398,4,150.0,317.0,248.0,156.0,1.0,3,0.882
399,2,-57.0,420.0,290.0,183.0,1.0,3,0.527
399,4,148.0,317.0,248.0,156.0,1.0,3,0.884
400,2,-59.0,421.0,290.0,183.0,1.0,3,0.518
400,4,146.0,316.0,248.0,156.0,1.0,3,0.888
401,2,-62.0,421.0,290.0,183.0,1.0,3,0.511
401,4,144.0,316.0,248.0,156.0,1.0,3,0.889
402,2,-65.0,421.0,290.0,183.0,1.0,3,0.505
402,4,142.0,316.0,248.0,156.0,1.0,3,0.891
403,2,-68.0,421.0,290.0,183.0,1.0,3,0.498
403,4,140.0,316.0,249.0,157.0,1.0,3,0.891
404,2,-70.0,421.0,290.0,183.0,1.0,3,0.493
404,4,138.0,316.0,249.0,157.0,1.0,3,0.891
405,2,-73.0,421.0,290.0,183.0,1.0,3,0.487
405,4,136.0,316.0,249.0,157.0,1.0,3,0.892
406,2,-76.0,421.0,290.0,183.0,1.0,3,0.48
406,4,134.0,316.0,249.0,157.0,1.0,3,0.894
407,2,-79.0,421.0,290.0,183.0,1.0,3,0.473
407,4,132.0,316.0,249.0,157.0,1.0,3,0.895
408,2,-81.0,421.0,290.0,183.0,1.0,3,0.469
408,4,130.0,315.0,249.0,157.0,1.0,3,0.897
409,2,-84.0,421.0,290.0,183.0,1.0,3,0.462
409,4,128.0,315.0,249.0,157.0,1.0,3,0.898
410,2,-87.0,421.0,290.0,183.0,1.0,3,0.455
410,4,126.0,315.0,249.0,157.0,1.0,3,0.9
411,2,-90.0,421.0,290.0,183.0,1.0,3,0.448
411,4,124.0,315.0,249.0,157.0,1.0,3,0.901
412,2,-92.0,421.0,289.0,182.0,1.0,3,0.446
412,4,122.0,315.0,249.0,157.0,1.0,3,0.902
413,2,-95.0,421.0,289.0,182.0,1.0,3,0.439
413,4,120.0,315.0,251.0,158.0,1.0,3,0.903
414,2,-98.0,421.0,289.0,182.0,1.0,3,0.432
414,4,118.0,315.0,251.0,158.0,1.0,3,0.904
415,2,-101.0,422.0,289.0,182.0,1.0,3,0.422
415,4,116.0,315.0,251.0,158.0,1.0,3,0.907
416,2,-103.0,422.0,289.0,182.0,1.0,3,0.417
416,4,114.0,315.0,251.0,158.0,1.0,3,0.907
417,2,-106.0,422.0,289.0,182.0,1.0,3,0.41
417,3,-24.0,524.0,25.0,88.0,1.0,0,0.007
417,4,112.0,314.0,251.0,158.0,1.0,3,0.91
418,2,-109.0,422.0,289.0,182.0,1.0,3,0.403
418,3,-21.0,525.0,25.0,88.0,1.0,0,0.027
418,4,110.0,314.0,251.0,158.0,1.0,3,0.912
419,2,-112.0,422.0,289.0,182.0,1.0,3,0.395
419,3,-18.0,525.0,25.0,88.0,1.0,0,0.048
419,4,108.0,314.0,251.0,158.0,1.0,3,0.913
420,2,-114.0,422.0,289.0,182.0,1.0,3,0.39
420,3,-16.0,525.0,25.0,88.0,1.0,0,0.061
420,4,106.0,314.0,251.0,158.0,1.0,3,0.913
421,2,-117.0,422.0,289.0,182.0,1.0,3,0.382
421,3,-13.0,525.0,25.0,88.0,1.0,0,0.082
421,4,104.0,314.0,251.0,158.0,1.0,3,0.914
422,2,-120.0,422.0,289.0,182.0,1.0,3,0.375
422,3,-11.0,525.0,25.0,88.0,1.0,0,0.095
422,4,102.0,314.0,251.0,158.0,1.0,3,0.916
423,2,-123.0,422.0,289.0,182.0,1.0,3,0.368
423,3,-8.0,526.0,25.0,88.0,1.0,0,0.108
423,4,101.0,314.0,252.0,159.0,1.0,3,0.917
424,2,-125.0,422.0,289.0,182.0,1.0,3,0.363
424,3,-5.0,526.0,25.0,88.0,1.0,0,0.127
424,4,99.0,314.0,252.0,159.0,1.0,3,0.917
425,2,-128.0,422.0,289.0,182.0,1.0,3,0.355
425,3,-3.0,526.0,25.0,88.0,1.0,0,0.14
425,4,97.0,313.0,252.0,159.0,1.0,3,0.92
426,2,-131.0,422.0,289.0,182.0,1.0,3,0.348
426,3,0.0,526.0,25.0,88.0,1.0,0,0.159
426,4,95.0,313.0,252.0,159.0,1.0,3,0.921
427,2,-134.0,422.0,289.0,182.0,1.0,3,0.342
427,3,2.0,527.0,25.0,88.0,1.0,0,0.148
427,4,93.0,313.0,252.0,159.0,1.0,3,0.923
428,2,-136.0,422.0,289.0,182.0,1.0,3,0.337
428,3,5.0,527.0,25.0,88.0,1.0,0,0.148
428,4,91.0,313.0,252.0,159.0,1.0,3,0.923
429,2,-139.0,422.0,289.0,182.0,1.0,3,0.33
429,3,8.0,527.0,25.0,88.0,1.0,0,0.148
429,4,89.0,313.0,252.0,159.0,1.0,3,0.924
430,2,-142.0,423.0,289.0,182.0,1.0,3,0.321
430,3,10.0,527.0,25.0,88.0,1.0,0,0.148
430,4,87.0,313.0,252.0,159.0,1.0,3,0.927
431,2,-145.0,423.0,289.0,182.0,1.0,3,0.315
431,3,13.0,528.0,25.0,88.0,1.0,0,0.136
431,4,85.0,313.0,252.0,159.0,1.0,3,0.928
432,2,-147.0,423.0,289.0,182.0,1.0,3,0.31
432,3,15.0,528.0,25.0,88.0,1.0,0,0.136
432,4,83.0,313.0,252.0,159.0,1.0,3,0.928
433,2,-150.0,423.0,289.0,182.0,1.0,3,0.303
433,3,18.0,528.0,25.0,88.0,1.0,0,0.136
433,4,81.0,312.0,254.0,160.0,1.0,3,0.93
434,2,-153.0,423.0,289.0,182.0,1.0,3,0.297
434,3,21.0,528.0,25.0,87.0,1.0,0,0.138
434,4,79.0,312.0,254.0,160.0,1.0,3,0.931
435,2,-156.0,423.0,289.0,182.0,1.0,3,0.291
435,3,23.0,529.0,25.0,87.0,1.0,0,0.126
435,4,77.0,312.0,254.0,160.0,1.0,3,0.932
436,2,-158.0,423.0,289.0,182.0,1.0,3,0.286
436,3,26.0,529.0,25.0,87.0,1.0,0,0.126
436,4,75.0,312.0,254.0,160.0,1.0,3,0.932
437,2,-161.0,423.0,289.0,182.0,1.0,3,0.279
437,3,28.0,529.0,25.0,87.0,1.0,0,0.126
437,4,73.0,312.0,254.0,160.0,1.0,3,0.934
438,1,-224.0,345.0,225.0,118.0,1.0,0,0.003
438,2,-164.0,423.0,289.0,182.0,1.0,3,0.273
438,3,31.0,529.0,25.0,87.0,1.0,0,0.126
438,4,71.0,312.0,254.0,160.0,1.0,3,0.935
439,1,-221.0,345.0,225.0,118.0,1.0,0,0.012
439,2,-167.0,423.0,289.0,182.0,1.0,3,0.267
439,3,33.0,530.0,25.0,87.0,1.0,0,0.115
439,4,69.0,312.0,254.0,160.0,1.0,3,0.936
440,1,-218.0,345.0,225.0,118.0,1.0,0,0.021
440,2,-169.0,423.0,289.0,182.0,1.0,3,0.262
440,3,36.0,530.0,25.0,87.0,1.0,0,0.115
440,4,67.0,312.0,254.0,160.0,1.0,3,0.936
441,1,-215.0,345.0,223.0,117.0,1.0,0,0.024
441,2,-172.0,423.0,289.0,182.0,1.0,3,0.256
441,3,39.0,530.0,25.0,87.0,1.0,0,0.115
441,4,65.0,312.0,254.0,160.0,1.0,3,0.937
442,1,-212.0,345.0,223.0,117.0,1.0,0,0.033
442,2,-175.0,423.0,289.0,182.0,1.0,3,0.249
442,3,41.0,530.0,25.0,87.0,1.0,0,0.115
442,4,63.0,311.0,254.0,160.0,1.0,3,0.94
443,1,-209.0,345.0,223.0,117.0,1.0,0,0.042
443,2,-178.0,423.0,289.0,182.0,1.0,3,0.243
443,3,44.0,531.0,25.0,87.0,1.0,0,0.103
443,4,61.0,311.0,256.0,161.0,1.0,3,0.941
444,1,-206.0,345.0,223.0,117.0,1.0,0,0.051
444,2,-180.0,423.0,289.0,182.0,1.0,3,0.238
444,3,46.0,531.0,25.0,87.0,1.0,0,0.103
444,4,59.0,311.0,256.0,161.0,1.0,3,0.941
445,1,-203.0,345.0,223.0,117.0,1.0,0,0.061
445,2,-183.0,424.0,289.0,182.0,1.0,3,0.229
445,3,49.0,531.0,25.0,87.0,1.0,0,0.103
445,4,57.0,311.0,256.0,161.0,1.0,3,0.943
446,1,-201.0,344.0,223.0,117.0,1.0,0,0.067
446,2,-186.0,424.0,289.0,182.0,1.0,3,0.223
446,3,52.0,531.0,25.0,87.0,1.0,0,0.103
446,4,55.0,311.0,256.0,161.0,1.0,3,0.944
447,1,-198.0,344.0,223.0,117.0,1.0,0,0.077
447,2,-189.0,424.0,289.0,182.0,1.0,3,0.217
447,3,54.0,532.0,25.0,87.0,1.0,0,0.092
447,4,53.0,311.0,256.0,161.0,1.0,3,0.945
448,1,-195.0,344.0,223.0,117.0,1.0,0,0.086
448,2,-191.0,424.0,289.0,182.0,1.0,3,0.212
448,3,57.0,532.0,25.0,87.0,1.0,0,0.092
448,4,52.0,311.0,256.0,161.0,1.0,3,0.946
449,1,-192.0,344.0,223.0,117.0,1.0,0,0.095
449,2,-194.0,424.0,289.0,182.0,1.0,3,0.206
449,3,59.0,532.0,25.0,87.0,1.0,0,0.092
449,4,50.0,311.0,256.0,161.0,1.0,3,0.948
450,1,-189.0,344.0,223.0,117.0,1.0,0,0.104
450,2,-197.0,424.0,289.0,182.0,1.0,3,0.199
450,3,62.0,532.0,25.0,87.0,1.0,0,0.092
450,4,48.0,310.0,256.0,161.0,1.0,3,0.95
