1,1,-81.0,333.0,89.0,149.0,1.0,0,0.09
1,3,31.0,259.0,28.0,98.0,1.0,0,1.0
2,1,-79.0,333.0,89.0,149.0,1.0,0,0.112
2,3,33.0,259.0,28.0,98.0,1.0,0,1.0
3,1,-76.0,333.0,89.0,149.0,1.0,0,0.146
3,3,36.0,259.0,28.0,98.0,1.0,0,1.0
4,1,-73.0,334.0,89.0,149.0,1.0,0,0.18
4,3,39.0,259.0,28.0,98.0,1.0,0,1.0
5,1,-70.0,334.0,89.0,149.0,1.0,0,0.213
5,3,42.0,259.0,28.0,98.0,1.0,0,1.0
6,1,-68.0,334.0,89.0,149.0,1.0,0,0.236
6,3,45.0,259.0,28.0,98.0,1.0,0,1.0
7,1,-65.0,334.0,89.0,149.0,1.0,0,0.27
7,3,48.0,259.0,28.0,98.0,1.0,0,1.0
8,1,-62.0,334.0,89.0,149.0,1.0,0,0.303
8,3,50.0,259.0,28.0,98.0,1.0,0,1.0
9,1,-59.0,335.0,89.0,149.0,1.0,0,0.337
9,3,53.0,260.0,28.0,98.0,1.0,0,1.0
10,1,-57.0,335.0,89.0,149.0,1.0,0,0.36
10,3,56.0,260.0,28.0,98.0,1.0,0,1.0
11,1,-54.0,335.0,89.0,149.0,1.0,0,0.393
11,3,59.0,260.0,28.0,98.0,1.0,0,1.0
12,1,-51.0,335.0,89.0,149.0,1.0,0,0.427
12,3,62.0,260.0,28.0,98.0,1.0,0,1.0
12,4,959.0,375.0,183.0,115.0,1.0,3,0.005
13,1,-48.0,335.0,89.0,150.0,1.0,0,0.461
13,3,65.0,260.0,28.0,98.0,1.0,0,1.0
13,4,957.0,375.0,183.0,115.0,1.0,3,0.016
14,1,-46.0,336.0,89.0,150.0,1.0,0,0.483
14,3,67.0,260.0,28.0,99.0,1.0,0,1.0
14,4,955.0,375.0,183.0,115.0,1.0,3,0.027
15,1,-43.0,336.0,89.0,150.0,1.0,0,0.517
15,3,70.0,260.0,28.0,99.0,1.0,0,1.0
15,4,953.0,375.0,183.0,115.0,1.0,3,0.038
16,1,-40.0,336.0,89.0,150.0,1.0,0,0.551
16,2,959.0,397.0,279.0,176.0,1.0,3,0.003
16,3,73.0,260.0,28.0,99.0,1.0,0,1.0
16,4,951.0,375.0,183.0,115.0,1.0,3,0.045
17,1,-37.0,336.0,89.0,150.0,1.0,0,0.584
17,2,956.0,397.0,279.0,176.0,1.0,3,0.012
17,3,76.0,260.0,28.0,99.0,1.0,0,1.0
17,4,949.0,374.0,183.0,115.0,1.0,3,0.043
18,1,-35.0,336.0,89.0,150.0,1.0,0,0.607
18,2,953.0,397.0,279.0,176.0,1.0,3,0.02
18,3,79.0,260.0,28.0,99.0,1.0,0,1.0
18,4,947.0,374.0,183.0,115.0,1.0,3,0.04
19,1,-32.0,336.0,89.0,150.0,1.0,0,0.64
19,2,950.0,397.0,279.0,176.0,1.0,3,0.029
19,3,82.0,260.0,28.0,99.0,1.0,0,1.0
19,4,945.0,374.0,183.0,115.0,1.0,3,0.038
20,1,-29.0,337.0,89.0,150.0,1.0,0,0.674
20,2,947.0,397.0,279.0,176.0,1.0,3,0.038
20,3,84.0,260.0,28.0,99.0,1.0,0,1.0
20,4,943.0,374.0,183.0,115.0,1.0,3,0.036
21,1,-26.0,337.0,89.0,150.0,1.0,0,0.708
21,2,944.0,397.0,279.0,176.0,1.0,3,0.047
21,3,87.0,260.0,28.0,99.0,1.0,0,1.0
21,4,941.0,374.0,183.0,115.0,1.0,3,0.034
22,1,-23.0,337.0,89.0,150.0,1.0,0,0.742
22,2,941.0,398.0,279.0,176.0,1.0,3,0.055
22,3,90.0,260.0,28.0,99.0,1.0,0,1.0
22,4,939.0,374.0,184.0,116.0,1.0,3,0.032
23,1,-21.0,337.0,89.0,150.0,1.0,0,0.764
23,2,938.0,398.0,279.0,176.0,1.0,3,0.064
23,3,93.0,260.0,28.0,99.0,1.0,0,1.0
23,4,937.0,374.0,184.0,116.0,1.0,3,0.03
24,1,-18.0,337.0,89.0,150.0,1.0,0,0.798
24,2,935.0,398.0,279.0,176.0,1.0,3,0.072
24,3,96.0,261.0,28.0,99.0,1.0,0,1.0
24,4,935.0,373.0,184.0,116.0,1.0,3,0.029
25,1,-15.0,338.0,89.0,150.0,1.0,0,0.831
25,2,932.0,398.0,279.0,176.0,1.0,3,0.081
25,3,98.0,261.0,28.0,99.0,1.0,0,1.0
25,4,934.0,373.0,184.0,116.0,1.0,3,0.03
26,1,-12.0,338.0,89.0,150.0,1.0,0,0.865
26,2,929.0,398.0,279.0,176.0,1.0,3,0.09
26,3,101.0,261.0,28.0,99.0,1.0,0,1.0
26,4,932.0,373.0,184.0,116.0,1.0,3,0.033
27,1,-10.0,338.0,89.0,150.0,1.0,0,0.888
27,2,926.0,398.0,279.0,176.0,1.0,3,0.098
27,3,104.0,261.0,28.0,99.0,1.0,0,1.0
27,4,930.0,373.0,184.0,116.0,1.0,3,0.035
28,1,-7.0,338.0,89.0,150.0,1.0,0,0.921
28,2,923.0,398.0,279.0,176.0,1.0,3,0.107
28,3,107.0,261.0,28.0,99.0,1.0,0,1.0
28,4,928.0,373.0,184.0,116.0,1.0,3,0.037
29,1,-4.0,338.0,89.0,150.0,1.0,0,0.955
29,2,920.0,399.0,279.0,176.0,1.0,3,0.115
29,3,110.0,261.0,28.0,99.0,1.0,0,1.0
29,4,926.0,373.0,184.0,116.0,1.0,3,0.041
30,1,-1.0,339.0,89.0,150.0,1.0,0,0.989
30,2,917.0,399.0,279.0,176.0,1.0,3,0.123
30,3,113.0,261.0,28.0,99.0,1.0,0,1.0
30,4,924.0,373.0,184.0,116.0,1.0,3,0.044
31,1,1.0,339.0,89.0,150.0,1.0,0,1.0
31,2,914.0,399.0,279.0,176.0,1.0,3,0.132
31,3,115.0,261.0,28.0,99.0,1.0,0,1.0
31,4,922.0,372.0,184.0,116.0,1.0,3,0.048
32,1,4.0,339.0,89.0,150.0,1.0,0,1.0
32,2,911.0,399.0,279.0,176.0,1.0,3,0.141
32,3,118.0,261.0,28.0,99.0,1.0,0,1.0
32,4,920.0,372.0,184.0,116.0,1.0,3,0.051
33,1,7.0,339.0,90.0,151.0,1.0,0,1.0
33,2,908.0,399.0,279.0,176.0,1.0,3,0.149
33,3,121.0,261.0,28.0,99.0,1.0,0,1.0
33,4,918.0,372.0,184.0,116.0,1.0,3,0.053
34,1,10.0,339.0,90.0,151.0,1.0,0,1.0
34,2,905.0,399.0,279.0,176.0,1.0,3,0.158
34,3,124.0,261.0,28.0,99.0,1.0,0,1.0
34,4,916.0,372.0,184.0,116.0,1.0,3,0.056
35,1,12.0,340.0,90.0,151.0,1.0,0,1.0
35,2,902.0,399.0,279.0,176.0,1.0,3,0.167
35,3,127.0,261.0,28.0,99.0,1.0,0,1.0
35,4,914.0,372.0,184.0,116.0,1.0,3,0.058
36,1,15.0,340.0,90.0,151.0,1.0,0,1.0
36,2,899.0,400.0,279.0,176.0,1.0,3,0.174
36,3,130.0,261.0,28.0,99.0,1.0,0,1.0
36,4,912.0,372.0,184.0,116.0,1.0,3,0.063
37,1,18.0,340.0,90.0,151.0,1.0,0,1.0
37,2,896.0,400.0,279.0,176.0,1.0,3,0.182
37,3,132.0,261.0,29.0,100.0,1.0,0,1.0
37,4,910.0,372.0,186.0,117.0,1.0,3,0.064
38,1,21.0,340.0,90.0,151.0,1.0,0,1.0
38,2,893.0,400.0,279.0,176.0,1.0,3,0.191
38,3,135.0,261.0,29.0,100.0,1.0,0,1.0
38,4,908.0,371.0,186.0,117.0,1.0,3,0.069
39,1,23.0,340.0,90.0,151.0,1.0,0,1.0
39,2,890.0,400.0,279.0,176.0,1.0,3,0.2
39,3,138.0,262.0,29.0,100.0,1.0,0,1.0
39,4,906.0,371.0,186.0,117.0,1.0,3,0.072
40,1,26.0,341.0,90.0,151.0,1.0,0,1.0
40,2,887.0,400.0,279.0,176.0,1.0,3,0.208
40,3,141.0,262.0,29.0,100.0,1.0,0,1.0
40,4,904.0,371.0,186.0,117.0,1.0,3,0.075
41,1,29.0,341.0,90.0,151.0,1.0,0,1.0
41,2,884.0,400.0,279.0,176.0,1.0,3,0.217
41,3,144.0,262.0,29.0,100.0,1.0,0,1.0
41,4,902.0,371.0,186.0,117.0,1.0,3,0.077
42,1,32.0,341.0,90.0,151.0,1.0,0,1.0
42,2,881.0,400.0,279.0,176.0,1.0,3,0.225
42,3,146.0,262.0,29.0,100.0,1.0,0,1.0
42,4,900.0,371.0,186.0,117.0,1.0,3,0.08
43,1,35.0,341.0,90.0,151.0,1.0,0,1.0
43,2,878.0,401.0,279.0,176.0,1.0,3,0.232
43,3,149.0,262.0,29.0,100.0,1.0,0,1.0
43,4,898.0,371.0,186.0,117.0,1.0,3,0.085
44,1,37.0,341.0,90.0,151.0,1.0,0,1.0
44,2,875.0,401.0,279.0,176.0,1.0,3,0.241
44,3,152.0,262.0,29.0,100.0,1.0,0,1.0
44,4,896.0,371.0,186.0,117.0,1.0,3,0.088
45,1,40.0,342.0,90.0,151.0,1.0,0,1.0
45,2,872.0,401.0,279.0,176.0,1.0,3,0.249
45,3,155.0,262.0,29.0,100.0,1.0,0,1.0
45,4,894.0,370.0,186.0,117.0,1.0,3,0.094
46,1,43.0,342.0,90.0,151.0,1.0,0,1.0
46,2,869.0,401.0,279.0,176.0,1.0,3,0.258
46,3,158.0,262.0,29.0,100.0,1.0,0,1.0
46,4,892.0,370.0,186.0,117.0,1.0,3,0.097
47,1,46.0,342.0,90.0,151.0,1.0,0,1.0
47,2,866.0,401.0,279.0,176.0,1.0,3,0.266
47,3,161.0,262.0,29.0,100.0,1.0,0,1.0
47,4,890.0,370.0,186.0,117.0,1.0,3,0.1
48,1,48.0,342.0,90.0,151.0,1.0,0,1.0
48,2,863.0,401.0,279.0,176.0,1.0,3,0.275
48,3,163.0,262.0,29.0,100.0,1.0,0,1.0
48,4,888.0,370.0,186.0,117.0,1.0,3,0.103
49,1,51.0,342.0,90.0,151.0,1.0,0,1.0
49,2,860.0,401.0,279.0,176.0,1.0,3,0.283
49,3,166.0,262.0,29.0,100.0,1.0,0,1.0
49,4,886.0,370.0,186.0,117.0,1.0,3,0.105
50,1,54.0,343.0,90.0,151.0,1.0,0,1.0
50,2,856.0,402.0,279.0,176.0,1.0,3,0.292
50,3,169.0,262.0,29.0,100.0,1.0,0,1.0
50,4,884.0,370.0,186.0,117.0,1.0,3,0.112
51,1,57.0,343.0,90.0,151.0,1.0,0,1.0
51,2,853.0,402.0,279.0,176.0,1.0,3,0.301
51,3,172.0,262.0,29.0,100.0,1.0,0,1.0
51,4,882.0,370.0,186.0,117.0,1.0,3,0.115
52,1,59.0,343.0,90.0,151.0,1.0,0,1.0
52,2,850.0,402.0,279.0,176.0,1.0,3,0.309
52,3,175.0,262.0,29.0,100.0,1.0,0,1.0
52,4,880.0,369.0,187.0,118.0,1.0,3,0.12
53,1,62.0,343.0,90.0,151.0,1.0,0,1.0
53,2,847.0,402.0,279.0,176.0,1.0,3,0.318
53,3,178.0,262.0,29.0,100.0,1.0,0,1.0
53,4,878.0,369.0,187.0,118.0,1.0,3,0.123
54,1,65.0,343.0,91.0,152.0,1.0,0,1.0
54,2,844.0,402.0,279.0,176.0,1.0,3,0.326
54,3,180.0,262.0,29.0,100.0,1.0,0,1.0
54,4,876.0,369.0,187.0,118.0,1.0,3,0.126
55,1,68.0,343.0,91.0,152.0,1.0,0,1.0
55,2,841.0,402.0,279.0,176.0,1.0,3,0.334
55,3,183.0,263.0,29.0,100.0,1.0,0,1.0
55,4,874.0,369.0,187.0,118.0,1.0,3,0.129
56,1,70.0,344.0,91.0,152.0,1.0,0,1.0
56,2,838.0,402.0,279.0,176.0,1.0,3,0.343
56,3,186.0,263.0,29.0,100.0,1.0,0,1.0
56,4,872.0,369.0,187.0,118.0,1.0,3,0.132
57,1,73.0,344.0,91.0,152.0,1.0,0,1.0
57,2,835.0,403.0,279.0,176.0,1.0,3,0.349
57,3,189.0,263.0,29.0,100.0,1.0,0,1.0
57,4,870.0,369.0,187.0,118.0,1.0,3,0.139
58,1,76.0,344.0,91.0,152.0,1.0,0,1.0
58,2,832.0,403.0,279.0,176.0,1.0,3,0.357
58,3,192.0,263.0,29.0,100.0,1.0,0,1.0
58,4,868.0,369.0,187.0,118.0,1.0,3,0.142
59,1,79.0,344.0,91.0,152.0,1.0,0,1.0
59,2,829.0,403.0,279.0,176.0,1.0,3,0.365
59,3,195.0,263.0,29.0,101.0,1.0,0,1.0
59,4,866.0,368.0,187.0,118.0,1.0,3,0.149
60,1,81.0,344.0,91.0,152.0,1.0,0,1.0
60,2,826.0,403.0,279.0,176.0,1.0,3,0.374
60,3,197.0,263.0,29.0,101.0,1.0,0,1.0
60,4,864.0,368.0,187.0,118.0,1.0,3,0.152
61,1,84.0,345.0,91.0,152.0,1.0,0,1.0
61,2,823.0,403.0,279.0,176.0,1.0,3,0.382
61,3,200.0,263.0,29.0,101.0,1.0,0,1.0
61,4,862.0,368.0,187.0,118.0,1.0,3,0.155
62,1,87.0,345.0,91.0,152.0,1.0,0,1.0
62,2,820.0,403.0,279.0,176.0,1.0,3,0.391
62,3,203.0,263.0,29.0,101.0,1.0,0,1.0
62,4,861.0,368.0,187.0,118.0,1.0,3,0.157
63,1,90.0,345.0,91.0,152.0,1.0,0,1.0
63,2,817.0,403.0,279.0,176.0,1.0,3,0.399
63,3,206.0,263.0,29.0,101.0,1.0,0,1.0
63,4,859.0,368.0,187.0,118.0,1.0,3,0.16
64,1,93.0,345.0,91.0,152.0,1.0,0,1.0
64,2,814.0,404.0,279.0,176.0,1.0,3,0.404
64,3,209.0,263.0,29.0,101.0,1.0,0,1.0
64,4,857.0,368.0,187.0,118.0,1.0,3,0.168
65,1,95.0,345.0,91.0,152.0,1.0,0,1.0
65,2,811.0,404.0,279.0,176.0,1.0,3,0.413
65,3,211.0,263.0,29.0,101.0,1.0,0,1.0
65,4,855.0,368.0,187.0,118.0,1.0,3,0.171
66,1,98.0,346.0,91.0,152.0,1.0,0,1.0
66,2,808.0,404.0,279.0,176.0,1.0,3,0.421
66,3,214.0,263.0,29.0,101.0,1.0,0,1.0
66,4,853.0,367.0,187.0,118.0,1.0,3,0.179
67,1,101.0,346.0,91.0,152.0,1.0,0,1.0
67,2,805.0,404.0,279.0,176.0,1.0,3,0.429
67,3,217.0,263.0,29.0,101.0,1.0,0,1.0
67,4,851.0,367.0,189.0,119.0,1.0,3,0.179
68,1,104.0,346.0,91.0,152.0,1.0,0,1.0
68,2,802.0,404.0,279.0,176.0,1.0,3,0.438
68,3,220.0,263.0,29.0,101.0,1.0,0,1.0
68,4,849.0,367.0,189.0,119.0,1.0,3,0.183
69,1,106.0,346.0,91.0,152.0,1.0,0,1.0
69,2,799.0,404.0,279.0,176.0,1.0,3,0.446
69,3,223.0,263.0,29.0,101.0,1.0,0,1.0
69,4,847.0,367.0,189.0,119.0,1.0,3,0.186
70,1,109.0,346.0,91.0,152.0,1.0,0,1.0
70,2,796.0,404.0,279.0,176.0,1.0,3,0.454
70,3,226.0,264.0,29.0,101.0,1.0,0,1.0
70,4,845.0,367.0,189.0,119.0,1.0,3,0.189
71,1,112.0,347.0,91.0,152.0,1.0,0,1.0
71,2,793.0,405.0,279.0,176.0,1.0,3,0.459
71,3,228.0,264.0,29.0,101.0,1.0,0,1.0
71,4,843.0,367.0,189.0,119.0,1.0,3,0.198
72,1,115.0,347.0,91.0,152.0,1.0,0,1.0
72,2,790.0,405.0,279.0,176.0,1.0,3,0.467
72,3,231.0,264.0,29.0,101.0,1.0,0,1.0
72,4,841.0,367.0,189.0,119.0,1.0,3,0.201
73,1,117.0,347.0,91.0,152.0,1.0,0,1.0
73,2,787.0,405.0,279.0,176.0,1.0,3,0.476
73,3,234.0,264.0,29.0,101.0,1.0,0,1.0
73,4,839.0,366.0,189.0,119.0,1.0,3,0.21
74,1,120.0,347.0,91.0,152.0,1.0,0,1.0
74,2,784.0,405.0,279.0,176.0,1.0,3,0.484
74,3,237.0,264.0,29.0,101.0,1.0,0,1.0
74,4,837.0,366.0,189.0,119.0,1.0,3,0.213
75,1,123.0,347.0,91.0,153.0,1.0,0,1.0
75,2,781.0,405.0,279.0,176.0,1.0,3,0.492
75,3,240.0,264.0,29.0,101.0,1.0,0,1.0
75,4,835.0,366.0,189.0,119.0,1.0,3,0.217
76,1,126.0,348.0,91.0,153.0,1.0,0,1.0
76,2,778.0,405.0,279.0,176.0,1.0,3,0.5
76,3,243.0,264.0,29.0,101.0,1.0,0,1.0
76,4,833.0,366.0,189.0,119.0,1.0,3,0.22
77,1,128.0,348.0,91.0,153.0,1.0,0,1.0
77,2,775.0,405.0,279.0,176.0,1.0,3,0.509
77,3,245.0,264.0,29.0,101.0,1.0,0,1.0
77,4,831.0,366.0,189.0,119.0,1.0,3,0.224
78,1,131.0,348.0,91.0,153.0,1.0,0,1.0
78,2,772.0,406.0,279.0,176.0,1.0,3,0.513
78,3,248.0,264.0,29.0,101.0,1.0,0,1.0
78,4,829.0,366.0,189.0,119.0,1.0,3,0.233
79,1,134.0,348.0,91.0,153.0,1.0,0,1.0
79,2,769.0,406.0,279.0,176.0,1.0,3,0.521
79,3,251.0,264.0,29.0,101.0,1.0,0,1.0
79,4,827.0,366.0,189.0,119.0,1.0,3,0.237
80,1,137.0,348.0,91.0,153.0,1.0,0,1.0
80,2,766.0,406.0,279.0,176.0,1.0,3,0.529
80,3,254.0,264.0,29.0,101.0,1.0,0,1.0
80,4,825.0,365.0,189.0,119.0,1.0,3,0.246
81,1,139.0,349.0,91.0,153.0,1.0,0,1.0
81,2,763.0,406.0,279.0,176.0,1.0,3,0.538
81,3,257.0,264.0,29.0,102.0,1.0,0,1.0
81,4,823.0,365.0,189.0,119.0,1.0,3,0.25
82,1,142.0,349.0,91.0,153.0,1.0,0,1.0
82,2,760.0,406.0,279.0,176.0,1.0,3,0.546
82,3,259.0,264.0,29.0,102.0,1.0,0,1.0
82,4,821.0,365.0,190.0,120.0,1.0,3,0.25
83,1,145.0,349.0,91.0,153.0,1.0,0,1.0
83,2,757.0,406.0,279.0,176.0,1.0,3,0.554
83,3,262.0,264.0,29.0,102.0,1.0,0,1.0
83,4,819.0,365.0,190.0,120.0,1.0,3,0.254
84,1,148.0,349.0,91.0,153.0,1.0,0,1.0
84,2,754.0,406.0,279.0,176.0,1.0,3,0.562
84,3,265.0,264.0,29.0,102.0,1.0,0,1.0
84,4,817.0,365.0,190.0,120.0,1.0,3,0.257
85,1,151.0,349.0,91.0,153.0,1.0,0,1.0
85,2,751.0,407.0,279.0,176.0,1.0,3,0.566
85,3,268.0,265.0,29.0,102.0,1.0,0,1.0
85,4,815.0,365.0,190.0,120.0,1.0,3,0.267
86,1,153.0,349.0,91.0,153.0,1.0,0,1.0
86,2,748.0,407.0,279.0,176.0,1.0,3,0.574
86,3,271.0,265.0,29.0,102.0,1.0,0,1.0
86,4,813.0,364.0,190.0,120.0,1.0,3,0.277
87,1,156.0,350.0,91.0,153.0,1.0,0,1.0
87,2,745.0,407.0,279.0,176.0,1.0,3,0.582
87,3,274.0,265.0,29.0,102.0,1.0,0,1.0
87,4,811.0,364.0,190.0,120.0,1.0,3,0.281
88,1,159.0,350.0,91.0,153.0,1.0,0,1.0
88,2,742.0,407.0,279.0,176.0,1.0,3,0.59
88,3,276.0,265.0,29.0,102.0,1.0,0,1.0
88,4,809.0,364.0,190.0,120.0,1.0,3,0.285
89,1,162.0,350.0,91.0,153.0,1.0,0,1.0
89,2,739.0,407.0,279.0,176.0,1.0,3,0.599
89,3,279.0,265.0,29.0,102.0,1.0,0,1.0
89,4,807.0,364.0,190.0,120.0,1.0,3,0.289
90,1,164.0,350.0,91.0,153.0,1.0,0,1.0
90,2,736.0,407.0,279.0,176.0,1.0,3,0.607
90,3,282.0,265.0,29.0,102.0,1.0,0,1.0
90,4,805.0,364.0,190.0,120.0,1.0,3,0.292
91,1,167.0,350.0,91.0,153.0,1.0,0,1.0
91,2,733.0,407.0,279.0,176.0,1.0,3,0.615
91,3,285.0,265.0,29.0,102.0,1.0,0,1.0
91,4,803.0,364.0,190.0,120.0,1.0,3,0.296
92,1,170.0,351.0,91.0,153.0,1.0,0,1.0
92,2,730.0,408.0,279.0,176.0,1.0,3,0.618
92,3,288.0,265.0,29.0,102.0,1.0,0,1.0
92,4,801.0,364.0,190.0,120.0,1.0,3,0.307
93,1,173.0,351.0,91.0,153.0,1.0,0,1.0
93,2,727.0,408.0,279.0,176.0,1.0,3,0.626
93,3,291.0,265.0,29.0,102.0,1.0,0,1.0
93,4,799.0,363.0,190.0,120.0,1.0,3,0.318
94,1,175.0,351.0,91.0,153.0,1.0,0,1.0
94,2,724.0,408.0,279.0,176.0,1.0,3,0.634
94,3,293.0,265.0,29.0,102.0,1.0,0,1.0
94,4,797.0,363.0,190.0,120.0,1.0,3,0.322
95,1,178.0,351.0,92.0,154.0,1.0,0,1.0
95,2,721.0,408.0,279.0,176.0,1.0,3,0.642
95,3,296.0,265.0,29.0,102.0,1.0,0,1.0
95,4,795.0,363.0,190.0,120.0,1.0,3,0.326
96,1,181.0,351.0,92.0,154.0,1.0,0,1.0
96,2,718.0,408.0,279.0,176.0,1.0,3,0.651
96,3,299.0,265.0,29.0,102.0,1.0,0,1.0
96,4,793.0,363.0,190.0,120.0,1.0,3,0.33
97,1,184.0,352.0,92.0,154.0,1.0,0,1.0
97,2,715.0,408.0,279.0,176.0,1.0,3,0.659
97,3,302.0,265.0,29.0,102.0,1.0,0,1.0
97,4,791.0,363.0,192.0,121.0,1.0,3,0.327
98,1,186.0,352.0,92.0,154.0,1.0,0,1.0
98,2,712.0,408.0,279.0,176.0,1.0,3,0.667
98,3,305.0,265.0,29.0,102.0,1.0,0,1.0
98,4,789.0,363.0,192.0,121.0,1.0,3,0.331
99,1,189.0,352.0,92.0,154.0,1.0,0,1.0
99,2,709.0,409.0,279.0,176.0,1.0,3,0.67
99,3,308.0,265.0,29.0,102.0,1.0,0,1.0
99,4,788.0,363.0,192.0,121.0,1.0,3,0.341
100,1,192.0,352.0,92.0,154.0,1.0,0,1.0
100,2,706.0,409.0,279.0,176.0,1.0,3,0.678
100,3,310.0,266.0,29.0,102.0,1.0,0,1.0
100,4,786.0,362.0,192.0,121.0,1.0,3,0.352
101,1,195.0,352.0,92.0,154.0,1.0,0,1.0
101,2,703.0,409.0,279.0,176.0,1.0,3,0.686
101,3,313.0,266.0,29.0,102.0,1.0,0,1.0
101,4,784.0,362.0,192.0,121.0,1.0,3,0.356
102,1,198.0,353.0,92.0,154.0,1.0,0,1.0
102,2,700.0,409.0,279.0,176.0,1.0,3,0.694
102,3,316.0,266.0,29.0,102.0,1.0,0,1.0
102,4,782.0,362.0,192.0,121.0,1.0,3,0.36
103,1,200.0,353.0,92.0,154.0,1.0,0,1.0
103,2,697.0,409.0,279.0,176.0,1.0,3,0.702
103,3,319.0,266.0,29.0,102.0,1.0,0,1.0
103,4,780.0,362.0,192.0,121.0,1.0,3,0.364
104,1,203.0,353.0,92.0,154.0,1.0,0,1.0
104,2,694.0,409.0,279.0,176.0,1.0,3,0.71
104,3,322.0,266.0,30.0,103.0,1.0,0,1.0
104,4,778.0,362.0,192.0,121.0,1.0,3,0.368
105,1,206.0,353.0,92.0,154.0,1.0,0,1.0
105,2,691.0,409.0,279.0,176.0,1.0,3,0.718
105,3,324.0,266.0,30.0,103.0,1.0,0,1.0
105,4,776.0,362.0,192.0,121.0,1.0,3,0.372
106,1,209.0,353.0,92.0,154.0,1.0,0,1.0
106,2,688.0,410.0,279.0,176.0,1.0,3,0.72
106,3,327.0,266.0,30.0,103.0,1.0,0,1.0
106,4,774.0,362.0,192.0,121.0,1.0,3,0.384
107,1,211.0,354.0,92.0,154.0,1.0,0,1.0
107,2,685.0,410.0,279.0,176.0,1.0,3,0.728
107,3,330.0,266.0,30.0,103.0,1.0,0,1.0
107,4,772.0,361.0,192.0,121.0,1.0,3,0.397
108,1,214.0,354.0,92.0,154.0,1.0,0,1.0
108,2,682.0,410.0,279.0,176.0,1.0,3,0.736
108,3,333.0,266.0,30.0,103.0,1.0,0,1.0
108,4,770.0,361.0,192.0,121.0,1.0,3,0.401
109,1,217.0,354.0,92.0,154.0,1.0,0,1.0
109,2,679.0,410.0,279.0,176.0,1.0,3,0.739
109,3,336.0,266.0,30.0,103.0,1.0,0,1.0
109,4,768.0,361.0,192.0,121.0,1.0,3,0.411
110,1,220.0,354.0,92.0,154.0,1.0,0,1.0
110,2,676.0,410.0,279.0,176.0,1.0,3,0.739
110,3,339.0,266.0,30.0,103.0,1.0,0,1.0
110,4,766.0,361.0,192.0,121.0,1.0,3,0.414
111,1,222.0,354.0,92.0,154.0,1.0,0,1.0
111,2,673.0,410.0,279.0,176.0,1.0,3,0.739
111,3,341.0,266.0,30.0,103.0,1.0,0,1.0
111,4,764.0,361.0,192.0,121.0,1.0,3,0.417
112,1,225.0,355.0,92.0,154.0,1.0,0,1.0
112,2,670.0,410.0,279.0,176.0,1.0,3,0.739
112,3,344.0,266.0,30.0,103.0,1.0,0,1.0
112,4,762.0,361.0,194.0,122.0,1.0,3,0.423
113,1,228.0,355.0,92.0,154.0,1.0,0,1.0
113,2,667.0,411.0,279.0,176.0,1.0,3,0.733
113,3,347.0,266.0,30.0,103.0,1.0,0,1.0
113,4,760.0,361.0,194.0,122.0,1.0,3,0.434
114,1,231.0,355.0,92.0,154.0,1.0,0,1.0
114,2,664.0,411.0,279.0,176.0,1.0,3,0.733
114,3,350.0,266.0,30.0,103.0,1.0,0,1.0
114,4,758.0,360.0,194.0,122.0,1.0,3,0.445
115,1,233.0,355.0,92.0,154.0,1.0,0,1.0
115,2,661.0,411.0,279.0,176.0,1.0,3,0.733
115,3,353.0,267.0,30.0,103.0,1.0,0,1.0
115,4,756.0,360.0,194.0,122.0,1.0,3,0.448
116,1,236.0,355.0,92.0,155.0,1.0,0,1.0
116,2,658.0,411.0,279.0,176.0,1.0,3,0.733
116,3,356.0,267.0,30.0,103.0,1.0,0,1.0
116,4,754.0,360.0,194.0,122.0,1.0,3,0.451
117,1,239.0,356.0,92.0,155.0,1.0,0,1.0
117,2,655.0,411.0,279.0,176.0,1.0,3,0.733
117,3,358.0,267.0,30.0,103.0,1.0,0,1.0
117,4,752.0,360.0,194.0,122.0,1.0,3,0.454
118,1,242.0,356.0,92.0,155.0,1.0,0,1.0
118,2,652.0,411.0,279.0,176.0,1.0,3,0.733
118,3,361.0,267.0,30.0,103.0,1.0,0,1.0
118,4,750.0,360.0,194.0,122.0,1.0,3,0.457
119,1,244.0,356.0,92.0,155.0,1.0,0,1.0
119,2,649.0,411.0,279.0,176.0,1.0,3,0.733
119,3,364.0,267.0,30.0,103.0,1.0,0,1.0
119,4,748.0,360.0,194.0,122.0,1.0,3,0.46
120,1,247.0,356.0,92.0,155.0,1.0,0,1.0
120,2,646.0,412.0,279.0,176.0,1.0,3,0.727
120,3,367.0,267.0,30.0,103.0,1.0,0,1.0
120,4,746.0,360.0,194.0,122.0,1.0,3,0.471
121,1,250.0,356.0,92.0,155.0,1.0,0,1.0
121,2,643.0,412.0,279.0,176.0,1.0,3,0.727
121,3,370.0,267.0,30.0,103.0,1.0,0,1.0
121,4,744.0,359.0,194.0,122.0,1.0,3,0.481
122,1,253.0,356.0,92.0,155.0,1.0,0,1.0
122,2,640.0,412.0,279.0,176.0,1.0,3,0.727
122,3,372.0,267.0,30.0,103.0,1.0,0,1.0
122,4,742.0,359.0,194.0,122.0,1.0,3,0.484
123,1,256.0,357.0,92.0,155.0,1.0,0,1.0
123,2,637.0,412.0,279.0,176.0,1.0,3,0.727
123,3,375.0,267.0,30.0,103.0,1.0,0,1.0
123,4,740.0,359.0,194.0,122.0,1.0,3,0.487
124,1,258.0,357.0,92.0,155.0,1.0,0,1.0
124,2,634.0,412.0,279.0,176.0,1.0,3,0.727
124,3,378.0,267.0,30.0,103.0,1.0,0,1.0
124,4,738.0,359.0,194.0,122.0,1.0,3,0.49
125,1,261.0,357.0,92.0,155.0,1.0,0,1.0
125,2,631.0,412.0,279.0,176.0,1.0,3,0.727
125,3,381.0,267.0,30.0,103.0,1.0,0,1.0
125,4,736.0,359.0,194.0,122.0,1.0,3,0.493
126,1,264.0,357.0,92.0,155.0,1.0,0,1.0
126,2,628.0,412.0,279.0,176.0,1.0,3,0.727
126,3,384.0,267.0,30.0,104.0,1.0,0,1.0
126,4,734.0,359.0,194.0,122.0,1.0,3,0.496
127,1,267.0,357.0,92.0,155.0,1.0,0,1.0
127,2,625.0,413.0,279.0,176.0,1.0,3,0.722
127,3,387.0,267.0,30.0,104.0,1.0,0,1.0
127,4,732.0,359.0,195.0,123.0,1.0,3,0.505
128,1,269.0,358.0,92.0,155.0,1.0,0,1.0
128,2,622.0,413.0,279.0,176.0,1.0,3,0.722
128,3,389.0,267.0,30.0,104.0,1.0,0,1.0
128,4,730.0,358.0,195.0,123.0,1.0,3,0.515
129,1,272.0,358.0,92.0,155.0,1.0,0,1.0
129,2,619.0,413.0,279.0,176.0,1.0,3,0.722
129,3,392.0,267.0,30.0,104.0,1.0,0,1.0
129,4,728.0,358.0,195.0,123.0,1.0,3,0.518
130,1,275.0,358.0,92.0,155.0,1.0,0,1.0
130,2,616.0,413.0,279.0,176.0,1.0,3,0.722
130,3,395.0,267.0,30.0,104.0,1.0,0,1.0
130,4,726.0,358.0,195.0,123.0,1.0,3,0.521
131,1,278.0,358.0,92.0,155.0,1.0,0,1.0
131,2,613.0,413.0,279.0,176.0,1.0,3,0.722
131,3,398.0,268.0,30.0,104.0,1.0,0,1.0
131,4,724.0,358.0,195.0,123.0,1.0,3,0.524
132,1,280.0,358.0,92.0,155.0,1.0,0,1.0
132,2,610.0,413.0,279.0,176.0,1.0,3,0.722
132,3,401.0,268.0,30.0,104.0,1.0,0,1.0
132,4,722.0,358.0,195.0,123.0,1.0,3,0.527
133,1,283.0,359.0,92.0,155.0,1.0,0,1.0
133,2,607.0,413.0,279.0,176.0,1.0,3,0.722
133,3,404.0,268.0,30.0,104.0,1.0,0,1.0
133,4,720.0,358.0,195.0,123.0,1.0,3,0.529
134,1,286.0,359.0,92.0,155.0,1.0,0,1.0
134,2,604.0,414.0,279.0,176.0,1.0,3,0.716
134,3,406.0,268.0,30.0,104.0,1.0,0,1.0
134,4,718.0,358.0,195.0,123.0,1.0,3,0.539
135,1,289.0,359.0,92.0,155.0,1.0,0,1.0
135,2,601.0,414.0,279.0,176.0,1.0,3,0.716
135,3,409.0,268.0,30.0,104.0,1.0,0,0.9
135,4,716.0,357.0,195.0,123.0,1.0,3,0.549
136,1,291.0,359.0,92.0,155.0,1.0,0,1.0
136,2,598.0,414.0,279.0,176.0,1.0,3,0.716
136,3,412.0,268.0,30.0,104.0,1.0,0,0.8
136,4,715.0,357.0,195.0,123.0,1.0,3,0.554
137,1,294.0,359.0,93.0,156.0,1.0,0,1.0
137,2,595.0,414.0,279.0,176.0,1.0,3,0.716
137,3,415.0,268.0,30.0,104.0,1.0,0,0.7
137,4,713.0,357.0,195.0,123.0,1.0,3,0.557
138,1,297.0,360.0,93.0,156.0,1.0,0,1.0
138,2,592.0,414.0,279.0,176.0,1.0,3,0.716
138,3,418.0,268.0,30.0,104.0,1.0,0,0.6
138,4,711.0,357.0,195.0,123.0,1.0,3,0.56
139,1,300.0,360.0,93.0,156.0,1.0,0,1.0
139,2,589.0,414.0,279.0,176.0,1.0,3,0.716
139,3,420.0,268.0,30.0,104.0,1.0,0,0.533
139,4,709.0,357.0,195.0,123.0,1.0,3,0.562
140,1,302.0,360.0,93.0,156.0,1.0,0,1.0
140,2,586.0,414.0,279.0,176.0,1.0,3,0.716
140,3,423.0,268.0,30.0,104.0,1.0,0,0.433
140,4,707.0,357.0,195.0,123.0,1.0,3,0.565
141,1,305.0,360.0,93.0,156.0,1.0,0,1.0
141,2,583.0,415.0,279.0,176.0,1.0,3,0.71
141,3,426.0,268.0,30.0,104.0,1.0,0,0.333
141,4,705.0,357.0,195.0,123.0,1.0,3,0.575
142,1,308.0,360.0,93.0,156.0,1.0,0,1.0
142,2,580.0,415.0,279.0,176.0,1.0,3,0.71
142,3,429.0,268.0,30.0,104.0,1.0,0,0.233
142,4,703.0,356.0,197.0,124.0,1.0,3,0.585
143,1,311.0,361.0,93.0,156.0,1.0,0,1.0
143,2,576.0,415.0,279.0,176.0,1.0,3,0.71
143,3,432.0,268.0,30.0,104.0,1.0,0,0.133
143,4,701.0,356.0,197.0,124.0,1.0,3,0.59
144,1,314.0,361.0,93.0,156.0,1.0,0,1.0
144,2,573.0,415.0,279.0,176.0,1.0,3,0.71
144,3,435.0,268.0,30.0,104.0,1.0,0,0.033
144,4,699.0,356.0,197.0,124.0,1.0,3,0.593
145,1,316.0,361.0,93.0,156.0,1.0,0,1.0
145,2,570.0,415.0,279.0,176.0,1.0,3,0.71
145,3,437.0,268.0,30.0,104.0,1.0,0,0.0
145,4,697.0,356.0,197.0,124.0,1.0,3,0.596
146,1,319.0,361.0,93.0,156.0,1.0,0,1.0
146,2,567.0,415.0,279.0,176.0,1.0,3,0.71
146,3,440.0,269.0,30.0,104.0,1.0,0,0.0
146,4,695.0,356.0,197.0,124.0,1.0,3,0.598
147,1,322.0,361.0,93.0,156.0,1.0,0,1.0
147,2,564.0,415.0,279.0,176.0,1.0,3,0.71
147,3,443.0,269.0,30.0,104.0,1.0,0,0.0
147,4,693.0,356.0,197.0,124.0,1.0,3,0.601
148,1,325.0,362.0,93.0,156.0,1.0,0,1.0
148,2,561.0,416.0,279.0,176.0,1.0,3,0.705
148,3,446.0,269.0,30.0,105.0,1.0,0,0.0
148,4,691.0,356.0,197.0,124.0,1.0,3,0.61
149,1,327.0,362.0,93.0,156.0,1.0,0,1.0
149,2,558.0,416.0,279.0,176.0,1.0,3,0.705
149,3,449.0,269.0,30.0,105.0,1.0,0,0.0
149,4,689.0,355.0,197.0,124.0,1.0,3,0.618
150,1,330.0,362.0,93.0,156.0,1.0,0,1.0
150,2,555.0,416.0,279.0,176.0,1.0,3,0.705
150,3,452.0,269.0,30.0,105.0,1.0,0,0.0
150,4,687.0,355.0,197.0,124.0,1.0,3,0.621
151,1,333.0,362.0,93.0,156.0,1.0,0,1.0
151,2,552.0,416.0,279.0,176.0,1.0,3,0.705
151,3,454.0,269.0,30.0,105.0,1.0,0,0.0
151,4,685.0,355.0,197.0,124.0,1.0,3,0.623
152,1,336.0,362.0,93.0,156.0,1.0,0,1.0
152,2,549.0,416.0,279.0,176.0,1.0,3,0.705
152,3,457.0,269.0,30.0,105.0,1.0,0,0.0
152,4,683.0,355.0,197.0,124.0,1.0,3,0.626
153,1,338.0,362.0,93.0,156.0,1.0,0,1.0
153,2,546.0,416.0,279.0,176.0,1.0,3,0.705
153,3,460.0,269.0,30.0,105.0,1.0,0,0.0
153,4,681.0,355.0,197.0,124.0,1.0,3,0.629
154,1,341.0,363.0,93.0,156.0,1.0,0,1.0
154,2,543.0,416.0,279.0,176.0,1.0,3,0.705
154,3,463.0,269.0,30.0,105.0,1.0,0,0.0
154,4,679.0,355.0,197.0,124.0,1.0,3,0.631
155,1,344.0,363.0,93.0,156.0,1.0,0,0.989
155,2,540.0,417.0,279.0,176.0,1.0,3,0.699
155,3,466.0,269.0,30.0,105.0,1.0,0,0.0
155,4,677.0,355.0,197.0,124.0,1.0,3,0.64
156,1,347.0,363.0,93.0,156.0,1.0,0,0.957
156,2,537.0,417.0,279.0,176.0,1.0,3,0.699
156,3,469.0,269.0,30.0,105.0,1.0,0,0.0
156,4,675.0,354.0,197.0,124.0,1.0,3,0.648
157,1,349.0,363.0,94.0,157.0,1.0,0,0.926
157,2,534.0,417.0,279.0,176.0,1.0,3,0.699
157,3,471.0,269.0,30.0,105.0,1.0,0,0.0
157,4,673.0,354.0,198.0,125.0,1.0,3,0.649
158,1,352.0,363.0,94.0,157.0,1.0,0,0.894
158,2,531.0,417.0,279.0,176.0,1.0,3,0.699
158,3,474.0,269.0,30.0,105.0,1.0,0,0.0
158,4,671.0,354.0,198.0,125.0,1.0,3,0.652
159,1,355.0,364.0,94.0,157.0,1.0,0,0.862
159,2,528.0,417.0,279.0,176.0,1.0,3,0.699
159,3,477.0,269.0,30.0,105.0,1.0,0,0.0
159,4,669.0,354.0,198.0,125.0,1.0,3,0.654
160,1,358.0,364.0,94.0,157.0,1.0,0,0.83
160,2,525.0,417.0,279.0,176.0,1.0,3,0.699
160,3,480.0,269.0,30.0,105.0,1.0,0,0.0
160,4,667.0,354.0,198.0,125.0,1.0,3,0.657
161,1,360.0,364.0,94.0,157.0,1.0,0,0.809
161,2,522.0,417.0,279.0,176.0,1.0,3,0.694
161,3,483.0,270.0,30.0,105.0,1.0,0,0.0
161,4,665.0,354.0,198.0,125.0,1.0,3,0.659
162,1,363.0,364.0,94.0,157.0,1.0,0,0.777
162,2,519.0,418.0,279.0,176.0,1.0,3,0.681
162,3,485.0,270.0,30.0,105.0,1.0,0,0.0
162,4,663.0,353.0,198.0,125.0,1.0,3,0.673
163,1,366.0,364.0,94.0,157.0,1.0,0,0.745
163,2,516.0,418.0,279.0,176.0,1.0,3,0.673
163,3,488.0,270.0,30.0,105.0,1.0,0,0.0
163,4,661.0,353.0,198.0,125.0,1.0,3,0.675
164,1,369.0,365.0,94.0,157.0,1.0,0,0.713
164,2,513.0,418.0,279.0,176.0,1.0,3,0.666
164,3,491.0,270.0,30.0,105.0,1.0,0,0.0
164,4,659.0,353.0,198.0,125.0,1.0,3,0.678
165,1,372.0,365.0,94.0,157.0,1.0,0,0.681
165,2,510.0,418.0,279.0,176.0,1.0,3,0.658
165,3,494.0,270.0,30.0,105.0,1.0,0,0.0
165,4,657.0,353.0,198.0,125.0,1.0,3,0.68
166,1,374.0,365.0,94.0,157.0,1.0,0,0.66
166,2,507.0,418.0,279.0,176.0,1.0,3,0.651
166,3,497.0,270.0,30.0,105.0,1.0,0,0.1
166,4,655.0,353.0,198.0,125.0,1.0,3,0.682
167,1,377.0,365.0,94.0,157.0,1.0,0,0.628
167,2,504.0,418.0,279.0,176.0,1.0,3,0.643
167,3,500.0,270.0,30.0,105.0,1.0,0,0.2
167,4,653.0,353.0,198.0,125.0,1.0,3,0.685
168,1,380.0,365.0,94.0,157.0,1.0,0,0.596
168,2,501.0,418.0,279.0,176.0,1.0,3,0.636
168,3,502.0,270.0,30.0,105.0,1.0,0,0.267
168,4,651.0,353.0,198.0,125.0,1.0,3,0.687
169,1,383.0,366.0,94.0,157.0,1.0,0,0.564
169,2,498.0,419.0,279.0,176.0,1.0,3,0.623
169,3,505.0,270.0,30.0,105.0,1.0,0,0.367
169,4,649.0,352.0,198.0,125.0,1.0,3,0.7
170,1,385.0,366.0,94.0,157.0,1.0,0,0.543
170,2,495.0,419.0,279.0,176.0,1.0,3,0.616
170,3,508.0,270.0,30.0,105.0,1.0,0,0.467
170,4,647.0,352.0,198.0,125.0,1.0,3,0.702
171,1,388.0,366.0,94.0,157.0,1.0,0,0.511
171,2,492.0,419.0,279.0,176.0,1.0,3,0.609
171,3,511.0,270.0,30.0,106.0,1.0,0,0.567
171,4,645.0,352.0,198.0,125.0,1.0,3,0.705
172,1,391.0,366.0,94.0,157.0,1.0,0,0.479
172,2,489.0,419.0,279.0,176.0,1.0,3,0.601
172,3,514.0,270.0,30.0,106.0,1.0,0,0.667
172,4,644.0,352.0,200.0,126.0,1.0,3,0.71
173,1,394.0,366.0,94.0,157.0,1.0,0,0.447
173,2,486.0,419.0,279.0,176.0,1.0,3,0.594
173,3,517.0,270.0,30.0,106.0,1.0,0,0.767
173,4,642.0,352.0,200.0,126.0,1.0,3,0.712
174,1,396.0,367.0,94.0,157.0,1.0,0,0.426
174,2,483.0,419.0,279.0,176.0,1.0,3,0.586
174,3,519.0,270.0,30.0,106.0,1.0,0,0.833
174,4,640.0,352.0,200.0,126.0,1.0,3,0.714
175,1,399.0,367.0,94.0,157.0,1.0,0,0.394
175,2,480.0,419.0,279.0,176.0,1.0,3,0.579
175,3,522.0,270.0,30.0,106.0,1.0,0,0.933
175,4,638.0,352.0,200.0,126.0,1.0,3,0.717
176,1,402.0,367.0,94.0,157.0,1.0,0,0.362
176,2,477.0,420.0,279.0,176.0,1.0,3,0.567
176,3,525.0,271.0,30.0,106.0,1.0,0,1.0
176,4,636.0,351.0,200.0,126.0,1.0,3,0.729
177,1,405.0,367.0,94.0,157.0,1.0,0,0.33
177,2,474.0,420.0,279.0,176.0,1.0,3,0.56
177,3,528.0,271.0,30.0,106.0,1.0,0,1.0
177,4,634.0,351.0,200.0,126.0,1.0,3,0.731
178,1,407.0,367.0,94.0,158.0,1.0,0,0.309
178,2,471.0,420.0,279.0,176.0,1.0,3,0.552
178,3,531.0,271.0,30.0,106.0,1.0,0,1.0
178,4,632.0,351.0,200.0,126.0,1.0,3,0.733
179,1,410.0,368.0,94.0,158.0,1.0,0,0.277
179,2,468.0,420.0,279.0,176.0,1.0,3,0.545
179,3,533.0,271.0,30.0,106.0,1.0,0,1.0
179,4,630.0,351.0,200.0,126.0,1.0,3,0.735
180,1,413.0,368.0,94.0,158.0,1.0,0,0.245
180,2,465.0,420.0,279.0,176.0,1.0,3,0.538
180,3,536.0,271.0,30.0,106.0,1.0,0,1.0
180,4,628.0,351.0,200.0,126.0,1.0,3,0.738
181,1,416.0,368.0,94.0,158.0,1.0,0,0.213
181,2,462.0,420.0,279.0,176.0,1.0,3,0.53
181,3,539.0,271.0,30.0,106.0,1.0,0,1.0
181,4,626.0,351.0,200.0,126.0,1.0,3,0.74
182,1,418.0,368.0,94.0,158.0,1.0,0,0.191
182,2,459.0,420.0,279.0,176.0,1.0,3,0.523
182,3,542.0,271.0,30.0,106.0,1.0,0,1.0
182,4,624.0,351.0,200.0,126.0,1.0,3,0.742
183,1,421.0,368.0,94.0,158.0,1.0,0,0.16
183,2,456.0,421.0,279.0,176.0,1.0,3,0.511
183,3,545.0,271.0,30.0,106.0,1.0,0,1.0
183,4,622.0,350.0,200.0,126.0,1.0,3,0.753
184,1,424.0,369.0,94.0,158.0,1.0,0,0.128
184,2,453.0,421.0,279.0,176.0,1.0,3,0.504
184,3,548.0,271.0,30.0,106.0,1.0,0,1.0
184,4,620.0,350.0,200.0,126.0,1.0,3,0.756
185,1,427.0,369.0,94.0,158.0,1.0,0,0.096
185,2,450.0,421.0,279.0,176.0,1.0,3,0.497
185,3,550.0,271.0,30.0,106.0,1.0,0,1.0
185,4,618.0,350.0,200.0,126.0,1.0,3,0.758
186,1,430.0,369.0,94.0,158.0,1.0,0,0.064
186,2,447.0,421.0,279.0,176.0,1.0,3,0.49
186,3,553.0,271.0,30.0,106.0,1.0,0,1.0
186,4,616.0,350.0,202.0,127.0,1.0,3,0.76
187,1,432.0,369.0,94.0,158.0,1.0,0,0.05
187,2,444.0,421.0,279.0,176.0,1.0,3,0.482
187,3,556.0,271.0,30.0,106.0,1.0,0,1.0
187,4,614.0,350.0,202.0,127.0,1.0,3,0.762
188,1,435.0,369.0,94.0,158.0,1.0,0,0.028
188,2,441.0,421.0,279.0,176.0,1.0,3,0.475
188,3,559.0,271.0,30.0,106.0,1.0,0,1.0
188,4,612.0,350.0,202.0,127.0,1.0,3,0.764
189,1,438.0,369.0,94.0,158.0,1.0,0,0.028
189,2,438.0,421.0,279.0,176.0,1.0,3,0.468
189,3,562.0,271.0,30.0,106.0,1.0,0,1.0
189,4,610.0,350.0,202.0,127.0,1.0,3,0.766
190,1,441.0,370.0,94.0,158.0,1.0,0,0.039
190,2,435.0,422.0,279.0,176.0,1.0,3,0.459
190,3,565.0,271.0,30.0,106.0,1.0,0,1.0
190,4,608.0,349.0,202.0,127.0,1.0,3,0.777
191,1,443.0,370.0,94.0,158.0,1.0,0,0.046
191,2,432.0,422.0,279.0,176.0,1.0,3,0.459
191,3,567.0,272.0,30.0,106.0,1.0,0,1.0
191,4,606.0,349.0,202.0,127.0,1.0,3,0.779
192,1,446.0,370.0,94.0,158.0,1.0,0,0.056
192,2,429.0,422.0,279.0,176.0,1.0,3,0.459
192,3,570.0,272.0,30.0,106.0,1.0,0,1.0
192,4,604.0,349.0,202.0,127.0,1.0,3,0.781
193,1,449.0,370.0,94.0,158.0,1.0,0,0.067
193,2,426.0,422.0,279.0,176.0,1.0,3,0.459
193,3,573.0,272.0,31.0,107.0,1.0,0,0.982
193,4,602.0,349.0,202.0,127.0,1.0,3,0.783
194,1,452.0,370.0,94.0,158.0,1.0,0,0.077
194,2,423.0,422.0,279.0,176.0,1.0,3,0.459
194,3,576.0,272.0,31.0,107.0,1.0,0,0.937
194,4,600.0,349.0,202.0,127.0,1.0,3,0.785
195,1,454.0,371.0,94.0,158.0,1.0,0,0.082
195,2,420.0,422.0,279.0,176.0,1.0,3,0.459
195,3,579.0,272.0,31.0,107.0,1.0,0,0.891
195,4,598.0,349.0,202.0,127.0,1.0,3,0.787
196,1,457.0,371.0,94.0,158.0,1.0,0,0.093
196,2,417.0,422.0,279.0,176.0,1.0,3,0.459
196,3,582.0,272.0,31.0,107.0,1.0,0,0.846
196,4,596.0,349.0,202.0,127.0,1.0,3,0.79
197,1,460.0,371.0,94.0,158.0,1.0,0,0.105
197,2,414.0,423.0,279.0,176.0,1.0,3,0.455
197,3,584.0,272.0,31.0,107.0,1.0,0,0.804
197,4,594.0,348.0,202.0,127.0,1.0,3,0.799
198,1,463.0,371.0,94.0,158.0,1.0,0,0.116
198,2,411.0,423.0,279.0,176.0,1.0,3,0.455
198,3,587.0,272.0,31.0,107.0,1.0,0,0.757
198,4,592.0,348.0,202.0,127.0,1.0,3,0.801
199,1,465.0,371.0,95.0,159.0,1.0,0,0.124
199,2,408.0,423.0,279.0,176.0,1.0,3,0.455
199,3,590.0,272.0,31.0,107.0,1.0,0,0.71
199,4,590.0,348.0,202.0,127.0,1.0,3,0.803
200,1,468.0,372.0,95.0,159.0,1.0,0,0.132
200,2,405.0,423.0,279.0,176.0,1.0,3,0.455
200,3,593.0,272.0,31.0,107.0,1.0,0,0.71
200,4,588.0,348.0,202.0,127.0,1.0,3,0.805
201,1,471.0,372.0,95.0,159.0,1.0,0,0.142
201,2,402.0,423.0,279.0,176.0,1.0,3,0.455
201,3,596.0,272.0,31.0,107.0,1.0,0,0.71
201,4,586.0,348.0,203.0,128.0,1.0,3,0.806
202,1,474.0,372.0,95.0,159.0,1.0,0,0.152
202,2,399.0,423.0,279.0,176.0,1.0,3,0.455
202,3,598.0,272.0,31.0,107.0,1.0,0,0.71
202,4,584.0,348.0,203.0,128.0,1.0,3,0.808
203,1,477.0,372.0,95.0,159.0,1.0,0,0.162
203,2,396.0,423.0,279.0,176.0,1.0,3,0.455
203,3,601.0,272.0,31.0,107.0,1.0,0,0.71
203,4,582.0,348.0,203.0,128.0,1.0,3,0.81
204,1,479.0,372.0,95.0,159.0,1.0,0,0.172
204,2,393.0,424.0,279.0,176.0,1.0,3,0.451
204,3,604.0,272.0,31.0,107.0,1.0,0,0.701
204,4,580.0,347.0,203.0,128.0,1.0,3,0.819
205,1,482.0,373.0,95.0,159.0,1.0,0,0.179
205,2,390.0,424.0,279.0,176.0,1.0,3,0.451
205,3,607.0,272.0,31.0,107.0,1.0,0,0.701
205,4,578.0,347.0,203.0,128.0,1.0,3,0.821
206,1,485.0,373.0,95.0,159.0,1.0,0,0.189
206,2,387.0,424.0,279.0,176.0,1.0,3,0.451
206,3,610.0,272.0,31.0,107.0,1.0,0,0.701
206,4,576.0,347.0,203.0,128.0,1.0,3,0.816
207,1,488.0,373.0,95.0,159.0,1.0,0,0.199
207,2,384.0,424.0,279.0,176.0,1.0,3,0.451
207,3,613.0,273.0,31.0,107.0,1.0,0,0.692
207,4,574.0,347.0,203.0,128.0,1.0,3,0.808
208,1,490.0,373.0,95.0,159.0,1.0,0,0.206
208,2,381.0,424.0,279.0,176.0,1.0,3,0.451
208,3,615.0,273.0,31.0,107.0,1.0,0,0.692
208,4,572.0,347.0,203.0,128.0,1.0,3,0.802
209,1,493.0,373.0,95.0,159.0,1.0,0,0.216
209,2,378.0,424.0,279.0,176.0,1.0,3,0.451
209,3,618.0,273.0,31.0,107.0,1.0,0,0.692
209,4,571.0,347.0,203.0,128.0,1.0,3,0.798
210,1,496.0,374.0,95.0,159.0,1.0,0,0.222
210,2,375.0,424.0,279.0,176.0,1.0,3,0.451
210,3,621.0,273.0,31.0,107.0,1.0,0,0.692
210,4,569.0,347.0,203.0,128.0,1.0,3,0.791
211,1,499.0,374.0,95.0,159.0,1.0,0,0.236
211,2,372.0,425.0,279.0,176.0,1.0,3,0.447
211,3,624.0,273.0,31.0,107.0,1.0,0,0.682
211,4,567.0,346.0,203.0,128.0,1.0,3,0.789
212,1,501.0,374.0,95.0,159.0,1.0,0,0.243
212,2,369.0,425.0,279.0,176.0,1.0,3,0.447
212,3,627.0,273.0,31.0,107.0,1.0,0,0.682
212,4,565.0,346.0,203.0,128.0,1.0,3,0.783
213,1,504.0,374.0,95.0,159.0,1.0,0,0.253
213,2,366.0,425.0,279.0,176.0,1.0,3,0.447
213,3,630.0,273.0,31.0,107.0,1.0,0,0.682
213,4,563.0,346.0,203.0,128.0,1.0,3,0.775
214,1,507.0,374.0,95.0,159.0,1.0,0,0.263
214,2,363.0,425.0,279.0,176.0,1.0,3,0.447
214,3,632.0,273.0,31.0,107.0,1.0,0,0.682
214,4,561.0,346.0,203.0,128.0,1.0,3,0.767
215,1,510.0,375.0,95.0,159.0,1.0,0,0.268
215,2,360.0,425.0,279.0,176.0,1.0,3,0.447
215,3,635.0,273.0,31.0,108.0,1.0,0,0.676
215,4,559.0,346.0,203.0,128.0,1.0,3,0.761
216,1,512.0,375.0,95.0,159.0,1.0,0,0.275
216,2,357.0,425.0,279.0,176.0,1.0,3,0.447
216,3,638.0,273.0,31.0,108.0,1.0,0,0.676
216,4,557.0,346.0,205.0,129.0,1.0,3,0.756
217,1,515.0,375.0,95.0,159.0,1.0,0,0.285
217,2,354.0,425.0,279.0,176.0,1.0,3,0.447
217,3,641.0,273.0,31.0,108.0,1.0,0,0.676
217,4,555.0,346.0,205.0,129.0,1.0,3,0.749
218,1,518.0,375.0,95.0,159.0,1.0,0,0.3
218,2,351.0,426.0,279.0,176.0,1.0,3,0.443
218,3,644.0,273.0,31.0,108.0,1.0,0,0.667
218,4,553.0,345.0,205.0,129.0,1.0,3,0.745
219,1,521.0,375.0,95.0,160.0,1.0,0,0.309
219,2,348.0,426.0,279.0,176.0,1.0,3,0.443
219,3,646.0,273.0,31.0,108.0,1.0,0,0.667
219,4,551.0,345.0,205.0,129.0,1.0,3,0.737
220,1,523.0,376.0,95.0,160.0,1.0,0,0.309
220,2,345.0,426.0,279.0,176.0,1.0,3,0.443
220,3,649.0,273.0,31.0,108.0,1.0,0,0.667
220,4,549.0,345.0,205.0,129.0,1.0,3,0.733
221,1,526.0,376.0,95.0,160.0,1.0,0,0.312
221,2,342.0,426.0,279.0,176.0,1.0,3,0.443
221,3,652.0,273.0,31.0,108.0,1.0,0,0.667
221,4,547.0,345.0,205.0,129.0,1.0,3,0.726
222,1,529.0,376.0,95.0,160.0,1.0,0,0.356
222,2,339.0,426.0,279.0,176.0,1.0,3,0.443
222,3,655.0,274.0,31.0,108.0,1.0,0,0.657
222,4,545.0,345.0,205.0,129.0,1.0,3,0.707
223,1,532.0,376.0,95.0,160.0,1.0,0,0.399
223,2,336.0,426.0,279.0,176.0,1.0,3,0.443
223,3,658.0,274.0,31.0,108.0,1.0,0,0.657
223,4,543.0,345.0,205.0,129.0,1.0,3,0.689
224,1,535.0,376.0,95.0,160.0,1.0,0,0.443
224,2,333.0,426.0,279.0,176.0,1.0,3,0.443
224,3,661.0,274.0,31.0,108.0,1.0,0,0.657
224,4,541.0,345.0,205.0,129.0,1.0,3,0.67
225,1,537.0,376.0,95.0,160.0,1.0,0,0.484
225,2,330.0,427.0,279.0,176.0,1.0,3,0.44
225,3,663.0,274.0,31.0,108.0,1.0,0,0.648
225,4,539.0,344.0,205.0,129.0,1.0,3,0.659
226,1,540.0,377.0,95.0,160.0,1.0,0,0.522
226,2,327.0,427.0,279.0,176.0,1.0,3,0.44
226,3,666.0,274.0,31.0,108.0,1.0,0,0.648
226,4,537.0,344.0,205.0,129.0,1.0,3,0.65
227,1,543.0,377.0,95.0,160.0,1.0,0,0.566
227,2,324.0,427.0,279.0,176.0,1.0,3,0.44
227,3,669.0,274.0,31.0,108.0,1.0,0,0.648
227,4,535.0,344.0,205.0,129.0,1.0,3,0.641
228,1,546.0,377.0,95.0,160.0,1.0,0,0.609
228,2,321.0,427.0,279.0,176.0,1.0,3,0.44
228,3,672.0,274.0,31.0,108.0,1.0,0,0.648
228,4,533.0,344.0,205.0,129.0,1.0,3,0.633
229,1,548.0,377.0,95.0,160.0,1.0,0,0.645
229,2,318.0,427.0,279.0,176.0,1.0,3,0.44
229,3,675.0,274.0,31.0,108.0,1.0,0,0.648
229,4,531.0,344.0,205.0,129.0,1.0,3,0.626
230,1,551.0,377.0,95.0,160.0,1.0,0,0.689
230,2,315.0,427.0,279.0,176.0,1.0,3,0.44
230,3,678.0,274.0,31.0,108.0,1.0,0,0.648
230,4,529.0,344.0,205.0,129.0,1.0,3,0.617
231,1,554.0,378.0,95.0,160.0,1.0,0,0.73
231,2,312.0,427.0,279.0,176.0,1.0,3,0.44
231,3,680.0,274.0,31.0,108.0,1.0,0,0.639
231,4,527.0,343.0,206.0,130.0,1.0,3,0.617
232,1,557.0,378.0,95.0,160.0,1.0,0,0.776
232,2,309.0,428.0,279.0,176.0,1.0,3,0.436
232,3,683.0,274.0,31.0,108.0,1.0,0,0.639
232,4,525.0,343.0,206.0,130.0,1.0,3,0.609
233,1,559.0,378.0,95.0,160.0,1.0,0,0.812
233,2,306.0,428.0,279.0,176.0,1.0,3,0.436
233,3,686.0,274.0,31.0,108.0,1.0,0,0.639
233,4,523.0,343.0,206.0,130.0,1.0,3,0.599
234,1,562.0,378.0,95.0,160.0,1.0,0,0.855
234,2,303.0,428.0,279.0,176.0,1.0,3,0.436
234,3,689.0,274.0,31.0,108.0,1.0,0,0.639
234,4,521.0,343.0,206.0,130.0,1.0,3,0.585
235,1,565.0,378.0,95.0,160.0,1.0,0,0.906
235,2,299.0,428.0,279.0,176.0,1.0,3,0.436
235,3,692.0,274.0,31.0,108.0,1.0,0,0.639
235,4,519.0,343.0,206.0,130.0,1.0,3,0.57
236,1,568.0,379.0,95.0,160.0,1.0,0,0.949
236,2,296.0,428.0,279.0,176.0,1.0,3,0.436
236,3,695.0,274.0,31.0,108.0,1.0,0,0.674
236,4,517.0,343.0,206.0,130.0,1.0,3,0.559
237,1,570.0,379.0,95.0,160.0,1.0,0,0.985
237,2,293.0,428.0,279.0,176.0,1.0,3,0.436
237,3,697.0,275.0,31.0,108.0,1.0,0,0.713
237,4,515.0,343.0,206.0,130.0,1.0,3,0.546
238,1,573.0,379.0,95.0,160.0,1.0,0,1.0
238,2,290.0,428.0,279.0,176.0,1.0,3,0.436
238,3,700.0,275.0,31.0,109.0,1.0,0,0.764
238,4,513.0,342.0,206.0,130.0,1.0,3,0.543
239,1,576.0,379.0,95.0,160.0,1.0,0,1.0
239,2,287.0,429.0,279.0,176.0,1.0,3,0.432
239,3,703.0,275.0,31.0,109.0,1.0,0,0.826
239,4,511.0,342.0,206.0,130.0,1.0,3,0.54
240,1,579.0,379.0,96.0,161.0,1.0,0,1.0
240,2,284.0,429.0,279.0,176.0,1.0,3,0.432
240,3,706.0,275.0,31.0,109.0,1.0,0,0.888
240,4,509.0,342.0,206.0,130.0,1.0,3,0.531
241,1,581.0,380.0,96.0,161.0,1.0,0,0.994
241,2,281.0,429.0,279.0,176.0,1.0,3,0.432
241,3,709.0,275.0,31.0,109.0,1.0,0,0.95
241,4,507.0,342.0,206.0,130.0,1.0,3,0.53
242,1,584.0,380.0,96.0,161.0,1.0,0,0.994
242,2,278.0,429.0,279.0,176.0,1.0,3,0.432
242,3,711.0,275.0,31.0,109.0,1.0,0,1.0
242,4,505.0,342.0,206.0,130.0,1.0,3,0.525
243,1,587.0,380.0,96.0,161.0,1.0,0,0.994
243,2,275.0,429.0,279.0,176.0,1.0,3,0.432
243,3,714.0,275.0,31.0,109.0,1.0,0,1.0
243,4,503.0,342.0,206.0,130.0,1.0,3,0.52
244,1,590.0,380.0,96.0,161.0,1.0,0,0.994
244,2,272.0,429.0,279.0,176.0,1.0,3,0.432
244,3,717.0,275.0,31.0,109.0,1.0,0,1.0
244,4,501.0,342.0,206.0,130.0,1.0,3,0.515
245,1,593.0,380.0,96.0,161.0,1.0,0,0.994
245,2,269.0,429.0,279.0,176.0,1.0,3,0.432
245,3,720.0,275.0,31.0,109.0,1.0,0,1.0
245,4,499.0,341.0,206.0,130.0,1.0,3,0.515
246,1,595.0,381.0,96.0,161.0,1.0,0,0.988
246,2,266.0,430.0,279.0,176.0,1.0,3,0.428
246,3,723.0,275.0,31.0,109.0,1.0,0,1.0
246,4,498.0,341.0,208.0,131.0,1.0,3,0.522
247,1,598.0,381.0,96.0,161.0,1.0,0,0.988
247,2,263.0,430.0,279.0,176.0,1.0,3,0.428
247,3,726.0,275.0,31.0,109.0,1.0,0,1.0
247,4,496.0,341.0,208.0,131.0,1.0,3,0.517
248,1,601.0,381.0,96.0,161.0,1.0,0,0.988
248,2,260.0,430.0,279.0,176.0,1.0,3,0.428
248,3,728.0,275.0,31.0,109.0,1.0,0,1.0
248,4,494.0,341.0,208.0,131.0,1.0,3,0.512
249,1,604.0,381.0,96.0,161.0,1.0,0,0.988
249,2,257.0,430.0,279.0,176.0,1.0,3,0.428
249,3,731.0,275.0,31.0,109.0,1.0,0,1.0
249,4,492.0,341.0,208.0,131.0,1.0,3,0.507
250,1,606.0,381.0,96.0,161.0,1.0,0,0.988
250,2,254.0,430.0,279.0,176.0,1.0,3,0.428
250,3,734.0,275.0,31.0,109.0,1.0,0,1.0
250,4,490.0,341.0,208.0,131.0,1.0,3,0.515
251,1,609.0,382.0,96.0,161.0,1.0,0,0.981
251,2,251.0,430.0,279.0,176.0,1.0,3,0.428
251,3,737.0,275.0,31.0,109.0,1.0,0,1.0
251,4,488.0,341.0,208.0,131.0,1.0,3,0.53
252,1,612.0,382.0,96.0,161.0,1.0,0,0.981
252,2,248.0,430.0,279.0,176.0,1.0,3,0.428
252,3,740.0,276.0,31.0,109.0,1.0,0,1.0
252,4,486.0,340.0,208.0,131.0,1.0,3,0.545
253,1,615.0,382.0,96.0,161.0,1.0,0,0.981
253,2,245.0,431.0,279.0,176.0,1.0,3,0.424
253,3,743.0,276.0,31.0,109.0,1.0,0,1.0
253,4,484.0,340.0,208.0,131.0,1.0,3,0.556
254,1,617.0,382.0,96.0,161.0,1.0,0,0.981
254,2,242.0,431.0,279.0,176.0,1.0,3,0.431
254,3,745.0,276.0,31.0,109.0,1.0,0,1.0
254,4,482.0,340.0,208.0,131.0,1.0,3,0.56
255,1,620.0,382.0,96.0,161.0,1.0,0,0.981
255,2,239.0,431.0,279.0,176.0,1.0,3,0.437
255,3,748.0,276.0,31.0,109.0,1.0,0,1.0
255,4,480.0,340.0,208.0,131.0,1.0,3,0.566
256,1,623.0,382.0,96.0,161.0,1.0,0,0.981
256,2,236.0,431.0,279.0,176.0,1.0,3,0.444
256,3,751.0,276.0,31.0,109.0,1.0,0,1.0
256,4,478.0,340.0,208.0,131.0,1.0,3,0.573
257,1,626.0,383.0,96.0,161.0,1.0,0,0.975
257,2,233.0,431.0,279.0,176.0,1.0,3,0.451
257,3,754.0,276.0,31.0,109.0,1.0,0,1.0
257,4,476.0,340.0,208.0,131.0,1.0,3,0.582
258,1,628.0,383.0,96.0,161.0,1.0,0,0.975
258,2,230.0,431.0,279.0,176.0,1.0,3,0.457
258,3,757.0,276.0,31.0,109.0,1.0,0,1.0
258,4,474.0,340.0,208.0,131.0,1.0,3,0.585
259,1,631.0,383.0,96.0,161.0,1.0,0,0.975
259,2,227.0,431.0,279.0,176.0,1.0,3,0.464
259,3,759.0,276.0,31.0,109.0,1.0,0,1.0
259,4,472.0,339.0,208.0,131.0,1.0,3,0.594
260,1,634.0,383.0,96.0,161.0,1.0,0,0.975
260,2,224.0,432.0,279.0,176.0,1.0,3,0.466
260,3,762.0,276.0,32.0,110.0,1.0,0,1.0
260,4,470.0,339.0,208.0,131.0,1.0,3,0.6
261,1,637.0,383.0,97.0,162.0,1.0,0,0.969
261,2,221.0,432.0,279.0,176.0,1.0,3,0.473
261,3,765.0,276.0,32.0,110.0,1.0,0,1.0
261,4,468.0,339.0,210.0,132.0,1.0,3,0.603
262,1,639.0,384.0,97.0,162.0,1.0,0,0.963
262,2,218.0,432.0,279.0,176.0,1.0,3,0.479
262,3,768.0,276.0,32.0,110.0,1.0,0,1.0
262,4,466.0,339.0,210.0,132.0,1.0,3,0.608
263,1,642.0,384.0,97.0,162.0,1.0,0,0.963
263,2,215.0,432.0,279.0,176.0,1.0,3,0.486
263,3,771.0,276.0,32.0,110.0,1.0,0,1.0
263,4,464.0,339.0,210.0,132.0,1.0,3,0.614
264,1,645.0,384.0,97.0,162.0,1.0,0,0.963
264,2,212.0,432.0,279.0,176.0,1.0,3,0.493
264,3,774.0,276.0,32.0,110.0,1.0,0,1.0
264,4,462.0,339.0,210.0,132.0,1.0,3,0.62
265,1,648.0,384.0,97.0,162.0,1.0,0,0.963
265,2,209.0,432.0,279.0,176.0,1.0,3,0.499
265,3,776.0,276.0,32.0,110.0,1.0,0,1.0
265,4,460.0,339.0,210.0,132.0,1.0,3,0.626
266,1,651.0,384.0,97.0,162.0,1.0,0,0.963
266,2,206.0,432.0,279.0,176.0,1.0,3,0.506
266,3,779.0,276.0,32.0,110.0,1.0,0,1.0
266,4,458.0,338.0,210.0,132.0,1.0,3,0.633
267,1,653.0,385.0,97.0,162.0,1.0,0,0.957
267,2,203.0,433.0,279.0,176.0,1.0,3,0.508
267,3,782.0,277.0,32.0,110.0,1.0,0,1.0
267,4,456.0,338.0,210.0,132.0,1.0,3,0.636
268,1,656.0,385.0,97.0,162.0,1.0,0,0.957
268,2,200.0,433.0,279.0,176.0,1.0,3,0.514
268,3,785.0,277.0,32.0,110.0,1.0,0,1.0
268,4,454.0,338.0,210.0,132.0,1.0,3,0.642
269,1,659.0,385.0,97.0,162.0,1.0,0,0.957
269,2,197.0,433.0,279.0,176.0,1.0,3,0.521
269,3,788.0,277.0,32.0,110.0,1.0,0,1.0
269,4,452.0,338.0,210.0,132.0,1.0,3,0.648
270,1,662.0,385.0,97.0,162.0,1.0,0,0.957
270,2,194.0,433.0,279.0,176.0,1.0,3,0.527
270,3,791.0,277.0,32.0,110.0,1.0,0,1.0
270,4,450.0,338.0,210.0,132.0,1.0,3,0.648
271,1,664.0,385.0,97.0,162.0,1.0,0,0.957
271,2,191.0,433.0,279.0,176.0,1.0,3,0.534
271,3,793.0,277.0,32.0,110.0,1.0,0,1.0
271,4,448.0,338.0,210.0,132.0,1.0,3,0.638
272,1,667.0,386.0,97.0,162.0,1.0,0,0.951
272,2,188.0,433.0,279.0,176.0,1.0,3,0.54
272,3,796.0,277.0,32.0,110.0,1.0,0,1.0
272,4,446.0,338.0,210.0,132.0,1.0,3,0.629
273,1,670.0,386.0,97.0,162.0,1.0,0,0.951
273,2,185.0,433.0,279.0,176.0,1.0,3,0.547
273,3,799.0,277.0,32.0,110.0,1.0,0,1.0
273,4,444.0,337.0,210.0,132.0,1.0,3,0.619
274,1,673.0,386.0,97.0,162.0,1.0,0,0.951
274,2,182.0,434.0,279.0,176.0,1.0,3,0.548
274,3,802.0,277.0,32.0,110.0,1.0,0,1.0
274,4,442.0,337.0,210.0,132.0,1.0,3,0.61
275,1,675.0,386.0,97.0,162.0,1.0,0,0.951
275,2,179.0,434.0,279.0,176.0,1.0,3,0.555
275,3,805.0,277.0,32.0,110.0,1.0,0,1.0
275,4,440.0,337.0,210.0,132.0,1.0,3,0.6
276,1,678.0,386.0,97.0,162.0,1.0,0,0.951
276,2,176.0,434.0,279.0,176.0,1.0,3,0.561
276,3,807.0,277.0,32.0,110.0,1.0,0,1.0
276,4,438.0,337.0,211.0,133.0,1.0,3,0.592
277,1,681.0,387.0,97.0,162.0,1.0,0,0.944
277,2,173.0,434.0,279.0,176.0,1.0,3,0.568
277,3,810.0,277.0,32.0,110.0,1.0,0,1.0
277,4,436.0,337.0,211.0,133.0,1.0,3,0.583
278,1,684.0,387.0,97.0,162.0,1.0,0,0.944
278,2,170.0,434.0,279.0,176.0,1.0,3,0.574
278,3,813.0,277.0,32.0,110.0,1.0,0,1.0
278,4,434.0,337.0,211.0,133.0,1.0,3,0.58
279,1,686.0,387.0,97.0,162.0,1.0,0,0.944
279,2,167.0,434.0,279.0,176.0,1.0,3,0.581
279,3,816.0,277.0,32.0,110.0,1.0,0,1.0
279,4,432.0,337.0,211.0,133.0,1.0,3,0.578
280,1,689.0,387.0,97.0,162.0,1.0,0,0.944
280,2,164.0,434.0,279.0,176.0,1.0,3,0.587
280,3,819.0,277.0,32.0,110.0,1.0,0,1.0
280,4,430.0,336.0,211.0,133.0,1.0,3,0.575
281,1,692.0,387.0,97.0,163.0,1.0,0,0.939
281,2,161.0,435.0,279.0,176.0,1.0,3,0.588
281,3,822.0,277.0,32.0,110.0,1.0,0,1.0
281,4,428.0,336.0,211.0,133.0,1.0,3,0.573
282,1,695.0,388.0,97.0,163.0,1.0,0,0.933
282,2,158.0,435.0,279.0,176.0,1.0,3,0.594
282,3,824.0,277.0,32.0,111.0,1.0,0,1.0
282,4,426.0,336.0,211.0,133.0,1.0,3,0.571
283,1,697.0,388.0,97.0,163.0,1.0,0,0.933
283,2,155.0,435.0,279.0,176.0,1.0,3,0.597
283,3,827.0,278.0,32.0,111.0,1.0,0,1.0
283,4,425.0,336.0,211.0,133.0,1.0,3,0.572
284,1,700.0,388.0,97.0,163.0,1.0,0,0.933
284,2,152.0,435.0,279.0,176.0,1.0,3,0.597
284,3,830.0,278.0,32.0,111.0,1.0,0,1.0
284,4,423.0,336.0,211.0,133.0,1.0,3,0.573
285,1,703.0,388.0,97.0,163.0,1.0,0,0.933
285,2,149.0,435.0,279.0,176.0,1.0,3,0.597
285,3,833.0,278.0,32.0,111.0,1.0,0,1.0
285,4,421.0,336.0,211.0,133.0,1.0,3,0.574
286,1,706.0,388.0,97.0,163.0,1.0,0,0.933
286,2,146.0,435.0,279.0,176.0,1.0,3,0.597
286,3,836.0,278.0,32.0,111.0,1.0,0,1.0
286,4,419.0,336.0,211.0,133.0,1.0,3,0.576
287,1,709.0,389.0,97.0,163.0,1.0,0,0.926
287,2,143.0,435.0,279.0,176.0,1.0,3,0.597
287,3,839.0,278.0,32.0,111.0,1.0,0,1.0
287,4,417.0,335.0,211.0,133.0,1.0,3,0.577
288,1,711.0,389.0,97.0,163.0,1.0,0,0.926
288,2,140.0,436.0,279.0,176.0,1.0,3,0.591
288,3,841.0,278.0,32.0,111.0,1.0,0,1.0
288,4,415.0,335.0,211.0,133.0,1.0,3,0.578
289,1,714.0,389.0,97.0,163.0,1.0,0,0.926
289,2,137.0,436.0,279.0,176.0,1.0,3,0.591
289,3,844.0,278.0,32.0,111.0,1.0,0,1.0
289,4,413.0,335.0,211.0,133.0,1.0,3,0.58
290,1,717.0,389.0,97.0,163.0,1.0,0,0.926
290,2,134.0,436.0,279.0,176.0,1.0,3,0.591
290,3,847.0,278.0,32.0,111.0,1.0,0,1.0
290,4,411.0,335.0,211.0,133.0,1.0,3,0.581
291,1,720.0,389.0,97.0,163.0,1.0,0,0.926
291,2,131.0,436.0,279.0,176.0,1.0,3,0.591
291,3,850.0,278.0,32.0,111.0,1.0,0,1.0
291,4,409.0,335.0,213.0,134.0,1.0,3,0.586
292,1,722.0,389.0,97.0,163.0,1.0,0,0.926
292,2,128.0,436.0,279.0,176.0,1.0,3,0.591
292,3,853.0,278.0,32.0,111.0,1.0,0,1.0
292,4,407.0,335.0,213.0,134.0,1.0,3,0.587
293,1,725.0,390.0,97.0,163.0,1.0,0,0.92
293,2,125.0,436.0,279.0,176.0,1.0,3,0.591
293,3,856.0,278.0,32.0,111.0,1.0,0,1.0
293,4,405.0,335.0,213.0,134.0,1.0,3,0.587
294,1,728.0,390.0,97.0,163.0,1.0,0,0.92
294,2,122.0,436.0,279.0,176.0,1.0,3,0.591
294,3,858.0,278.0,32.0,111.0,1.0,0,1.0
294,4,403.0,334.0,213.0,134.0,1.0,3,0.587
295,1,731.0,390.0,97.0,163.0,1.0,0,0.92
295,2,119.0,437.0,279.0,176.0,1.0,3,0.585
295,3,861.0,278.0,32.0,111.0,1.0,0,1.0
295,4,401.0,334.0,213.0,134.0,1.0,3,0.587
296,1,733.0,390.0,97.0,163.0,1.0,0,0.92
296,2,116.0,437.0,279.0,176.0,1.0,3,0.585
296,3,864.0,278.0,32.0,111.0,1.0,0,1.0
296,4,399.0,334.0,213.0,134.0,1.0,3,0.587
297,1,736.0,390.0,97.0,163.0,1.0,0,0.92
297,2,113.0,437.0,279.0,176.0,1.0,3,0.585
297,3,867.0,278.0,32.0,111.0,1.0,0,1.0
297,4,397.0,334.0,213.0,134.0,1.0,3,0.587
298,1,739.0,391.0,97.0,163.0,1.0,0,0.914
298,2,110.0,437.0,279.0,176.0,1.0,3,0.585
298,3,870.0,279.0,32.0,111.0,1.0,0,1.0
298,4,395.0,334.0,213.0,134.0,1.0,3,0.587
299,1,742.0,391.0,97.0,163.0,1.0,0,0.914
299,2,107.0,437.0,279.0,176.0,1.0,3,0.585
299,3,872.0,279.0,32.0,111.0,1.0,0,1.0
299,4,393.0,334.0,213.0,134.0,1.0,3,0.587
300,1,744.0,391.0,97.0,163.0,1.0,0,0.914
300,2,104.0,437.0,279.0,176.0,1.0,3,0.585
300,3,875.0,279.0,32.0,111.0,1.0,0,1.0
300,4,391.0,334.0,213.0,134.0,1.0,3,0.587
301,1,747.0,391.0,97.0,163.0,1.0,0,0.914
301,2,101.0,437.0,279.0,176.0,1.0,3,0.585
301,3,878.0,279.0,32.0,111.0,1.0,0,1.0
301,4,389.0,333.0,213.0,134.0,1.0,3,0.587
302,1,750.0,391.0,98.0,164.0,1.0,0,0.909
302,2,98.0,438.0,279.0,176.0,1.0,3,0.58
302,3,881.0,279.0,32.0,111.0,1.0,0,1.0
302,4,387.0,333.0,213.0,134.0,1.0,3,0.587
303,1,753.0,392.0,98.0,164.0,1.0,0,0.902
303,2,95.0,438.0,279.0,176.0,1.0,3,0.58
303,3,884.0,279.0,32.0,111.0,1.0,0,1.0
303,4,385.0,333.0,213.0,134.0,1.0,3,0.587
304,1,756.0,392.0,98.0,164.0,1.0,0,0.902
304,2,92.0,438.0,279.0,176.0,1.0,3,0.58
304,3,887.0,279.0,32.0,111.0,1.0,0,1.0
304,4,383.0,333.0,213.0,134.0,1.0,3,0.587
305,1,758.0,392.0,98.0,164.0,1.0,0,0.902
305,2,89.0,438.0,279.0,176.0,1.0,3,0.58
305,3,889.0,279.0,32.0,112.0,1.0,0,1.0
305,4,381.0,333.0,213.0,134.0,1.0,3,0.587
306,1,761.0,392.0,98.0,164.0,1.0,0,0.902
306,2,86.0,438.0,279.0,176.0,1.0,3,0.58
306,3,892.0,279.0,32.0,112.0,1.0,0,1.0
306,4,379.0,333.0,214.0,135.0,1.0,3,0.589
307,1,764.0,392.0,98.0,164.0,1.0,0,0.902
307,2,83.0,438.0,279.0,176.0,1.0,3,0.58
307,3,895.0,279.0,32.0,112.0,1.0,0,1.0
307,4,377.0,332.0,214.0,135.0,1.0,3,0.589
308,1,767.0,393.0,98.0,164.0,1.0,0,0.896
308,2,80.0,438.0,279.0,176.0,1.0,3,0.58
308,3,898.0,279.0,32.0,112.0,1.0,0,1.0
308,4,375.0,332.0,214.0,135.0,1.0,3,0.589
309,1,769.0,393.0,98.0,164.0,1.0,0,0.896
309,2,77.0,439.0,279.0,176.0,1.0,3,0.574
309,3,901.0,279.0,32.0,112.0,1.0,0,1.0
309,4,373.0,332.0,214.0,135.0,1.0,3,0.589
310,1,772.0,393.0,98.0,164.0,1.0,0,0.896
310,2,74.0,439.0,279.0,176.0,1.0,3,0.574
310,3,904.0,279.0,32.0,112.0,1.0,0,1.0
310,4,371.0,332.0,214.0,135.0,1.0,3,0.589
311,1,775.0,393.0,98.0,164.0,1.0,0,0.896
311,2,71.0,439.0,279.0,176.0,1.0,3,0.574
311,3,906.0,279.0,32.0,112.0,1.0,0,1.0
311,4,369.0,332.0,214.0,135.0,1.0,3,0.589
312,1,778.0,393.0,98.0,164.0,1.0,0,0.896
312,2,68.0,439.0,279.0,176.0,1.0,3,0.574
312,3,909.0,279.0,32.0,112.0,1.0,0,1.0
312,4,367.0,332.0,214.0,135.0,1.0,3,0.589
313,1,780.0,394.0,98.0,164.0,1.0,0,0.89
313,2,65.0,439.0,279.0,176.0,1.0,3,0.574
313,3,912.0,280.0,32.0,112.0,1.0,0,1.0
313,4,365.0,332.0,214.0,135.0,1.0,3,0.589
314,1,783.0,394.0,98.0,164.0,1.0,0,0.89
314,2,62.0,439.0,279.0,176.0,1.0,3,0.574
314,3,915.0,280.0,32.0,112.0,1.0,0,1.0
314,4,363.0,331.0,214.0,135.0,1.0,3,0.589
315,1,786.0,394.0,98.0,164.0,1.0,0,0.89
315,2,59.0,439.0,279.0,176.0,1.0,3,0.574
315,3,918.0,280.0,32.0,112.0,1.0,0,1.0
315,4,361.0,331.0,214.0,135.0,1.0,3,0.589
316,1,789.0,394.0,98.0,164.0,1.0,0,0.89
316,2,56.0,440.0,279.0,176.0,1.0,3,0.568
316,3,920.0,280.0,32.0,112.0,1.0,0,1.0
316,4,359.0,331.0,214.0,135.0,1.0,3,0.589
317,1,791.0,394.0,98.0,164.0,1.0,0,0.89
317,2,53.0,440.0,279.0,176.0,1.0,3,0.568
317,3,923.0,280.0,32.0,112.0,1.0,0,1.0
317,4,357.0,331.0,214.0,135.0,1.0,3,0.589
318,1,794.0,395.0,98.0,164.0,1.0,0,0.884
318,2,50.0,440.0,279.0,176.0,1.0,3,0.568
318,3,926.0,280.0,32.0,112.0,1.0,0,1.0
318,4,355.0,331.0,214.0,135.0,1.0,3,0.589
319,1,797.0,395.0,98.0,164.0,1.0,0,0.884
319,2,47.0,440.0,279.0,176.0,1.0,3,0.568
319,3,929.0,280.0,32.0,112.0,1.0,0,0.969
319,4,353.0,331.0,214.0,135.0,1.0,3,0.589
320,1,800.0,395.0,98.0,164.0,1.0,0,0.884
320,2,44.0,440.0,279.0,176.0,1.0,3,0.568
320,3,932.0,280.0,32.0,112.0,1.0,0,0.875
320,4,352.0,331.0,214.0,135.0,1.0,3,0.589
321,1,802.0,395.0,98.0,164.0,1.0,0,0.884
321,2,41.0,440.0,279.0,176.0,1.0,3,0.568
321,3,935.0,280.0,32.0,112.0,1.0,0,0.781
321,4,350.0,330.0,216.0,136.0,1.0,3,0.593
322,1,805.0,395.0,98.0,164.0,1.0,0,0.884
322,2,38.0,440.0,279.0,176.0,1.0,3,0.568
322,3,937.0,280.0,32.0,112.0,1.0,0,0.719
322,4,348.0,330.0,216.0,136.0,1.0,3,0.593
323,1,808.0,395.0,98.0,165.0,1.0,0,0.879
323,2,35.0,441.0,279.0,176.0,1.0,3,0.562
323,3,940.0,280.0,32.0,112.0,1.0,0,0.625
323,4,346.0,330.0,216.0,136.0,1.0,3,0.593
324,1,811.0,396.0,98.0,165.0,1.0,0,0.873
324,2,32.0,441.0,279.0,176.0,1.0,3,0.562
324,3,943.0,280.0,32.0,112.0,1.0,0,0.531
324,4,344.0,330.0,216.0,136.0,1.0,3,0.593
325,1,814.0,396.0,98.0,165.0,1.0,0,0.873
325,2,29.0,441.0,279.0,176.0,1.0,3,0.562
325,3,946.0,280.0,32.0,112.0,1.0,0,0.438
325,4,342.0,330.0,216.0,136.0,1.0,3,0.593
326,1,816.0,396.0,98.0,165.0,1.0,0,0.873
326,2,26.0,441.0,279.0,176.0,1.0,3,0.562
326,3,949.0,280.0,32.0,112.0,1.0,0,0.344
326,4,340.0,330.0,216.0,136.0,1.0,3,0.593
327,1,819.0,396.0,98.0,165.0,1.0,0,0.873
327,2,23.0,441.0,279.0,176.0,1.0,3,0.562
327,3,952.0,280.0,32.0,113.0,1.0,0,0.25
327,4,338.0,330.0,216.0,136.0,1.0,3,0.593
328,1,822.0,396.0,98.0,165.0,1.0,0,0.873
328,2,19.0,441.0,279.0,176.0,1.0,3,0.562
328,3,954.0,281.0,32.0,113.0,1.0,0,0.188
328,4,336.0,329.0,216.0,136.0,1.0,3,0.593
329,1,825.0,397.0,98.0,165.0,1.0,0,0.867
329,2,16.0,441.0,279.0,176.0,1.0,3,0.562
329,3,957.0,281.0,32.0,113.0,1.0,0,0.094
329,4,334.0,329.0,216.0,136.0,1.0,3,0.593
330,1,827.0,397.0,98.0,165.0,1.0,0,0.867
330,2,13.0,442.0,279.0,176.0,1.0,3,0.557
330,4,332.0,329.0,216.0,136.0,1.0,3,0.593
331,1,830.0,397.0,98.0,165.0,1.0,0,0.867
331,2,10.0,442.0,279.0,176.0,1.0,3,0.557
331,4,330.0,329.0,216.0,136.0,1.0,3,0.593
332,1,833.0,397.0,98.0,165.0,1.0,0,0.867
332,2,7.0,442.0,279.0,176.0,1.0,3,0.557
332,4,328.0,329.0,216.0,136.0,1.0,3,0.593
333,1,836.0,397.0,98.0,165.0,1.0,0,0.867
333,2,4.0,442.0,279.0,176.0,1.0,3,0.557
333,4,326.0,329.0,216.0,136.0,1.0,3,0.593
334,1,838.0,398.0,98.0,165.0,1.0,0,0.861
334,2,1.0,442.0,279.0,176.0,1.0,3,0.557
334,4,324.0,329.0,216.0,136.0,1.0,3,0.593
335,1,841.0,398.0,98.0,165.0,1.0,0,0.861
335,2,-2.0,442.0,279.0,176.0,1.0,3,0.553
335,4,322.0,328.0,216.0,136.0,1.0,3,0.593
336,1,844.0,398.0,98.0,165.0,1.0,0,0.861
336,2,-5.0,442.0,279.0,176.0,1.0,3,0.547
336,4,320.0,328.0,217.0,137.0,1.0,3,0.594
337,1,847.0,398.0,98.0,165.0,1.0,0,0.861
337,2,-8.0,443.0,279.0,176.0,1.0,3,0.535
337,4,318.0,328.0,217.0,137.0,1.0,3,0.594
338,1,849.0,398.0,98.0,165.0,1.0,0,0.861
338,2,-11.0,443.0,279.0,176.0,1.0,3,0.529
338,4,316.0,328.0,217.0,137.0,1.0,3,0.594
339,1,852.0,399.0,98.0,165.0,1.0,0,0.855
339,2,-14.0,443.0,279.0,176.0,1.0,3,0.523
339,4,314.0,328.0,217.0,137.0,1.0,3,0.594
340,1,855.0,399.0,98.0,165.0,1.0,0,0.855
340,2,-17.0,443.0,279.0,176.0,1.0,3,0.518
340,4,312.0,328.0,217.0,137.0,1.0,3,0.594
341,1,858.0,399.0,98.0,165.0,1.0,0,0.855
341,2,-20.0,443.0,279.0,176.0,1.0,3,0.512
341,4,310.0,328.0,217.0,137.0,1.0,3,0.594
342,1,860.0,399.0,98.0,165.0,1.0,0,0.855
342,2,-23.0,443.0,279.0,176.0,1.0,3,0.506
342,4,308.0,327.0,217.0,137.0,1.0,3,0.594
343,1,863.0,399.0,99.0,166.0,1.0,0,0.832
343,2,-26.0,443.0,279.0,176.0,1.0,3,0.5
343,4,306.0,327.0,217.0,137.0,1.0,3,0.599
344,1,866.0,400.0,99.0,166.0,1.0,0,0.801
344,2,-29.0,444.0,279.0,176.0,1.0,3,0.489
344,4,304.0,327.0,217.0,137.0,1.0,3,0.608
345,1,869.0,400.0,99.0,166.0,1.0,0,0.775
345,2,-32.0,444.0,279.0,176.0,1.0,3,0.483
345,4,302.0,327.0,217.0,137.0,1.0,3,0.618
346,1,872.0,400.0,99.0,166.0,1.0,0,0.75
346,2,-35.0,444.0,279.0,176.0,1.0,3,0.477
346,4,300.0,327.0,217.0,137.0,1.0,3,0.627
347,1,874.0,400.0,99.0,166.0,1.0,0,0.733
347,2,-38.0,444.0,279.0,176.0,1.0,3,0.471
347,4,298.0,327.0,217.0,137.0,1.0,3,0.636
348,1,877.0,400.0,99.0,166.0,1.0,0,0.707
348,2,-41.0,444.0,279.0,176.0,1.0,3,0.465
348,4,296.0,327.0,217.0,137.0,1.0,3,0.645
349,1,880.0,401.0,99.0,166.0,1.0,0,0.677
349,2,-44.0,444.0,279.0,176.0,1.0,3,0.459
349,4,294.0,326.0,217.0,137.0,1.0,3,0.654
350,1,883.0,401.0,99.0,166.0,1.0,0,0.651
350,2,-47.0,444.0,279.0,176.0,1.0,3,0.454
350,4,292.0,326.0,217.0,137.0,1.0,3,0.664
351,1,885.0,401.0,99.0,166.0,1.0,0,0.634
351,2,-50.0,445.0,279.0,176.0,1.0,3,0.443
351,4,290.0,326.0,219.0,138.0,1.0,3,0.667
352,1,888.0,401.0,99.0,166.0,1.0,0,0.609
352,2,-53.0,445.0,279.0,176.0,1.0,3,0.437
352,4,288.0,326.0,219.0,138.0,1.0,3,0.676
353,1,891.0,401.0,99.0,166.0,1.0,0,0.584
353,2,-56.0,445.0,279.0,176.0,1.0,3,0.431
353,4,286.0,326.0,219.0,138.0,1.0,3,0.685
354,1,894.0,402.0,99.0,166.0,1.0,0,0.554
354,2,-59.0,445.0,279.0,176.0,1.0,3,0.426
354,4,284.0,326.0,219.0,138.0,1.0,3,0.694
355,1,896.0,402.0,99.0,166.0,1.0,0,0.537
355,2,-62.0,445.0,279.0,176.0,1.0,3,0.42
355,4,282.0,326.0,219.0,138.0,1.0,3,0.703
356,1,899.0,402.0,99.0,166.0,1.0,0,0.512
356,2,-65.0,445.0,279.0,176.0,1.0,3,0.414
356,4,281.0,325.0,219.0,138.0,1.0,3,0.708
357,1,902.0,402.0,99.0,166.0,1.0,0,0.487
357,2,-68.0,445.0,279.0,176.0,1.0,3,0.408
357,4,279.0,325.0,219.0,138.0,1.0,3,0.717
358,1,905.0,402.0,99.0,166.0,1.0,0,0.462
358,2,-71.0,446.0,279.0,176.0,1.0,3,0.398
358,4,277.0,325.0,219.0,138.0,1.0,3,0.726
359,1,907.0,402.0,99.0,166.0,1.0,0,0.445
359,2,-74.0,446.0,279.0,176.0,1.0,3,0.392
359,4,275.0,325.0,219.0,138.0,1.0,3,0.735
360,1,910.0,403.0,99.0,166.0,1.0,0,0.417
360,2,-77.0,446.0,279.0,176.0,1.0,3,0.387
360,4,273.0,325.0,219.0,138.0,1.0,3,0.744
361,1,913.0,403.0,99.0,166.0,1.0,0,0.392
361,2,-80.0,446.0,279.0,176.0,1.0,3,0.381
361,4,271.0,325.0,219.0,138.0,1.0,3,0.753
362,1,916.0,403.0,99.0,166.0,1.0,0,0.367
362,2,-83.0,446.0,279.0,176.0,1.0,3,0.375
362,4,269.0,325.0,219.0,138.0,1.0,3,0.763
363,1,918.0,403.0,99.0,166.0,1.0,0,0.35
363,2,-86.0,446.0,279.0,176.0,1.0,3,0.369
363,4,267.0,324.0,219.0,138.0,1.0,3,0.772
364,1,921.0,403.0,100.0,167.0,1.0,0,0.32
364,2,-89.0,446.0,279.0,176.0,1.0,3,0.364
364,4,265.0,324.0,219.0,138.0,1.0,3,0.781
365,1,924.0,404.0,100.0,167.0,1.0,0,0.293
365,2,-92.0,447.0,279.0,176.0,1.0,3,0.354
365,4,263.0,324.0,219.0,138.0,1.0,3,0.79
366,1,927.0,404.0,100.0,167.0,1.0,0,0.269
366,2,-95.0,447.0,279.0,176.0,1.0,3,0.348
366,4,261.0,324.0,221.0,139.0,1.0,3,0.792
367,1,930.0,404.0,100.0,167.0,1.0,0,0.244
367,2,-98.0,447.0,279.0,176.0,1.0,3,0.343
367,4,259.0,324.0,221.0,139.0,1.0,3,0.801
368,1,932.0,404.0,100.0,167.0,1.0,0,0.228
368,2,-101.0,447.0,279.0,176.0,1.0,3,0.337
368,4,257.0,324.0,221.0,139.0,1.0,3,0.81
369,1,935.0,404.0,100.0,167.0,1.0,0,0.204
369,2,-104.0,447.0,279.0,176.0,1.0,3,0.331
369,4,255.0,324.0,221.0,139.0,1.0,3,0.819
370,1,938.0,405.0,100.0,167.0,1.0,0,0.178
370,2,-107.0,447.0,279.0,176.0,1.0,3,0.326
370,4,253.0,323.0,221.0,139.0,1.0,3,0.828
371,1,941.0,405.0,100.0,167.0,1.0,0,0.154
371,2,-110.0,447.0,279.0,176.0,1.0,3,0.32
371,4,251.0,323.0,221.0,139.0,1.0,3,0.837
372,1,943.0,405.0,100.0,167.0,1.0,0,0.137
372,2,-113.0,448.0,279.0,176.0,1.0,3,0.311
372,4,249.0,323.0,221.0,139.0,1.0,3,0.846
373,1,946.0,405.0,100.0,167.0,1.0,0,0.113
373,2,-116.0,448.0,279.0,176.0,1.0,3,0.305
373,4,247.0,323.0,221.0,139.0,1.0,3,0.855
374,1,949.0,405.0,100.0,167.0,1.0,0,0.089
374,2,-119.0,448.0,279.0,176.0,1.0,3,0.3
374,4,245.0,323.0,221.0,139.0,1.0,3,0.864
375,1,952.0,406.0,100.0,167.0,1.0,0,0.064
375,2,-122.0,448.0,279.0,176.0,1.0,3,0.294
375,4,243.0,323.0,221.0,139.0,1.0,3,0.873
376,1,954.0,406.0,100.0,167.0,1.0,0,0.048
376,2,-125.0,448.0,279.0,176.0,1.0,3,0.289
376,4,241.0,322.0,221.0,139.0,1.0,3,0.882
377,1,957.0,406.0,100.0,167.0,1.0,0,0.024
377,2,-128.0,448.0,279.0,176.0,1.0,3,0.283
377,4,239.0,322.0,221.0,139.0,1.0,3,0.891
378,2,-131.0,448.0,279.0,176.0,1.0,3,0.277
378,4,237.0,322.0,221.0,139.0,1.0,3,0.9
379,2,-134.0,449.0,279.0,176.0,1.0,3,0.269
379,4,235.0,322.0,221.0,139.0,1.0,3,0.91
380,2,-137.0,449.0,279.0,176.0,1.0,3,0.263
380,4,233.0,322.0,221.0,139.0,1.0,3,0.919
381,2,-140.0,449.0,279.0,176.0,1.0,3,0.258
381,4,231.0,322.0,222.0,140.0,1.0,3,0.923
382,2,-143.0,449.0,279.0,176.0,1.0,3,0.252
382,4,229.0,322.0,222.0,140.0,1.0,3,0.932
383,2,-146.0,449.0,279.0,176.0,1.0,3,0.246
383,4,227.0,321.0,222.0,140.0,1.0,3,0.941
384,2,-149.0,449.0,279.0,176.0,1.0,3,0.241
384,4,225.0,321.0,222.0,140.0,1.0,3,0.95
385,2,-152.0,449.0,279.0,176.0,1.0,3,0.235
385,4,223.0,321.0,222.0,140.0,1.0,3,0.959
386,2,-155.0,450.0,279.0,176.0,1.0,3,0.227
386,4,221.0,321.0,222.0,140.0,1.0,3,0.968
387,2,-158.0,450.0,279.0,176.0,1.0,3,0.222
387,4,219.0,321.0,222.0,140.0,1.0,3,0.977
388,2,-161.0,450.0,279.0,176.0,1.0,3,0.216
388,4,217.0,321.0,222.0,140.0,1.0,3,0.986
389,2,-164.0,450.0,279.0,176.0,1.0,3,0.211
389,4,215.0,321.0,222.0,140.0,1.0,3,0.995
390,2,-167.0,450.0,279.0,176.0,1.0,3,0.205
390,4,213.0,320.0,222.0,140.0,1.0,3,1.0
391,2,-170.0,450.0,279.0,176.0,1.0,3,0.2
391,4,211.0,320.0,222.0,140.0,1.0,3,1.0
392,2,-173.0,450.0,279.0,176.0,1.0,3,0.194
392,4,209.0,320.0,222.0,140.0,1.0,3,1.0
393,2,-176.0,451.0,279.0,176.0,1.0,3,0.187
393,4,208.0,320.0,222.0,140.0,1.0,3,1.0
394,2,-179.0,451.0,279.0,176.0,1.0,3,0.181
394,4,206.0,320.0,222.0,140.0,1.0,3,1.0
395,2,-182.0,451.0,279.0,176.0,1.0,3,0.176
395,4,204.0,320.0,222.0,140.0,1.0,3,1.0
396,2,-185.0,451.0,279.0,176.0,1.0,3,0.17
396,4,202.0,320.0,224.0,141.0,1.0,3,1.0
397,2,-188.0,451.0,279.0,176.0,1.0,3,0.165
397,4,200.0,319.0,224.0,141.0,1.0,3,1.0
398,2,-191.0,451.0,279.0,176.0,1.0,3,0.159
398,4,198.0,319.0,224.0,141.0,1.0,3,1.0
399,2,-194.0,452.0,279.0,176.0,1.0,3,0.152
399,4,196.0,319.0,224.0,141.0,1.0,3,1.0
400,2,-197.0,452.0,279.0,176.0,1.0,3,0.147
400,4,194.0,319.0,224.0,141.0,1.0,3,1.0
401,2,-200.0,452.0,279.0,176.0,1.0,3,0.142
401,4,192.0,319.0,224.0,141.0,1.0,3,1.0
402,2,-203.0,452.0,279.0,176.0,1.0,3,0.136
402,3,-31.0,285.0,33.0,116.0,1.0,0,0.061
402,4,190.0,319.0,224.0,141.0,1.0,3,1.0
403,2,-206.0,452.0,279.0,176.0,1.0,3,0.131
403,3,-28.0,285.0,33.0,116.0,1.0,0,0.152
403,4,188.0,319.0,224.0,141.0,1.0,3,1.0
404,2,-209.0,452.0,279.0,176.0,1.0,3,0.125
404,3,-25.0,286.0,33.0,116.0,1.0,0,0.242
404,4,186.0,318.0,224.0,141.0,1.0,3,1.0
405,2,-212.0,452.0,279.0,176.0,1.0,3,0.12
405,3,-22.0,286.0,33.0,116.0,1.0,0,0.333
405,4,184.0,318.0,224.0,141.0,1.0,3,1.0
406,2,-215.0,453.0,279.0,176.0,1.0,3,0.113
406,3,-19.0,286.0,33.0,116.0,1.0,0,0.424
406,4,182.0,318.0,224.0,141.0,1.0,3,1.0
407,2,-218.0,453.0,279.0,176.0,1.0,3,0.108
407,3,-17.0,286.0,33.0,116.0,1.0,0,0.485
407,4,180.0,318.0,224.0,141.0,1.0,3,1.0
408,2,-221.0,453.0,279.0,176.0,1.0,3,0.103
408,3,-14.0,286.0,33.0,116.0,1.0,0,0.576
408,4,178.0,318.0,224.0,141.0,1.0,3,1.0
409,2,-224.0,453.0,279.0,176.0,1.0,3,0.097
409,3,-11.0,286.0,33.0,116.0,1.0,0,0.667
409,4,176.0,318.0,224.0,141.0,1.0,3,1.0
410,2,-227.0,453.0,279.0,176.0,1.0,3,0.092
410,3,-8.0,286.0,33.0,116.0,1.0,0,0.758
410,4,174.0,318.0,224.0,141.0,1.0,3,1.0
411,2,-230.0,453.0,279.0,176.0,1.0,3,0.087
411,3,-5.0,286.0,33.0,116.0,1.0,0,0.848
411,4,172.0,317.0,225.0,142.0,1.0,3,1.0
412,2,-233.0,453.0,279.0,176.0,1.0,3,0.082
412,3,-2.0,286.0,33.0,116.0,1.0,0,0.939
412,4,170.0,317.0,225.0,142.0,1.0,3,1.0
413,2,-236.0,454.0,279.0,176.0,1.0,3,0.075
413,3,0.0,286.0,33.0,116.0,1.0,0,1.0
413,4,168.0,317.0,225.0,142.0,1.0,3,1.0
414,2,-239.0,454.0,279.0,176.0,1.0,3,0.07
414,3,3.0,286.0,33.0,116.0,1.0,0,1.0
414,4,166.0,317.0,225.0,142.0,1.0,3,1.0
415,2,-242.0,454.0,279.0,176.0,1.0,3,0.065
415,3,6.0,286.0,33.0,116.0,1.0,0,1.0
415,4,164.0,317.0,225.0,142.0,1.0,3,1.0
416,2,-245.0,454.0,279.0,176.0,1.0,3,0.06
416,3,9.0,286.0,34.0,117.0,1.0,0,1.0
416,4,162.0,317.0,225.0,142.0,1.0,3,1.0
417,2,-248.0,454.0,279.0,176.0,1.0,3,0.054
417,3,12.0,286.0,34.0,117.0,1.0,0,1.0
417,4,160.0,317.0,225.0,142.0,1.0,3,1.0
418,2,-251.0,454.0,279.0,176.0,1.0,3,0.049
418,3,15.0,286.0,34.0,117.0,1.0,0,1.0
418,4,158.0,316.0,225.0,142.0,1.0,3,1.0
419,2,-254.0,454.0,279.0,176.0,1.0,3,0.044
419,3,17.0,287.0,34.0,117.0,1.0,0,1.0
419,4,156.0,316.0,225.0,142.0,1.0,3,1.0
420,2,-257.0,455.0,279.0,176.0,1.0,3,0.038
420,3,20.0,287.0,34.0,117.0,1.0,0,1.0
420,4,154.0,316.0,225.0,142.0,1.0,3,1.0
421,2,-261.0,455.0,279.0,176.0,1.0,3,0.031
421,3,23.0,287.0,34.0,117.0,1.0,0,1.0
421,4,152.0,316.0,225.0,142.0,1.0,3,1.0
422,2,-264.0,455.0,279.0,176.0,1.0,3,0.026
422,3,26.0,287.0,34.0,117.0,1.0,0,1.0
422,4,150.0,316.0,225.0,142.0,1.0,3,1.0
423,2,-267.0,455.0,279.0,176.0,1.0,3,0.021
423,3,29.0,287.0,34.0,117.0,1.0,0,1.0
423,4,148.0,316.0,225.0,142.0,1.0,3,1.0
424,2,-270.0,455.0,279.0,176.0,1.0,3,0.016
424,3,32.0,287.0,34.0,117.0,1.0,0,1.0
424,4,146.0,316.0,225.0,142.0,1.0,3,1.0
425,2,-273.0,455.0,279.0,176.0,1.0,3,0.01
425,3,34.0,287.0,34.0,117.0,1.0,0,1.0
425,4,144.0,315.0,225.0,142.0,1.0,3,1.0
426,2,-276.0,455.0,279.0,176.0,1.0,3,0.005
426,3,37.0,287.0,34.0,117.0,1.0,0,1.0
426,4,142.0,315.0,227.0,143.0,1.0,3,1.0
427,3,40.0,287.0,34.0,117.0,1.0,0,1.0
427,4,140.0,315.0,227.0,143.0,1.0,3,1.0
428,3,43.0,287.0,34.0,117.0,1.0,0,1.0
428,4,138.0,315.0,227.0,143.0,1.0,3,1.0
429,3,46.0,287.0,34.0,117.0,1.0,0,1.0
429,4,136.0,315.0,227.0,143.0,1.0,3,1.0
430,3,48.0,287.0,34.0,117.0,1.0,0,1.0
430,4,135.0,315.0,227.0,143.0,1.0,3,1.0
431,3,51.0,287.0,34.0,117.0,1.0,0,1.0
431,4,133.0,315.0,227.0,143.0,1.0,3,1.0
432,3,54.0,287.0,34.0,117.0,1.0,0,1.0
432,4,131.0,314.0,227.0,143.0,1.0,3,1.0
433,3,57.0,287.0,34.0,117.0,1.0,0,1.0
433,4,129.0,314.0,227.0,143.0,1.0,3,1.0
434,3,60.0,287.0,34.0,117.0,1.0,0,1.0
434,4,127.0,314.0,227.0,143.0,1.0,3,1.0
435,3,63.0,288.0,34.0,117.0,1.0,0,1.0
435,4,125.0,314.0,227.0,143.0,1.0,3,1.0
436,3,65.0,288.0,34.0,117.0,1.0,0,1.0
436,4,123.0,314.0,227.0,143.0,1.0,3,1.0
437,3,68.0,288.0,34.0,117.0,1.0,0,1.0
437,4,121.0,314.0,227.0,143.0,1.0,3,1.0
438,3,71.0,288.0,34.0,117.0,1.0,0,1.0
438,4,119.0,314.0,227.0,143.0,1.0,3,1.0
439,3,74.0,288.0,34.0,118.0,1.0,0,1.0
439,4,117.0,313.0,227.0,143.0,1.0,3,1.0
440,3,77.0,288.0,34.0,118.0,1.0,0,1.0
440,4,115.0,313.0,227.0,143.0,1.0,3,1.0
441,3,80.0,288.0,34.0,118.0,1.0,0,0.977
441,4,113.0,313.0,229.0,144.0,1.0,3,1.0
442,3,82.0,288.0,34.0,118.0,1.0,0,0.884
442,4,111.0,313.0,229.0,144.0,1.0,3,1.0
443,3,85.0,288.0,34.0,118.0,1.0,0,0.768
443,4,109.0,313.0,229.0,144.0,1.0,3,1.0
444,3,88.0,288.0,34.0,118.0,1.0,0,0.652
444,4,107.0,313.0,229.0,144.0,1.0,3,1.0
445,3,91.0,288.0,34.0,118.0,1.0,0,0.536
445,4,105.0,313.0,229.0,144.0,1.0,3,1.0
446,3,94.0,288.0,34.0,118.0,1.0,0,0.414
446,4,103.0,312.0,229.0,144.0,1.0,3,1.0
447,3,96.0,288.0,34.0,118.0,1.0,0,0.321
447,4,101.0,312.0,229.0,144.0,1.0,3,1.0
448,3,99.0,288.0,34.0,118.0,1.0,0,0.203
448,4,99.0,312.0,229.0,144.0,1.0,3,1.0
449,3,102.0,288.0,34.0,118.0,1.0,0,0.203
449,4,97.0,312.0,229.0,144.0,1.0,3,1.0
450,3,105.0,289.0,34.0,118.0,1.0,0,0.195
450,4,95.0,312.0,229.0,144.0,1.0,3,1.0
