1,3,-22.0,286.0,36.0,126.0,1.0,0,0.389
1,4,847.0,405.0,259.0,163.0,1.0,3,0.361
2,3,-22.0,287.0,36.0,126.0,1.0,0,0.389
2,4,843.0,405.0,259.0,163.0,1.0,3,0.374
3,1,-15.0,319.0,17.0,76.0,1.0,0,0.118
3,3,-21.0,287.0,36.0,126.0,1.0,0,0.383
3,4,838.0,405.0,260.0,164.0,1.0,3,0.386
4,1,-12.0,318.0,17.0,76.0,1.0,0,0.294
4,3,-20.0,287.0,36.0,126.0,1.0,0,0.361
4,4,834.0,405.0,260.0,164.0,1.0,3,0.399
5,1,-10.0,318.0,17.0,77.0,1.0,0,0.412
5,3,-19.0,287.0,36.0,126.0,1.0,0,0.353
5,4,829.0,405.0,260.0,164.0,1.0,3,0.415
6,1,-8.0,318.0,17.0,77.0,1.0,0,0.529
6,3,-19.0,287.0,36.0,126.0,1.0,0,0.319
6,4,824.0,405.0,260.0,164.0,1.0,3,0.431
7,1,-6.0,318.0,17.0,77.0,1.0,0,0.647
7,3,-18.0,288.0,36.0,126.0,1.0,0,0.313
7,4,819.0,405.0,260.0,164.0,1.0,3,0.446
8,1,-3.0,318.0,17.0,77.0,1.0,0,0.824
8,3,-18.0,288.0,36.0,126.0,1.0,0,0.262
8,4,815.0,405.0,260.0,164.0,1.0,3,0.459
9,1,0.0,318.0,17.0,77.0,1.0,0,1.0
9,3,-17.0,288.0,36.0,126.0,1.0,0,0.239
9,4,810.0,405.0,260.0,164.0,1.0,3,0.475
10,1,2.0,318.0,17.0,77.0,1.0,0,1.0
10,3,-16.0,288.0,36.0,126.0,1.0,0,0.267
10,4,806.0,405.0,260.0,164.0,1.0,3,0.488
11,1,5.0,318.0,17.0,77.0,1.0,0,1.0
11,3,-15.0,289.0,36.0,126.0,1.0,0,0.312
11,4,801.0,405.0,260.0,164.0,1.0,3,0.503
12,1,7.0,318.0,17.0,77.0,1.0,0,1.0
12,3,-14.0,289.0,36.0,126.0,1.0,0,0.356
12,4,797.0,406.0,260.0,164.0,1.0,3,0.512
13,1,10.0,317.0,17.0,77.0,1.0,0,1.0
13,3,-13.0,289.0,36.0,126.0,1.0,0,0.418
13,4,792.0,406.0,260.0,164.0,1.0,3,0.528
14,1,13.0,317.0,17.0,77.0,1.0,0,1.0
14,3,-13.0,289.0,36.0,125.0,1.0,0,0.468
14,4,788.0,406.0,260.0,164.0,1.0,3,0.541
15,1,15.0,317.0,17.0,77.0,1.0,0,1.0
15,3,-12.0,290.0,36.0,125.0,1.0,0,0.513
15,4,783.0,406.0,260.0,164.0,1.0,3,0.556
16,1,18.0,317.0,17.0,77.0,1.0,0,1.0
16,3,-11.0,290.0,36.0,125.0,1.0,0,0.575
16,4,779.0,406.0,260.0,164.0,1.0,3,0.569
17,1,19.0,317.0,17.0,78.0,1.0,0,1.0
17,3,-11.0,290.0,36.0,125.0,1.0,0,0.59
17,4,773.0,406.0,262.0,165.0,1.0,3,0.58
18,1,22.0,317.0,17.0,78.0,1.0,0,1.0
18,3,-10.0,290.0,36.0,125.0,1.0,0,0.653
18,4,769.0,406.0,262.0,165.0,1.0,3,0.592
19,1,24.0,317.0,17.0,78.0,1.0,0,1.0
19,3,-9.0,290.0,36.0,125.0,1.0,0,0.698
19,4,764.0,406.0,262.0,165.0,1.0,3,0.608
20,1,27.0,317.0,17.0,78.0,1.0,0,1.0
20,3,-9.0,291.0,36.0,125.0,1.0,0,0.75
20,4,760.0,406.0,262.0,165.0,1.0,3,0.62
21,1,30.0,317.0,17.0,78.0,1.0,0,1.0
21,3,-8.0,291.0,36.0,125.0,1.0,0,0.778
21,4,755.0,406.0,262.0,165.0,1.0,3,0.635
22,1,32.0,316.0,17.0,78.0,1.0,0,1.0
22,3,-7.0,291.0,36.0,125.0,1.0,0,0.806
22,4,751.0,406.0,262.0,165.0,1.0,3,0.648
23,1,35.0,316.0,17.0,78.0,1.0,0,1.0
23,3,-6.0,291.0,36.0,125.0,1.0,0,0.833
23,4,746.0,406.0,262.0,165.0,1.0,3,0.663
24,1,37.0,316.0,17.0,78.0,1.0,0,1.0
24,3,-5.0,292.0,36.0,125.0,1.0,0,0.861
24,4,742.0,406.0,262.0,165.0,1.0,3,0.676
25,1,40.0,316.0,17.0,78.0,1.0,0,1.0
25,3,-4.0,292.0,36.0,125.0,1.0,0,0.889
25,4,737.0,406.0,262.0,165.0,1.0,3,0.691
26,1,42.0,316.0,17.0,78.0,1.0,0,1.0
26,3,-5.0,292.0,36.0,125.0,1.0,0,0.861
26,4,732.0,406.0,262.0,165.0,1.0,3,0.707
27,1,44.0,316.0,17.0,78.0,1.0,0,1.0
27,3,-4.0,292.0,36.0,125.0,1.0,0,0.889
27,4,727.0,406.0,262.0,165.0,1.0,3,0.722
28,1,47.0,316.0,17.0,78.0,1.0,0,1.0
28,3,-3.0,293.0,36.0,125.0,1.0,0,0.917
28,4,723.0,406.0,262.0,165.0,1.0,3,0.735
29,1,49.0,316.0,17.0,79.0,1.0,0,1.0
29,3,-2.0,293.0,36.0,125.0,1.0,0,0.944
29,4,718.0,407.0,262.0,165.0,1.0,3,0.745
30,1,52.0,316.0,17.0,79.0,1.0,0,1.0
30,3,-1.0,293.0,36.0,125.0,1.0,0,0.972
30,4,714.0,407.0,263.0,166.0,1.0,3,0.749
31,1,55.0,315.0,17.0,79.0,1.0,0,1.0
31,3,0.0,293.0,36.0,125.0,1.0,0,1.0
31,4,709.0,407.0,263.0,166.0,1.0,3,0.765
32,1,57.0,315.0,17.0,79.0,1.0,0,1.0
32,3,0.0,293.0,36.0,125.0,1.0,0,1.0
32,4,705.0,407.0,263.0,166.0,1.0,3,0.777
33,1,60.0,315.0,17.0,79.0,1.0,0,1.0
33,3,1.0,294.0,36.0,125.0,1.0,0,1.0
33,4,700.0,407.0,263.0,166.0,1.0,3,0.792
34,1,62.0,315.0,17.0,79.0,1.0,0,1.0
34,3,2.0,294.0,36.0,125.0,1.0,0,1.0
34,4,696.0,407.0,263.0,166.0,1.0,3,0.801
35,1,65.0,315.0,17.0,79.0,1.0,0,1.0
35,3,3.0,294.0,36.0,125.0,1.0,0,1.0
35,4,691.0,407.0,263.0,166.0,1.0,3,0.801
36,1,67.0,315.0,17.0,79.0,1.0,0,1.0
36,3,4.0,294.0,36.0,125.0,1.0,0,1.0
36,4,687.0,407.0,263.0,166.0,1.0,3,0.801
37,1,69.0,315.0,17.0,79.0,1.0,0,1.0
37,3,4.0,295.0,36.0,125.0,1.0,0,1.0
37,4,681.0,407.0,263.0,166.0,1.0,3,0.801
38,1,72.0,315.0,17.0,79.0,1.0,0,1.0
38,3,4.0,295.0,36.0,125.0,1.0,0,1.0
38,4,677.0,407.0,263.0,166.0,1.0,3,0.801
39,1,74.0,315.0,17.0,79.0,1.0,0,1.0
39,3,5.0,295.0,36.0,125.0,1.0,0,1.0
39,4,672.0,407.0,263.0,166.0,1.0,3,0.801
40,1,77.0,314.0,17.0,79.0,1.0,0,1.0
40,2,958.0,366.0,240.0,151.0,1.0,3,0.008
40,3,6.0,295.0,36.0,125.0,1.0,0,1.0
40,4,668.0,407.0,263.0,166.0,1.0,3,0.801
41,1,79.0,314.0,17.0,80.0,1.0,0,1.0
41,2,955.0,366.0,240.0,151.0,1.0,3,0.021
41,3,7.0,295.0,36.0,125.0,1.0,0,1.0
41,4,663.0,407.0,263.0,166.0,1.0,3,0.801
42,1,82.0,314.0,17.0,80.0,1.0,0,1.0
42,2,952.0,366.0,240.0,151.0,1.0,3,0.033
42,3,8.0,296.0,36.0,125.0,1.0,0,1.0
42,4,659.0,407.0,263.0,166.0,1.0,3,0.801
43,1,85.0,314.0,17.0,80.0,1.0,0,1.0
43,2,949.0,366.0,240.0,151.0,1.0,3,0.046
43,3,9.0,296.0,36.0,125.0,1.0,0,1.0
43,4,654.0,407.0,265.0,167.0,1.0,3,0.796
44,1,87.0,314.0,17.0,80.0,1.0,0,1.0
44,2,946.0,367.0,240.0,151.0,1.0,3,0.058
44,3,10.0,296.0,36.0,125.0,1.0,0,1.0
44,4,650.0,407.0,265.0,167.0,1.0,3,0.796
45,1,90.0,314.0,17.0,80.0,1.0,0,1.0
45,2,943.0,367.0,240.0,151.0,1.0,3,0.071
45,3,10.0,296.0,36.0,125.0,1.0,0,1.0
45,4,645.0,407.0,265.0,167.0,1.0,3,0.796
46,1,91.0,314.0,17.0,80.0,1.0,0,1.0
46,2,939.0,367.0,240.0,151.0,1.0,3,0.087
46,3,10.0,297.0,36.0,124.0,1.0,0,1.0
46,4,640.0,408.0,265.0,167.0,1.0,3,0.79
47,1,94.0,314.0,17.0,80.0,1.0,0,1.0
47,2,936.0,367.0,240.0,151.0,1.0,3,0.1
47,3,11.0,297.0,36.0,124.0,1.0,0,1.0
47,4,635.0,408.0,265.0,167.0,1.0,3,0.79
48,1,97.0,314.0,17.0,80.0,1.0,0,1.0
48,2,933.0,367.0,238.0,150.0,1.0,3,0.113
48,3,12.0,297.0,36.0,124.0,1.0,0,1.0
48,4,631.0,408.0,265.0,167.0,1.0,3,0.79
49,1,99.0,313.0,17.0,80.0,1.0,0,1.0
49,2,930.0,367.0,238.0,150.0,1.0,3,0.126
49,3,13.0,297.0,36.0,124.0,1.0,0,1.0
49,4,626.0,408.0,265.0,167.0,1.0,3,0.79
50,1,102.0,313.0,17.0,80.0,1.0,0,1.0
50,2,927.0,367.0,238.0,150.0,1.0,3,0.139
50,3,14.0,298.0,36.0,124.0,1.0,0,1.0
50,4,622.0,408.0,265.0,167.0,1.0,3,0.79
51,1,104.0,313.0,17.0,80.0,1.0,0,1.0
51,2,924.0,367.0,238.0,150.0,1.0,3,0.151
51,3,14.0,298.0,36.0,124.0,1.0,0,1.0
51,4,617.0,408.0,265.0,167.0,1.0,3,0.79
52,1,107.0,313.0,18.0,81.0,1.0,0,1.0
52,2,921.0,368.0,238.0,150.0,1.0,3,0.164
52,3,15.0,298.0,36.0,124.0,1.0,0,1.0
52,4,613.0,408.0,265.0,167.0,1.0,3,0.79
53,1,109.0,313.0,18.0,81.0,1.0,0,1.0
53,2,917.0,368.0,238.0,150.0,1.0,3,0.181
53,3,16.0,298.0,36.0,124.0,1.0,0,1.0
53,4,608.0,408.0,265.0,167.0,1.0,3,0.79
54,1,112.0,313.0,18.0,81.0,1.0,0,1.0
54,2,914.0,368.0,238.0,150.0,1.0,3,0.193
54,3,17.0,298.0,36.0,124.0,1.0,0,1.0
54,4,604.0,408.0,265.0,167.0,1.0,3,0.79
55,1,115.0,313.0,18.0,81.0,1.0,0,1.0
55,2,911.0,368.0,238.0,150.0,1.0,3,0.206
55,3,18.0,299.0,36.0,124.0,1.0,0,1.0
55,4,599.0,408.0,265.0,167.0,1.0,3,0.79
56,1,116.0,313.0,18.0,81.0,1.0,0,1.0
56,2,907.0,368.0,238.0,150.0,1.0,3,0.223
56,3,18.0,299.0,36.0,124.0,1.0,0,1.0
56,4,594.0,408.0,265.0,167.0,1.0,3,0.79
57,1,119.0,313.0,18.0,81.0,1.0,0,1.0
57,2,904.0,368.0,238.0,150.0,1.0,3,0.235
57,3,18.0,299.0,36.0,124.0,1.0,0,1.0
57,4,589.0,408.0,267.0,168.0,1.0,3,0.786
58,1,121.0,312.0,18.0,81.0,1.0,0,1.0
58,2,901.0,368.0,238.0,150.0,1.0,3,0.248
58,3,19.0,299.0,36.0,124.0,1.0,0,1.0
58,4,585.0,408.0,267.0,168.0,1.0,3,0.786
59,1,124.0,312.0,18.0,81.0,1.0,0,1.0
59,2,898.0,368.0,238.0,150.0,1.0,3,0.261
59,3,20.0,300.0,36.0,124.0,1.0,0,1.0
59,4,580.0,408.0,267.0,168.0,1.0,3,0.786
60,1,127.0,312.0,18.0,81.0,1.0,0,1.0
60,2,895.0,369.0,238.0,150.0,1.0,3,0.273
60,3,21.0,300.0,36.0,124.0,1.0,0,1.0
60,4,576.0,408.0,267.0,168.0,1.0,3,0.786
61,1,129.0,312.0,18.0,81.0,1.0,0,1.0
61,2,892.0,369.0,238.0,150.0,1.0,3,0.286
61,3,22.0,300.0,36.0,124.0,1.0,0,1.0
61,4,571.0,408.0,267.0,168.0,1.0,3,0.786
62,1,132.0,312.0,18.0,81.0,1.0,0,1.0
62,2,889.0,369.0,238.0,150.0,1.0,3,0.298
62,3,23.0,300.0,36.0,124.0,1.0,0,1.0
62,4,567.0,409.0,267.0,168.0,1.0,3,0.78
63,1,134.0,312.0,18.0,81.0,1.0,0,1.0
63,2,886.0,369.0,238.0,150.0,1.0,3,0.311
63,3,23.0,301.0,36.0,124.0,1.0,0,1.0
63,4,562.0,409.0,267.0,168.0,1.0,3,0.78
64,1,137.0,312.0,18.0,82.0,1.0,0,1.0
64,2,883.0,369.0,238.0,150.0,1.0,3,0.324
64,3,24.0,301.0,36.0,124.0,1.0,0,1.0
64,4,558.0,409.0,267.0,168.0,1.0,3,0.78
65,1,139.0,312.0,18.0,82.0,1.0,0,1.0
65,2,880.0,369.0,238.0,150.0,1.0,3,0.336
65,3,25.0,301.0,36.0,124.0,1.0,0,1.0
65,4,553.0,409.0,267.0,168.0,1.0,3,0.78
66,1,141.0,312.0,18.0,82.0,1.0,0,1.0
66,2,876.0,369.0,238.0,150.0,1.0,3,0.353
66,3,25.0,301.0,36.0,124.0,1.0,0,1.0
66,4,548.0,409.0,267.0,168.0,1.0,3,0.78
67,1,144.0,311.0,18.0,82.0,1.0,0,1.0
67,2,873.0,369.0,238.0,150.0,1.0,3,0.366
67,3,26.0,301.0,36.0,124.0,1.0,0,1.0
67,4,543.0,409.0,267.0,168.0,1.0,3,0.78
68,1,146.0,311.0,18.0,82.0,1.0,0,1.0
68,2,870.0,370.0,238.0,150.0,1.0,3,0.378
68,3,27.0,302.0,36.0,124.0,1.0,0,1.0
68,4,539.0,409.0,267.0,168.0,1.0,3,0.78
69,1,149.0,311.0,18.0,82.0,1.0,0,1.0
69,2,867.0,370.0,238.0,150.0,1.0,3,0.391
69,3,27.0,302.0,36.0,124.0,1.0,0,1.0
69,4,534.0,409.0,267.0,168.0,1.0,3,0.78
70,1,151.0,311.0,18.0,82.0,1.0,0,1.0
70,2,864.0,370.0,236.0,149.0,1.0,3,0.407
70,3,28.0,302.0,36.0,124.0,1.0,0,1.0
70,4,530.0,409.0,268.0,169.0,1.0,3,0.775
71,1,154.0,311.0,18.0,82.0,1.0,0,1.0
71,2,861.0,370.0,236.0,149.0,1.0,3,0.419
71,3,29.0,302.0,36.0,124.0,1.0,0,1.0
71,4,525.0,409.0,268.0,169.0,1.0,3,0.775
72,1,157.0,311.0,18.0,82.0,1.0,0,1.0
72,2,858.0,370.0,236.0,149.0,1.0,3,0.432
72,3,30.0,303.0,36.0,124.0,1.0,0,1.0
72,4,521.0,409.0,268.0,169.0,1.0,3,0.775
73,1,159.0,311.0,18.0,82.0,1.0,0,1.0
73,2,855.0,370.0,236.0,149.0,1.0,3,0.445
73,3,31.0,303.0,36.0,124.0,1.0,0,1.0
73,4,516.0,409.0,268.0,169.0,1.0,3,0.775
74,1,162.0,311.0,18.0,82.0,1.0,0,1.0
74,2,852.0,370.0,236.0,149.0,1.0,3,0.458
74,3,32.0,303.0,36.0,124.0,1.0,0,1.0
74,4,512.0,409.0,268.0,169.0,1.0,3,0.775
75,1,164.0,311.0,18.0,82.0,1.0,0,1.0
75,2,849.0,370.0,236.0,149.0,1.0,3,0.47
75,3,32.0,303.0,36.0,124.0,1.0,0,1.0
75,4,507.0,409.0,268.0,169.0,1.0,3,0.775
76,1,167.0,310.0,18.0,83.0,1.0,0,1.0
76,2,846.0,371.0,236.0,149.0,1.0,3,0.483
76,3,33.0,304.0,36.0,124.0,1.0,0,1.0
76,4,503.0,409.0,268.0,169.0,1.0,3,0.775
77,1,169.0,310.0,18.0,83.0,1.0,0,1.0
77,2,842.0,371.0,236.0,149.0,1.0,3,0.5
77,3,33.0,304.0,36.0,124.0,1.0,0,1.0
77,4,498.0,409.0,268.0,169.0,1.0,3,0.775
78,1,171.0,310.0,18.0,83.0,1.0,0,1.0
78,2,839.0,371.0,236.0,149.0,1.0,3,0.513
78,3,34.0,304.0,35.0,123.0,1.0,0,1.0
78,4,493.0,409.0,268.0,169.0,1.0,3,0.775
79,1,174.0,310.0,18.0,83.0,1.0,0,1.0
79,2,836.0,371.0,236.0,149.0,1.0,3,0.525
79,3,35.0,304.0,35.0,123.0,1.0,0,1.0
79,4,489.0,410.0,268.0,169.0,1.0,3,0.769
80,1,176.0,310.0,18.0,83.0,1.0,0,1.0
80,2,833.0,371.0,236.0,149.0,1.0,3,0.538
80,3,36.0,304.0,35.0,123.0,1.0,0,1.0
80,4,484.0,410.0,268.0,169.0,1.0,3,0.769
81,1,179.0,310.0,18.0,83.0,1.0,0,1.0
81,2,830.0,371.0,236.0,149.0,1.0,3,0.551
81,3,36.0,305.0,35.0,123.0,1.0,0,1.0
81,4,480.0,410.0,268.0,169.0,1.0,3,0.769
82,1,181.0,310.0,18.0,83.0,1.0,0,1.0
82,2,827.0,371.0,236.0,149.0,1.0,3,0.564
82,3,37.0,305.0,35.0,123.0,1.0,0,1.0
82,4,475.0,410.0,268.0,169.0,1.0,3,0.769
83,1,184.0,310.0,18.0,83.0,1.0,0,1.0
83,2,824.0,371.0,236.0,149.0,1.0,3,0.576
83,3,38.0,305.0,35.0,123.0,1.0,0,1.0
83,4,471.0,410.0,270.0,170.0,1.0,3,0.765
84,1,187.0,310.0,18.0,83.0,1.0,0,1.0
84,2,821.0,372.0,236.0,149.0,1.0,3,0.589
84,3,39.0,305.0,35.0,123.0,1.0,0,1.0
84,4,466.0,410.0,270.0,170.0,1.0,3,0.765
85,1,189.0,309.0,18.0,83.0,1.0,0,1.0
85,2,818.0,372.0,236.0,149.0,1.0,3,0.602
85,3,40.0,306.0,35.0,123.0,1.0,0,1.0
85,4,462.0,410.0,270.0,170.0,1.0,3,0.765
86,1,191.0,309.0,18.0,83.0,1.0,0,1.0
86,2,814.0,372.0,236.0,149.0,1.0,3,0.619
86,3,40.0,306.0,35.0,123.0,1.0,0,1.0
86,4,456.0,410.0,270.0,170.0,1.0,3,0.765
87,1,193.0,309.0,18.0,83.0,1.0,0,1.0
87,2,811.0,372.0,236.0,149.0,1.0,3,0.631
87,3,41.0,306.0,35.0,123.0,1.0,0,1.0
87,4,452.0,410.0,270.0,170.0,1.0,3,0.765
88,1,196.0,309.0,18.0,84.0,1.0,0,1.0
88,2,808.0,372.0,236.0,149.0,1.0,3,0.644
88,3,41.0,306.0,35.0,123.0,1.0,0,1.0
88,4,447.0,410.0,270.0,170.0,1.0,3,0.765
89,1,199.0,309.0,18.0,84.0,1.0,0,1.0
89,2,805.0,372.0,236.0,149.0,1.0,3,0.657
89,3,42.0,306.0,35.0,123.0,1.0,0,1.0
89,4,443.0,410.0,270.0,170.0,1.0,3,0.765
90,1,201.0,309.0,18.0,84.0,1.0,0,1.0
90,2,802.0,372.0,236.0,149.0,1.0,3,0.669
90,3,43.0,307.0,35.0,123.0,1.0,0,1.0
90,4,438.0,410.0,270.0,170.0,1.0,3,0.765
91,1,204.0,309.0,18.0,84.0,1.0,0,1.0
91,2,799.0,372.0,235.0,148.0,1.0,3,0.685
91,3,44.0,307.0,35.0,123.0,1.0,0,1.0
91,4,434.0,410.0,270.0,170.0,1.0,3,0.765
92,1,206.0,309.0,18.0,84.0,1.0,0,1.0
92,2,796.0,373.0,235.0,148.0,1.0,3,0.698
92,3,45.0,307.0,35.0,123.0,1.0,0,1.0
92,4,429.0,410.0,270.0,170.0,1.0,3,0.765
93,1,209.0,309.0,18.0,84.0,1.0,0,1.0
93,2,793.0,373.0,235.0,148.0,1.0,3,0.711
93,3,46.0,307.0,35.0,123.0,1.0,0,1.0
93,4,425.0,410.0,270.0,170.0,1.0,3,0.765
94,1,212.0,308.0,18.0,84.0,1.0,0,1.0
94,2,790.0,373.0,235.0,148.0,1.0,3,0.723
94,3,46.0,308.0,35.0,123.0,1.0,0,1.0
94,4,420.0,410.0,270.0,170.0,1.0,3,0.765
95,1,214.0,308.0,18.0,84.0,1.0,0,1.0
95,2,787.0,373.0,235.0,148.0,1.0,3,0.736
95,3,47.0,308.0,35.0,123.0,1.0,0,1.0
95,4,416.0,410.0,270.0,170.0,1.0,3,0.765
96,1,216.0,308.0,18.0,84.0,1.0,0,1.0
96,2,783.0,373.0,235.0,148.0,1.0,3,0.753
96,3,47.0,308.0,35.0,123.0,1.0,0,1.0
96,4,410.0,411.0,271.0,171.0,1.0,3,0.754
97,1,218.0,308.0,18.0,84.0,1.0,0,1.0
97,2,780.0,373.0,235.0,148.0,1.0,3,0.766
97,3,48.0,308.0,35.0,123.0,1.0,0,1.0
97,4,406.0,411.0,271.0,171.0,1.0,3,0.754
98,1,221.0,308.0,18.0,84.0,1.0,0,1.0
98,2,777.0,373.0,235.0,148.0,1.0,3,0.779
98,3,49.0,309.0,35.0,123.0,1.0,0,1.0
98,4,401.0,411.0,271.0,171.0,1.0,3,0.754
99,1,223.0,308.0,19.0,85.0,1.0,0,1.0
99,2,774.0,373.0,235.0,148.0,1.0,3,0.791
99,3,50.0,309.0,35.0,123.0,1.0,0,1.0
99,4,397.0,411.0,271.0,171.0,1.0,3,0.754
100,1,226.0,308.0,19.0,85.0,1.0,0,1.0
100,2,771.0,373.0,235.0,148.0,1.0,3,0.804
100,3,50.0,309.0,35.0,123.0,1.0,0,1.0
100,4,392.0,411.0,271.0,171.0,1.0,3,0.754
101,1,229.0,308.0,19.0,85.0,1.0,0,1.0
101,2,768.0,374.0,235.0,148.0,1.0,3,0.817
101,3,51.0,309.0,35.0,123.0,1.0,0,1.0
101,4,388.0,411.0,271.0,171.0,1.0,3,0.754
102,1,231.0,308.0,19.0,85.0,1.0,0,1.0
102,2,765.0,374.0,235.0,148.0,1.0,3,0.83
102,3,52.0,309.0,35.0,123.0,1.0,0,1.0
102,4,383.0,411.0,271.0,171.0,1.0,3,0.754
103,1,234.0,307.0,19.0,85.0,1.0,0,1.0
103,2,762.0,374.0,235.0,148.0,1.0,3,0.843
103,3,53.0,310.0,35.0,123.0,1.0,0,1.0
103,4,379.0,411.0,271.0,171.0,1.0,3,0.754
104,1,236.0,307.0,19.0,85.0,1.0,0,1.0
104,2,759.0,374.0,235.0,148.0,1.0,3,0.855
104,3,54.0,310.0,35.0,123.0,1.0,0,1.0
104,4,374.0,411.0,271.0,171.0,1.0,3,0.754
105,1,239.0,307.0,19.0,85.0,1.0,0,1.0
105,2,756.0,374.0,235.0,148.0,1.0,3,0.868
105,3,55.0,310.0,35.0,123.0,1.0,0,1.0
105,4,370.0,411.0,271.0,171.0,1.0,3,0.754
106,1,241.0,307.0,19.0,85.0,1.0,0,1.0
106,2,752.0,374.0,235.0,148.0,1.0,3,0.885
106,3,54.0,310.0,35.0,123.0,1.0,0,1.0
106,4,364.0,411.0,271.0,171.0,1.0,3,0.754
107,1,243.0,307.0,19.0,85.0,1.0,0,1.0
107,2,749.0,374.0,235.0,148.0,1.0,3,0.898
107,3,55.0,311.0,35.0,123.0,1.0,0,1.0
107,4,360.0,411.0,271.0,171.0,1.0,3,0.754
108,1,246.0,307.0,19.0,85.0,1.0,0,1.0
108,2,746.0,374.0,235.0,148.0,1.0,3,0.911
108,3,56.0,311.0,35.0,123.0,1.0,0,1.0
108,4,355.0,411.0,271.0,171.0,1.0,3,0.754
109,1,248.0,307.0,19.0,85.0,1.0,0,1.0
109,2,743.0,375.0,235.0,148.0,1.0,3,0.923
109,3,57.0,311.0,35.0,123.0,1.0,0,1.0
109,4,351.0,411.0,271.0,171.0,1.0,3,0.754
110,1,251.0,307.0,19.0,85.0,1.0,0,1.0
110,2,740.0,375.0,235.0,148.0,1.0,3,0.936
110,3,58.0,311.0,35.0,122.0,1.0,0,1.0
110,4,346.0,411.0,273.0,172.0,1.0,3,0.75
111,1,253.0,307.0,19.0,86.0,1.0,0,1.0
111,2,737.0,375.0,235.0,148.0,1.0,3,0.949
111,3,59.0,312.0,35.0,122.0,1.0,0,1.0
111,4,342.0,411.0,273.0,172.0,1.0,3,0.75
112,1,256.0,306.0,19.0,86.0,1.0,0,1.0
112,2,734.0,375.0,235.0,148.0,1.0,3,0.962
112,3,59.0,312.0,35.0,122.0,1.0,0,1.0
112,4,337.0,411.0,273.0,172.0,1.0,3,0.75
113,1,259.0,306.0,19.0,86.0,1.0,0,1.0
113,2,731.0,375.0,233.0,147.0,1.0,3,0.983
113,3,60.0,312.0,35.0,122.0,1.0,0,1.0
113,4,333.0,412.0,273.0,172.0,1.0,3,0.744
114,1,261.0,306.0,19.0,86.0,1.0,0,1.0
114,2,728.0,375.0,233.0,147.0,1.0,3,0.996
114,3,61.0,312.0,35.0,122.0,1.0,0,1.0
114,4,328.0,412.0,273.0,172.0,1.0,3,0.744
115,1,264.0,306.0,19.0,86.0,1.0,0,1.0
115,2,725.0,375.0,233.0,147.0,1.0,3,1.0
115,3,62.0,312.0,35.0,122.0,1.0,0,1.0
115,4,324.0,412.0,273.0,172.0,1.0,3,0.744
116,1,265.0,306.0,19.0,86.0,1.0,0,1.0
116,2,721.0,375.0,233.0,147.0,1.0,3,1.0
116,3,62.0,313.0,35.0,122.0,1.0,0,1.0
116,4,318.0,412.0,273.0,172.0,1.0,3,0.744
117,1,268.0,306.0,19.0,86.0,1.0,0,1.0
117,2,718.0,376.0,233.0,147.0,1.0,3,1.0
117,3,63.0,313.0,35.0,122.0,1.0,0,1.0
117,4,314.0,412.0,273.0,172.0,1.0,3,0.744
118,1,271.0,306.0,19.0,86.0,1.0,0,1.0
118,2,715.0,376.0,233.0,147.0,1.0,3,1.0
118,3,63.0,313.0,35.0,122.0,1.0,0,1.0
118,4,309.0,412.0,273.0,172.0,1.0,3,0.744
119,1,273.0,306.0,19.0,86.0,1.0,0,1.0
119,2,712.0,376.0,233.0,147.0,1.0,3,1.0
119,3,64.0,313.0,35.0,122.0,1.0,0,1.0
119,4,305.0,412.0,273.0,172.0,1.0,3,0.744
120,1,276.0,306.0,19.0,86.0,1.0,0,1.0
120,2,709.0,376.0,233.0,147.0,1.0,3,1.0
120,3,65.0,314.0,35.0,122.0,1.0,0,1.0
120,4,300.0,412.0,273.0,172.0,1.0,3,0.744
121,1,278.0,305.0,19.0,86.0,1.0,0,1.0
121,2,706.0,376.0,233.0,147.0,1.0,3,1.0
121,3,66.0,314.0,35.0,122.0,1.0,0,1.0
121,4,296.0,412.0,273.0,172.0,1.0,3,0.744
122,1,281.0,305.0,19.0,86.0,1.0,0,1.0
122,2,703.0,376.0,233.0,147.0,1.0,3,1.0
122,3,67.0,314.0,35.0,122.0,1.0,0,1.0
122,4,291.0,412.0,273.0,172.0,1.0,3,0.744
123,1,284.0,305.0,19.0,87.0,1.0,0,1.0
123,2,700.0,376.0,233.0,147.0,1.0,3,1.0
123,3,68.0,314.0,35.0,122.0,1.0,0,1.0
123,4,287.0,412.0,275.0,173.0,1.0,3,0.74
124,1,286.0,305.0,19.0,87.0,1.0,0,1.0
124,2,697.0,376.0,233.0,147.0,1.0,3,1.0
124,3,68.0,315.0,35.0,122.0,1.0,0,1.0
124,4,282.0,412.0,275.0,173.0,1.0,3,0.74
125,1,289.0,305.0,19.0,87.0,1.0,0,1.0
125,2,694.0,377.0,233.0,147.0,1.0,3,1.0
125,3,69.0,315.0,35.0,122.0,1.0,0,1.0
125,4,278.0,412.0,275.0,173.0,1.0,3,0.74
126,1,290.0,305.0,19.0,87.0,1.0,0,1.0
126,2,690.0,377.0,233.0,147.0,1.0,3,1.0
126,3,69.0,315.0,35.0,122.0,1.0,0,1.0
126,4,272.0,412.0,275.0,173.0,1.0,3,0.74
127,1,293.0,305.0,19.0,87.0,1.0,0,1.0
127,2,687.0,377.0,233.0,147.0,1.0,3,1.0
127,3,70.0,315.0,35.0,122.0,1.0,0,1.0
127,4,268.0,412.0,275.0,173.0,1.0,3,0.74
128,1,295.0,305.0,19.0,87.0,1.0,0,1.0
128,2,684.0,377.0,233.0,147.0,1.0,3,1.0
128,3,71.0,315.0,35.0,122.0,1.0,0,1.0
128,4,263.0,412.0,275.0,173.0,1.0,3,0.74
129,1,298.0,305.0,19.0,87.0,1.0,0,1.0
129,2,681.0,377.0,233.0,147.0,1.0,3,1.0
129,3,72.0,316.0,35.0,122.0,1.0,0,1.0
129,4,259.0,412.0,275.0,173.0,1.0,3,0.74
130,1,301.0,304.0,19.0,87.0,1.0,0,1.0
130,2,678.0,377.0,233.0,147.0,1.0,3,1.0
130,3,72.0,316.0,35.0,122.0,1.0,0,1.0
130,4,254.0,413.0,275.0,173.0,1.0,3,0.734
131,1,303.0,304.0,19.0,87.0,1.0,0,1.0
131,2,675.0,377.0,233.0,147.0,1.0,3,1.0
131,3,73.0,316.0,35.0,122.0,1.0,0,1.0
131,4,250.0,413.0,275.0,173.0,1.0,3,0.734
132,1,306.0,304.0,19.0,87.0,1.0,0,1.0
132,2,672.0,377.0,233.0,147.0,1.0,3,1.0
132,3,74.0,316.0,35.0,122.0,1.0,0,1.0
132,4,245.0,413.0,275.0,173.0,1.0,3,0.734
133,1,308.0,304.0,19.0,87.0,1.0,0,1.0
133,2,669.0,378.0,233.0,147.0,1.0,3,1.0
133,3,75.0,317.0,35.0,122.0,1.0,0,1.0
133,4,241.0,413.0,275.0,173.0,1.0,3,0.734
134,1,311.0,304.0,19.0,87.0,1.0,0,1.0
134,2,666.0,378.0,233.0,147.0,1.0,3,1.0
134,3,76.0,317.0,35.0,122.0,1.0,0,1.0
134,4,236.0,413.0,275.0,173.0,1.0,3,0.734
135,1,314.0,304.0,19.0,88.0,1.0,0,1.0
135,2,663.0,378.0,232.0,146.0,1.0,3,1.0
135,3,77.0,317.0,35.0,122.0,1.0,0,1.0
135,4,232.0,413.0,275.0,173.0,1.0,3,0.734
136,1,316.0,304.0,19.0,88.0,1.0,0,1.0
136,2,660.0,378.0,232.0,146.0,1.0,3,1.0
136,3,78.0,317.0,35.0,122.0,1.0,0,1.0
136,4,227.0,413.0,276.0,174.0,1.0,3,0.73
137,1,318.0,304.0,19.0,88.0,1.0,0,1.0
137,2,656.0,378.0,232.0,146.0,1.0,3,1.0
137,3,77.0,317.0,35.0,122.0,1.0,0,1.0
137,4,222.0,413.0,276.0,174.0,1.0,3,0.73
138,1,320.0,304.0,19.0,88.0,1.0,0,1.0
138,2,653.0,378.0,232.0,146.0,1.0,3,1.0
138,3,78.0,318.0,35.0,122.0,1.0,0,1.0
138,4,217.0,413.0,276.0,174.0,1.0,3,0.73
139,1,323.0,303.0,19.0,88.0,1.0,0,1.0
139,2,650.0,378.0,232.0,146.0,1.0,3,1.0
139,3,79.0,318.0,35.0,122.0,1.0,0,1.0
139,4,213.0,413.0,276.0,174.0,1.0,3,0.73
140,1,325.0,303.0,19.0,88.0,1.0,0,1.0
140,2,647.0,378.0,232.0,146.0,1.0,3,1.0
140,3,80.0,318.0,35.0,122.0,1.0,0,1.0
140,4,208.0,413.0,276.0,174.0,1.0,3,0.73
141,1,328.0,303.0,19.0,88.0,1.0,0,1.0
141,2,644.0,379.0,232.0,146.0,1.0,3,1.0
141,3,81.0,318.0,35.0,122.0,1.0,0,1.0
141,4,204.0,413.0,276.0,174.0,1.0,3,0.73
142,1,331.0,303.0,19.0,88.0,1.0,0,1.0
142,2,641.0,379.0,232.0,146.0,1.0,3,1.0
142,3,82.0,319.0,35.0,121.0,1.0,0,1.0
142,4,199.0,413.0,276.0,174.0,1.0,3,0.73
143,1,333.0,303.0,19.0,88.0,1.0,0,1.0
143,2,638.0,379.0,232.0,146.0,1.0,3,1.0
143,3,82.0,319.0,35.0,121.0,1.0,0,1.0
143,4,195.0,413.0,276.0,174.0,1.0,3,0.73
144,1,336.0,303.0,19.0,88.0,1.0,0,1.0
144,2,635.0,379.0,232.0,146.0,1.0,3,1.0
144,3,83.0,319.0,35.0,121.0,1.0,0,1.0
144,4,190.0,413.0,276.0,174.0,1.0,3,0.73
145,1,338.0,303.0,19.0,88.0,1.0,0,1.0
145,2,632.0,379.0,232.0,146.0,1.0,3,1.0
145,3,84.0,319.0,35.0,121.0,1.0,0,1.0
145,4,186.0,413.0,276.0,174.0,1.0,3,0.73
146,1,340.0,303.0,19.0,89.0,1.0,0,1.0
146,2,628.0,379.0,232.0,146.0,1.0,3,1.0
146,3,84.0,320.0,35.0,121.0,1.0,0,1.0
146,4,180.0,413.0,276.0,174.0,1.0,3,0.73
147,1,343.0,303.0,19.0,89.0,1.0,0,1.0
147,2,625.0,379.0,232.0,146.0,1.0,3,1.0
147,3,85.0,320.0,35.0,121.0,1.0,0,1.0
147,4,176.0,414.0,276.0,174.0,1.0,3,0.724
148,1,345.0,302.0,19.0,89.0,1.0,0,1.0
148,2,622.0,379.0,232.0,146.0,1.0,3,1.0
148,3,86.0,320.0,35.0,121.0,1.0,0,1.0
148,4,171.0,414.0,276.0,174.0,1.0,3,0.724
149,1,348.0,302.0,19.0,89.0,1.0,0,1.0
149,2,619.0,380.0,232.0,146.0,1.0,3,1.0
149,3,86.0,320.0,35.0,121.0,1.0,0,1.0
149,4,167.0,414.0,276.0,174.0,1.0,3,0.724
150,1,350.0,302.0,19.0,89.0,1.0,0,1.0
150,2,616.0,380.0,232.0,146.0,1.0,3,1.0
150,3,87.0,320.0,35.0,121.0,1.0,0,1.0
150,4,162.0,414.0,278.0,175.0,1.0,3,0.72
151,1,353.0,302.0,19.0,89.0,1.0,0,1.0
151,2,613.0,380.0,232.0,146.0,1.0,3,1.0
151,3,88.0,321.0,35.0,121.0,1.0,0,1.0
151,4,158.0,414.0,278.0,175.0,1.0,3,0.72
152,1,356.0,302.0,19.0,89.0,1.0,0,1.0
152,2,610.0,380.0,232.0,146.0,1.0,3,1.0
152,3,89.0,321.0,35.0,121.0,1.0,0,1.0
152,4,153.0,414.0,278.0,175.0,1.0,3,0.72
153,1,358.0,302.0,19.0,89.0,1.0,0,1.0
153,2,607.0,380.0,232.0,146.0,1.0,3,1.0
153,3,90.0,321.0,35.0,121.0,1.0,0,1.0
153,4,149.0,414.0,278.0,175.0,1.0,3,0.72
154,1,361.0,302.0,19.0,89.0,1.0,0,1.0
154,2,604.0,380.0,232.0,146.0,1.0,3,1.0
154,3,91.0,321.0,35.0,121.0,1.0,0,1.0
154,4,144.0,414.0,278.0,175.0,1.0,3,0.72
155,1,363.0,302.0,19.0,89.0,1.0,0,1.0
155,2,601.0,380.0,232.0,146.0,1.0,3,1.0
155,3,91.0,322.0,35.0,121.0,1.0,0,1.0
155,4,140.0,414.0,278.0,175.0,1.0,3,0.72
156,1,366.0,302.0,19.0,89.0,1.0,0,1.0
156,2,598.0,380.0,232.0,146.0,1.0,3,1.0
156,3,92.0,322.0,35.0,121.0,1.0,0,1.0
156,4,135.0,414.0,278.0,175.0,1.0,3,0.72
157,1,367.0,301.0,19.0,89.0,1.0,0,1.0
157,2,594.0,381.0,230.0,145.0,1.0,3,1.0
157,3,92.0,322.0,35.0,121.0,1.0,0,1.0
157,4,130.0,414.0,278.0,175.0,1.0,3,0.72
158,1,370.0,301.0,20.0,90.0,1.0,0,1.0
158,2,591.0,381.0,230.0,145.0,1.0,3,1.0
158,3,93.0,322.0,35.0,121.0,1.0,0,0.979
158,4,125.0,414.0,278.0,175.0,1.0,3,0.72
159,1,373.0,301.0,20.0,90.0,1.0,0,1.0
159,2,588.0,381.0,230.0,145.0,1.0,3,1.0
159,3,94.0,323.0,35.0,121.0,1.0,0,0.943
159,4,121.0,414.0,278.0,175.0,1.0,3,0.72
160,1,375.0,301.0,20.0,90.0,1.0,0,1.0
160,2,585.0,381.0,230.0,145.0,1.0,3,1.0
160,3,95.0,323.0,35.0,121.0,1.0,0,0.901
160,4,116.0,414.0,278.0,175.0,1.0,3,0.72
161,1,378.0,301.0,20.0,90.0,1.0,0,1.0
161,2,582.0,381.0,230.0,145.0,1.0,3,1.0
161,3,95.0,323.0,35.0,121.0,1.0,0,0.872
161,4,112.0,414.0,278.0,175.0,1.0,3,0.72
162,1,380.0,301.0,20.0,90.0,1.0,0,1.0
162,2,579.0,381.0,230.0,145.0,1.0,3,1.0
162,3,96.0,323.0,35.0,121.0,1.0,0,0.83
162,4,107.0,414.0,278.0,175.0,1.0,3,0.72
163,1,383.0,301.0,20.0,90.0,1.0,0,1.0
163,2,576.0,381.0,230.0,145.0,1.0,3,1.0
163,3,97.0,323.0,35.0,121.0,1.0,0,0.795
163,4,103.0,414.0,279.0,176.0,1.0,3,0.716
164,1,386.0,301.0,20.0,90.0,1.0,0,1.0
164,2,572.0,381.0,230.0,145.0,1.0,3,1.0
164,3,98.0,324.0,35.0,121.0,1.0,0,0.752
164,4,98.0,415.0,279.0,176.0,1.0,3,0.71
165,1,388.0,301.0,20.0,90.0,1.0,0,1.0
165,2,569.0,382.0,230.0,145.0,1.0,3,1.0
165,3,99.0,324.0,35.0,121.0,1.0,0,0.752
165,4,94.0,415.0,279.0,176.0,1.0,3,0.71
166,1,390.0,300.0,20.0,90.0,1.0,0,1.0
166,2,565.0,382.0,230.0,145.0,1.0,3,1.0
166,3,99.0,324.0,35.0,121.0,1.0,0,0.752
166,4,88.0,415.0,279.0,176.0,1.0,3,0.71
167,1,392.0,300.0,20.0,90.0,1.0,0,1.0
167,2,562.0,382.0,230.0,145.0,1.0,3,1.0
167,3,99.0,324.0,35.0,121.0,1.0,0,0.752
167,4,84.0,415.0,279.0,176.0,1.0,3,0.71
168,1,395.0,300.0,20.0,90.0,1.0,0,1.0
168,2,559.0,382.0,230.0,145.0,1.0,3,1.0
168,3,100.0,325.0,35.0,121.0,1.0,0,0.744
168,4,79.0,415.0,279.0,176.0,1.0,3,0.71
169,1,398.0,300.0,20.0,90.0,1.0,0,1.0
169,2,556.0,382.0,230.0,145.0,1.0,3,1.0
169,3,101.0,325.0,35.0,121.0,1.0,0,0.744
169,4,75.0,415.0,279.0,176.0,1.0,3,0.71
170,1,400.0,300.0,20.0,91.0,1.0,0,1.0
170,2,553.0,382.0,230.0,145.0,1.0,3,1.0
170,3,102.0,325.0,35.0,121.0,1.0,0,0.744
170,4,70.0,415.0,279.0,176.0,1.0,3,0.71
171,1,403.0,300.0,20.0,91.0,1.0,0,1.0
171,2,550.0,382.0,230.0,145.0,1.0,3,1.0
171,3,103.0,325.0,35.0,121.0,1.0,0,0.744
171,4,66.0,415.0,279.0,176.0,1.0,3,0.71
172,1,405.0,300.0,20.0,91.0,1.0,0,1.0
172,2,547.0,382.0,230.0,145.0,1.0,3,1.0
172,3,104.0,326.0,35.0,121.0,1.0,0,0.736
172,4,61.0,415.0,279.0,176.0,1.0,3,0.71
173,1,408.0,300.0,20.0,91.0,1.0,0,1.0
173,2,544.0,383.0,230.0,145.0,1.0,3,1.0
173,3,104.0,326.0,35.0,121.0,1.0,0,0.736
173,4,57.0,415.0,279.0,176.0,1.0,3,0.71
174,1,410.0,300.0,20.0,91.0,1.0,0,1.0
174,2,541.0,383.0,230.0,145.0,1.0,3,1.0
174,3,105.0,326.0,35.0,121.0,1.0,0,0.736
174,4,52.0,415.0,279.0,176.0,1.0,3,0.71
175,1,413.0,299.0,20.0,91.0,1.0,0,1.0
175,2,538.0,383.0,230.0,145.0,1.0,3,1.0
175,3,106.0,326.0,34.0,120.0,1.0,0,0.742
175,4,48.0,415.0,279.0,176.0,1.0,3,0.71
176,1,415.0,299.0,20.0,91.0,1.0,0,1.0
176,2,534.0,383.0,230.0,145.0,1.0,3,1.0
176,3,106.0,326.0,34.0,120.0,1.0,0,0.742
176,4,42.0,415.0,281.0,177.0,1.0,3,0.706
177,1,417.0,299.0,20.0,91.0,1.0,0,1.0
177,2,531.0,383.0,230.0,145.0,1.0,3,1.0
177,3,107.0,327.0,34.0,120.0,1.0,0,0.733
177,4,38.0,415.0,281.0,177.0,1.0,3,0.706
178,1,420.0,299.0,20.0,91.0,1.0,0,1.0
178,2,528.0,383.0,230.0,145.0,1.0,3,1.0
178,3,108.0,327.0,34.0,120.0,1.0,0,0.733
178,4,33.0,415.0,281.0,177.0,1.0,3,0.706
179,1,422.0,299.0,20.0,91.0,1.0,0,1.0
179,2,525.0,383.0,229.0,144.0,1.0,3,1.0
179,3,109.0,327.0,34.0,120.0,1.0,0,0.733
179,4,29.0,415.0,281.0,177.0,1.0,3,0.706
180,1,425.0,299.0,20.0,91.0,1.0,0,1.0
180,2,522.0,383.0,229.0,144.0,1.0,3,1.0
180,3,109.0,327.0,34.0,120.0,1.0,0,0.742
180,4,24.0,416.0,281.0,177.0,1.0,3,0.701
181,1,428.0,299.0,20.0,91.0,1.0,0,1.0
181,2,519.0,384.0,229.0,144.0,1.0,3,1.0
181,3,110.0,328.0,34.0,120.0,1.0,0,0.733
181,4,20.0,416.0,281.0,177.0,1.0,3,0.701
182,1,430.0,299.0,20.0,92.0,1.0,0,1.0
182,2,516.0,384.0,229.0,144.0,1.0,3,1.0
182,3,111.0,328.0,34.0,120.0,1.0,0,0.733
182,4,15.0,416.0,281.0,177.0,1.0,3,0.701
183,1,433.0,299.0,20.0,92.0,1.0,0,1.0
183,2,513.0,384.0,229.0,144.0,1.0,3,1.0
183,3,112.0,328.0,34.0,120.0,1.0,0,0.733
183,4,11.0,416.0,281.0,177.0,1.0,3,0.701
184,1,435.0,298.0,20.0,92.0,1.0,0,1.0
184,2,510.0,384.0,229.0,144.0,1.0,3,1.0
184,3,113.0,328.0,34.0,120.0,1.0,0,0.733
184,4,6.0,416.0,281.0,177.0,1.0,3,0.701
185,1,438.0,298.0,20.0,92.0,1.0,0,1.0
185,2,507.0,384.0,229.0,144.0,1.0,3,1.0
185,3,114.0,329.0,34.0,120.0,1.0,0,0.725
185,4,2.0,416.0,281.0,177.0,1.0,3,0.701
186,1,439.0,298.0,20.0,92.0,1.0,0,1.0
186,2,503.0,384.0,229.0,144.0,1.0,3,1.0
186,3,113.0,329.0,34.0,120.0,1.0,0,0.725
186,4,-4.0,416.0,281.0,177.0,1.0,3,0.691
187,1,442.0,298.0,20.0,92.0,1.0,0,1.0
187,2,500.0,384.0,229.0,144.0,1.0,3,1.0
187,3,114.0,329.0,34.0,120.0,1.0,0,0.725
187,4,-8.0,416.0,281.0,177.0,1.0,3,0.681
188,1,445.0,298.0,20.0,92.0,1.0,0,1.0
188,2,497.0,384.0,229.0,144.0,1.0,3,1.0
188,3,115.0,329.0,34.0,120.0,1.0,0,0.725
188,4,-13.0,416.0,281.0,177.0,1.0,3,0.668
189,1,447.0,298.0,20.0,92.0,1.0,0,1.0
189,2,494.0,385.0,229.0,144.0,1.0,3,1.0
189,3,116.0,329.0,34.0,120.0,1.0,0,0.725
189,4,-17.0,416.0,281.0,177.0,1.0,3,0.658
190,1,450.0,298.0,20.0,92.0,1.0,0,1.0
190,2,491.0,385.0,229.0,144.0,1.0,3,1.0
190,3,117.0,330.0,34.0,120.0,1.0,0,0.717
190,4,-22.0,416.0,283.0,178.0,1.0,3,0.642
191,1,452.0,298.0,20.0,92.0,1.0,0,1.0
191,2,488.0,385.0,229.0,144.0,1.0,3,1.0
191,3,118.0,330.0,34.0,120.0,1.0,0,0.717
191,4,-26.0,416.0,283.0,178.0,1.0,3,0.633
192,1,455.0,298.0,20.0,92.0,1.0,0,1.0
192,2,485.0,385.0,229.0,144.0,1.0,3,1.0
192,3,118.0,330.0,34.0,120.0,1.0,0,0.717
192,4,-31.0,416.0,283.0,178.0,1.0,3,0.62
193,1,458.0,297.0,20.0,93.0,1.0,0,1.0
193,2,482.0,385.0,229.0,144.0,1.0,3,1.0
193,3,119.0,330.0,34.0,120.0,1.0,0,0.717
193,4,-35.0,416.0,283.0,178.0,1.0,3,0.61
194,1,460.0,297.0,20.0,93.0,1.0,0,0.997
194,2,479.0,385.0,229.0,144.0,1.0,3,1.0
194,3,120.0,331.0,34.0,120.0,1.0,0,0.708
194,4,-40.0,416.0,283.0,178.0,1.0,3,0.598
195,1,463.0,297.0,20.0,93.0,1.0,0,0.981
195,2,476.0,385.0,229.0,144.0,1.0,3,1.0
195,3,121.0,331.0,34.0,120.0,1.0,0,0.708
195,4,-44.0,416.0,283.0,178.0,1.0,3,0.588
196,1,464.0,297.0,20.0,93.0,1.0,0,0.968
196,2,472.0,385.0,229.0,144.0,1.0,3,1.0
196,3,121.0,331.0,34.0,120.0,1.0,0,0.708
196,4,-50.0,416.0,283.0,178.0,1.0,3,0.574
197,1,467.0,297.0,20.0,93.0,1.0,0,0.952
197,2,469.0,385.0,229.0,144.0,1.0,3,1.0
197,3,122.0,331.0,34.0,120.0,1.0,0,0.717
197,4,-54.0,417.0,283.0,178.0,1.0,3,0.559
198,1,470.0,297.0,20.0,93.0,1.0,0,0.957
198,2,466.0,386.0,229.0,144.0,1.0,3,1.0
198,3,122.0,331.0,34.0,120.0,1.0,0,0.717
198,4,-59.0,417.0,283.0,178.0,1.0,3,0.547
199,1,472.0,297.0,20.0,93.0,1.0,0,0.957
199,2,463.0,386.0,229.0,144.0,1.0,3,1.0
199,3,123.0,332.0,34.0,120.0,1.0,0,0.708
199,4,-63.0,417.0,283.0,178.0,1.0,3,0.537
200,1,475.0,297.0,20.0,93.0,1.0,0,0.957
200,2,460.0,386.0,227.0,143.0,1.0,3,1.0
200,3,124.0,332.0,34.0,120.0,1.0,0,0.708
200,4,-68.0,417.0,283.0,178.0,1.0,3,0.525
201,1,477.0,297.0,20.0,93.0,1.0,0,0.957
201,2,457.0,386.0,227.0,143.0,1.0,3,1.0
201,3,125.0,332.0,34.0,120.0,1.0,0,0.708
201,4,-72.0,417.0,283.0,178.0,1.0,3,0.515
202,1,480.0,296.0,20.0,93.0,1.0,0,0.968
202,2,454.0,386.0,227.0,143.0,1.0,3,1.0
202,3,126.0,332.0,34.0,120.0,1.0,0,0.708
202,4,-77.0,417.0,283.0,178.0,1.0,3,0.503
203,1,482.0,296.0,20.0,93.0,1.0,0,0.968
203,2,451.0,386.0,227.0,143.0,1.0,3,1.0
203,3,127.0,333.0,34.0,120.0,1.0,0,0.7
203,4,-81.0,417.0,284.0,179.0,1.0,3,0.491
204,1,485.0,296.0,20.0,93.0,1.0,0,0.968
204,2,448.0,386.0,227.0,143.0,1.0,3,1.0
204,3,127.0,333.0,34.0,120.0,1.0,0,0.7
204,4,-86.0,417.0,284.0,179.0,1.0,3,0.479
205,1,488.0,296.0,21.0,94.0,1.0,0,0.957
205,2,445.0,386.0,227.0,143.0,1.0,3,1.0
205,3,128.0,333.0,34.0,120.0,1.0,0,0.7
205,4,-90.0,417.0,284.0,179.0,1.0,3,0.469
206,1,489.0,296.0,21.0,94.0,1.0,0,0.968
206,2,441.0,387.0,227.0,143.0,1.0,3,1.0
206,3,128.0,333.0,34.0,120.0,1.0,0,0.7
206,4,-96.0,417.0,284.0,179.0,1.0,3,0.455
207,1,492.0,296.0,21.0,94.0,1.0,0,0.968
207,2,438.0,387.0,227.0,143.0,1.0,3,1.0
207,3,129.0,334.0,34.0,119.0,1.0,0,0.697
207,4,-100.0,417.0,284.0,179.0,1.0,3,0.445
208,1,494.0,296.0,21.0,94.0,1.0,0,0.968
208,2,435.0,387.0,227.0,143.0,1.0,3,1.0
208,3,130.0,334.0,34.0,119.0,1.0,0,0.697
208,4,-105.0,417.0,284.0,179.0,1.0,3,0.433
209,1,497.0,296.0,21.0,94.0,1.0,0,0.968
209,2,432.0,387.0,227.0,143.0,1.0,3,1.0
209,3,131.0,334.0,34.0,119.0,1.0,0,0.697
209,4,-109.0,417.0,284.0,179.0,1.0,3,0.423
210,1,500.0,296.0,21.0,94.0,1.0,0,0.968
210,2,429.0,387.0,227.0,143.0,1.0,3,1.0
210,3,131.0,334.0,34.0,119.0,1.0,0,0.697
210,4,-114.0,417.0,284.0,179.0,1.0,3,0.411
211,1,502.0,295.0,21.0,94.0,1.0,0,0.979
211,2,426.0,387.0,227.0,143.0,1.0,3,1.0
211,3,132.0,334.0,34.0,119.0,1.0,0,0.697
211,4,-118.0,417.0,284.0,179.0,1.0,3,0.402
212,1,505.0,295.0,21.0,94.0,1.0,0,0.979
212,2,423.0,387.0,227.0,143.0,1.0,3,1.0
212,3,133.0,335.0,34.0,119.0,1.0,0,0.744
212,4,-123.0,417.0,284.0,179.0,1.0,3,0.39
213,1,507.0,295.0,21.0,94.0,1.0,0,0.979
213,2,420.0,387.0,227.0,143.0,1.0,3,1.0
213,3,134.0,335.0,34.0,119.0,1.0,0,0.79
213,4,-127.0,417.0,284.0,179.0,1.0,3,0.38
214,1,510.0,295.0,21.0,94.0,1.0,0,0.989
214,2,417.0,388.0,227.0,143.0,1.0,3,1.0
214,3,135.0,335.0,34.0,119.0,1.0,0,0.84
214,4,-131.0,418.0,284.0,179.0,1.0,3,0.367
215,1,513.0,295.0,21.0,94.0,1.0,0,0.989
215,2,414.0,388.0,227.0,143.0,1.0,3,1.0
215,3,136.0,335.0,34.0,119.0,1.0,0,0.893
215,4,-136.0,418.0,284.0,179.0,1.0,3,0.355
216,1,514.0,295.0,21.0,94.0,1.0,0,0.989
216,2,410.0,388.0,227.0,143.0,1.0,3,1.0
216,3,135.0,336.0,34.0,119.0,1.0,0,0.909
216,4,-141.0,418.0,286.0,180.0,1.0,3,0.344
217,1,517.0,295.0,21.0,95.0,1.0,0,0.979
217,2,407.0,388.0,227.0,143.0,1.0,3,1.0
217,3,136.0,336.0,34.0,119.0,1.0,0,0.963
217,4,-146.0,418.0,286.0,180.0,1.0,3,0.332
218,1,519.0,295.0,21.0,95.0,1.0,0,0.979
218,2,404.0,388.0,227.0,143.0,1.0,3,1.0
218,3,137.0,336.0,34.0,119.0,1.0,0,1.0
218,4,-150.0,418.0,286.0,180.0,1.0,3,0.322
219,1,522.0,295.0,21.0,95.0,1.0,0,0.979
219,2,401.0,388.0,227.0,143.0,1.0,3,1.0
219,3,138.0,336.0,34.0,119.0,1.0,0,1.0
219,4,-155.0,418.0,286.0,180.0,1.0,3,0.31
220,1,524.0,294.0,21.0,95.0,1.0,0,0.989
220,2,398.0,388.0,227.0,143.0,1.0,3,1.0
220,3,139.0,337.0,34.0,119.0,1.0,0,1.0
220,4,-159.0,418.0,286.0,180.0,1.0,3,0.301
221,1,527.0,294.0,21.0,95.0,1.0,0,0.989
221,2,395.0,388.0,227.0,143.0,1.0,3,1.0
221,3,140.0,337.0,34.0,119.0,1.0,0,1.0
221,4,-164.0,418.0,286.0,180.0,1.0,3,0.289
222,1,530.0,294.0,21.0,95.0,1.0,0,1.0
222,2,392.0,389.0,225.0,142.0,1.0,3,1.0
222,3,141.0,337.0,34.0,119.0,1.0,0,1.0
222,4,-168.0,418.0,286.0,180.0,1.0,3,0.28
223,1,532.0,294.0,21.0,95.0,1.0,0,1.0
223,2,389.0,389.0,225.0,142.0,1.0,3,1.0
223,3,141.0,337.0,34.0,119.0,1.0,0,1.0
223,4,-173.0,418.0,286.0,180.0,1.0,3,0.268
224,1,535.0,294.0,21.0,95.0,1.0,0,1.0
224,2,386.0,389.0,225.0,142.0,1.0,3,1.0
224,3,142.0,337.0,34.0,119.0,1.0,0,1.0
224,4,-177.0,418.0,286.0,180.0,1.0,3,0.258
225,1,537.0,294.0,21.0,95.0,1.0,0,1.0
225,2,383.0,389.0,225.0,142.0,1.0,3,1.0
225,3,143.0,338.0,34.0,119.0,1.0,0,1.0
225,4,-182.0,418.0,286.0,180.0,1.0,3,0.246
226,1,539.0,294.0,21.0,95.0,1.0,0,1.0
226,2,379.0,389.0,225.0,142.0,1.0,3,1.0
226,3,143.0,338.0,34.0,119.0,1.0,0,1.0
226,4,-187.0,418.0,286.0,180.0,1.0,3,0.235
227,1,542.0,294.0,21.0,95.0,1.0,0,1.0
227,2,376.0,389.0,225.0,142.0,1.0,3,1.0
227,3,144.0,338.0,34.0,119.0,1.0,0,1.0
227,4,-192.0,418.0,286.0,180.0,1.0,3,0.223
228,1,544.0,294.0,21.0,95.0,1.0,0,1.0
228,2,373.0,389.0,225.0,142.0,1.0,3,1.0
228,3,145.0,338.0,34.0,119.0,1.0,0,1.0
228,4,-196.0,418.0,286.0,180.0,1.0,3,0.213
229,1,547.0,293.0,21.0,96.0,1.0,0,1.0
229,2,370.0,389.0,225.0,142.0,1.0,3,1.0
229,3,145.0,339.0,34.0,119.0,1.0,0,1.0
229,4,-201.0,418.0,286.0,180.0,1.0,3,0.201
230,1,549.0,293.0,21.0,96.0,1.0,0,1.0
230,2,367.0,390.0,225.0,142.0,1.0,3,1.0
230,3,146.0,339.0,34.0,119.0,1.0,0,1.0
230,4,-205.0,418.0,287.0,181.0,1.0,3,0.193
231,1,552.0,293.0,21.0,96.0,1.0,0,1.0
231,2,364.0,390.0,225.0,142.0,1.0,3,1.0
231,3,147.0,339.0,34.0,119.0,1.0,0,1.0
231,4,-210.0,419.0,287.0,181.0,1.0,3,0.179
232,1,554.0,293.0,21.0,96.0,1.0,0,1.0
232,2,361.0,390.0,225.0,142.0,1.0,3,1.0
232,3,148.0,339.0,34.0,119.0,1.0,0,1.0
232,4,-214.0,419.0,287.0,181.0,1.0,3,0.17
233,1,557.0,293.0,21.0,96.0,1.0,0,1.0
233,2,358.0,390.0,225.0,142.0,1.0,3,1.0
233,3,149.0,340.0,34.0,119.0,1.0,0,1.0
233,4,-219.0,419.0,287.0,181.0,1.0,3,0.158
234,1,560.0,293.0,21.0,96.0,1.0,0,1.0
234,2,355.0,390.0,225.0,142.0,1.0,3,1.0
234,3,150.0,340.0,34.0,119.0,1.0,0,1.0
234,4,-223.0,419.0,287.0,181.0,1.0,3,0.149
235,1,562.0,293.0,21.0,96.0,1.0,0,1.0
235,2,352.0,390.0,225.0,142.0,1.0,3,1.0
235,3,150.0,340.0,34.0,119.0,1.0,0,1.0
235,4,-228.0,419.0,287.0,181.0,1.0,3,0.137
236,1,565.0,293.0,21.0,96.0,1.0,0,1.0
236,2,349.0,390.0,225.0,142.0,1.0,3,1.0
236,3,151.0,340.0,34.0,119.0,1.0,0,1.0
236,4,-232.0,419.0,287.0,181.0,1.0,3,0.128
237,1,566.0,293.0,21.0,96.0,1.0,0,1.0
237,2,345.0,390.0,225.0,142.0,1.0,3,1.0
237,3,151.0,340.0,34.0,119.0,1.0,0,1.0
237,4,-238.0,419.0,287.0,181.0,1.0,3,0.114
238,1,569.0,292.0,21.0,96.0,1.0,0,1.0
238,2,342.0,391.0,225.0,142.0,1.0,3,1.0
238,3,152.0,341.0,34.0,119.0,1.0,0,1.0
238,4,-242.0,419.0,287.0,181.0,1.0,3,0.105
239,1,572.0,292.0,21.0,96.0,1.0,0,1.0
239,2,339.0,391.0,225.0,142.0,1.0,3,1.0
239,3,153.0,341.0,34.0,118.0,1.0,0,1.0
239,4,-247.0,419.0,287.0,181.0,1.0,3,0.093
240,1,574.0,292.0,21.0,97.0,1.0,0,1.0
240,2,336.0,391.0,225.0,142.0,1.0,3,1.0
240,3,154.0,341.0,34.0,118.0,1.0,0,1.0
240,4,-251.0,419.0,287.0,181.0,1.0,3,0.084
241,1,577.0,292.0,21.0,97.0,1.0,0,1.0
241,2,333.0,391.0,225.0,142.0,1.0,3,1.0
241,3,154.0,341.0,34.0,118.0,1.0,0,1.0
241,4,-256.0,419.0,287.0,181.0,1.0,3,0.072
242,1,579.0,292.0,21.0,97.0,1.0,0,1.0
242,2,330.0,391.0,225.0,142.0,1.0,3,1.0
242,3,155.0,342.0,34.0,118.0,1.0,0,1.0
242,4,-260.0,419.0,287.0,181.0,1.0,3,0.063
243,1,582.0,292.0,21.0,97.0,1.0,0,1.0
243,2,327.0,391.0,225.0,142.0,1.0,3,1.0
243,3,156.0,342.0,34.0,118.0,1.0,0,1.0
243,4,-265.0,419.0,289.0,182.0,1.0,3,0.055
244,1,585.0,292.0,21.0,97.0,1.0,0,1.0
244,2,324.0,391.0,224.0,141.0,1.0,3,1.0
244,3,157.0,342.0,34.0,118.0,1.0,0,1.0
244,4,-269.0,419.0,289.0,182.0,1.0,3,0.046
245,1,587.0,292.0,21.0,97.0,1.0,0,1.0
245,2,321.0,391.0,224.0,141.0,1.0,3,1.0
245,3,158.0,342.0,34.0,118.0,1.0,0,1.0
245,4,-274.0,419.0,289.0,182.0,1.0,3,0.035
246,1,589.0,292.0,21.0,97.0,1.0,0,1.0
246,2,317.0,392.0,224.0,141.0,1.0,3,1.0
246,3,158.0,342.0,34.0,118.0,1.0,0,1.0
246,4,-279.0,419.0,289.0,182.0,1.0,3,0.023
247,1,591.0,291.0,21.0,97.0,1.0,0,1.0
247,2,314.0,392.0,224.0,141.0,1.0,3,1.0
247,3,158.0,343.0,34.0,118.0,1.0,0,1.0
247,4,-284.0,419.0,289.0,182.0,1.0,3,0.012
248,1,594.0,291.0,21.0,97.0,1.0,0,1.0
248,2,311.0,392.0,224.0,141.0,1.0,3,1.0
248,3,159.0,343.0,34.0,118.0,1.0,0,1.0
248,4,-288.0,420.0,289.0,182.0,1.0,3,0.002
249,1,596.0,291.0,21.0,97.0,1.0,0,1.0
249,2,308.0,392.0,224.0,141.0,1.0,3,1.0
249,3,160.0,343.0,34.0,118.0,1.0,0,1.0
250,1,599.0,291.0,21.0,97.0,1.0,0,1.0
250,2,305.0,392.0,224.0,141.0,1.0,3,1.0
250,3,161.0,343.0,34.0,118.0,1.0,0,1.0
251,1,602.0,291.0,21.0,97.0,1.0,0,1.0
251,2,302.0,392.0,224.0,141.0,1.0,3,1.0
251,3,162.0,344.0,34.0,118.0,1.0,0,1.0
252,1,604.0,291.0,21.0,98.0,1.0,0,1.0
252,2,299.0,392.0,224.0,141.0,1.0,3,1.0
252,3,163.0,344.0,34.0,118.0,1.0,0,1.0
253,1,607.0,291.0,21.0,98.0,1.0,0,1.0
253,2,296.0,392.0,224.0,141.0,1.0,3,1.0
253,3,163.0,344.0,34.0,118.0,1.0,0,1.0
254,1,609.0,291.0,21.0,98.0,1.0,0,1.0
254,2,293.0,393.0,224.0,141.0,1.0,3,1.0
254,3,164.0,344.0,34.0,118.0,1.0,0,1.0
255,1,612.0,291.0,21.0,98.0,1.0,0,1.0
255,2,290.0,393.0,224.0,141.0,1.0,3,1.0
255,3,165.0,345.0,34.0,118.0,1.0,0,1.0
256,1,615.0,290.0,21.0,98.0,1.0,0,1.0
256,2,287.0,393.0,224.0,141.0,1.0,3,1.0
256,3,166.0,345.0,34.0,118.0,1.0,0,1.0
257,1,616.0,290.0,21.0,98.0,1.0,0,1.0
257,2,283.0,393.0,224.0,141.0,1.0,3,1.0
257,3,166.0,345.0,34.0,118.0,1.0,0,1.0
258,1,619.0,290.0,21.0,98.0,1.0,0,1.0
258,2,280.0,393.0,224.0,141.0,1.0,3,1.0
258,3,167.0,345.0,34.0,118.0,1.0,0,1.0
259,1,621.0,290.0,21.0,98.0,1.0,0,1.0
259,2,277.0,393.0,224.0,141.0,1.0,3,1.0
259,3,167.0,345.0,34.0,118.0,1.0,0,1.0
260,1,624.0,290.0,21.0,98.0,1.0,0,1.0
260,2,274.0,393.0,224.0,141.0,1.0,3,1.0
260,3,168.0,346.0,34.0,118.0,1.0,0,1.0
261,1,627.0,290.0,21.0,98.0,1.0,0,1.0
261,2,271.0,393.0,224.0,141.0,1.0,3,1.0
261,3,169.0,346.0,34.0,118.0,1.0,0,1.0
262,1,629.0,290.0,21.0,98.0,1.0,0,1.0
262,2,268.0,394.0,224.0,141.0,1.0,3,1.0
262,3,170.0,346.0,34.0,118.0,1.0,0,1.0
263,1,632.0,290.0,21.0,98.0,1.0,0,1.0
263,2,265.0,394.0,224.0,141.0,1.0,3,1.0
263,3,171.0,346.0,34.0,118.0,1.0,0,1.0
264,1,634.0,290.0,22.0,99.0,1.0,0,1.0
264,2,262.0,394.0,224.0,141.0,1.0,3,1.0
264,3,172.0,347.0,34.0,118.0,1.0,0,1.0
265,1,637.0,289.0,22.0,99.0,1.0,0,1.0
265,2,259.0,394.0,224.0,141.0,1.0,3,1.0
265,3,173.0,347.0,34.0,118.0,1.0,0,1.0
266,1,638.0,289.0,22.0,99.0,1.0,0,1.0
266,2,255.0,394.0,222.0,140.0,1.0,3,1.0
266,3,172.0,347.0,34.0,118.0,1.0,0,1.0
267,1,641.0,289.0,22.0,99.0,1.0,0,1.0
267,2,252.0,394.0,222.0,140.0,1.0,3,1.0
267,3,173.0,347.0,34.0,118.0,1.0,0,1.0
268,1,644.0,289.0,22.0,99.0,1.0,0,1.0
268,2,249.0,394.0,222.0,140.0,1.0,3,1.0
268,3,174.0,348.0,34.0,118.0,1.0,0,1.0
269,1,646.0,289.0,22.0,99.0,1.0,0,1.0
269,2,246.0,394.0,222.0,140.0,1.0,3,1.0
269,3,175.0,348.0,34.0,118.0,1.0,0,1.0
270,1,649.0,289.0,22.0,99.0,1.0,0,1.0
270,2,243.0,395.0,222.0,140.0,1.0,3,1.0
270,3,176.0,348.0,34.0,118.0,1.0,0,1.0
271,1,651.0,289.0,22.0,99.0,1.0,0,1.0
271,2,240.0,395.0,222.0,140.0,1.0,3,1.0
271,3,177.0,348.0,34.0,117.0,1.0,0,1.0
272,1,654.0,289.0,22.0,99.0,1.0,0,1.0
272,2,237.0,395.0,222.0,140.0,1.0,3,1.0
272,3,177.0,348.0,34.0,117.0,1.0,0,1.0
273,1,657.0,289.0,22.0,99.0,1.0,0,1.0
273,2,234.0,395.0,222.0,140.0,1.0,3,1.0
273,3,178.0,349.0,34.0,117.0,1.0,0,1.0
274,1,659.0,288.0,22.0,99.0,1.0,0,1.0
274,2,230.0,395.0,222.0,140.0,1.0,3,1.0
274,3,179.0,349.0,34.0,117.0,1.0,0,1.0
275,1,662.0,288.0,22.0,99.0,1.0,0,1.0
275,2,227.0,395.0,222.0,140.0,1.0,3,1.0
275,3,180.0,349.0,34.0,117.0,1.0,0,1.0
276,1,664.0,288.0,22.0,100.0,1.0,0,1.0
276,2,224.0,395.0,222.0,140.0,1.0,3,1.0
276,3,181.0,349.0,34.0,117.0,1.0,0,1.0
277,1,666.0,288.0,22.0,100.0,1.0,0,1.0
277,2,220.0,395.0,222.0,140.0,1.0,3,1.0
277,3,181.0,350.0,34.0,117.0,1.0,0,1.0
278,1,668.0,288.0,22.0,100.0,1.0,0,1.0
278,2,217.0,396.0,222.0,140.0,1.0,3,1.0
278,3,181.0,350.0,34.0,117.0,1.0,0,1.0
279,1,671.0,288.0,22.0,100.0,1.0,0,1.0
279,2,214.0,396.0,222.0,140.0,1.0,3,1.0
279,3,182.0,350.0,34.0,117.0,1.0,0,0.964
280,1,674.0,288.0,22.0,100.0,1.0,0,1.0
280,2,211.0,396.0,222.0,140.0,1.0,3,1.0
280,3,183.0,350.0,34.0,117.0,1.0,0,0.893
281,1,676.0,288.0,22.0,100.0,1.0,0,1.0
281,2,208.0,396.0,222.0,140.0,1.0,3,1.0
281,3,184.0,351.0,34.0,117.0,1.0,0,0.819
282,1,679.0,288.0,22.0,100.0,1.0,0,1.0
282,2,205.0,396.0,222.0,140.0,1.0,3,1.0
282,3,185.0,351.0,34.0,117.0,1.0,0,0.747
283,1,681.0,287.0,22.0,100.0,1.0,0,1.0
283,2,202.0,396.0,222.0,140.0,1.0,3,1.0
283,3,186.0,351.0,34.0,117.0,1.0,0,0.674
284,1,684.0,287.0,22.0,100.0,1.0,0,1.0
284,2,199.0,396.0,222.0,140.0,1.0,3,1.0
284,3,186.0,351.0,34.0,117.0,1.0,0,0.62
285,1,687.0,287.0,22.0,100.0,1.0,0,1.0
285,2,196.0,396.0,222.0,140.0,1.0,3,1.0
285,3,187.0,351.0,34.0,117.0,1.0,0,0.548
286,1,688.0,287.0,22.0,100.0,1.0,0,1.0
286,2,192.0,397.0,222.0,140.0,1.0,3,1.0
286,3,187.0,352.0,34.0,117.0,1.0,0,0.475
287,1,691.0,287.0,22.0,101.0,1.0,0,1.0
287,2,189.0,397.0,222.0,140.0,1.0,3,1.0
287,3,188.0,352.0,34.0,117.0,1.0,0,0.403
288,1,693.0,287.0,22.0,101.0,1.0,0,1.0
288,2,186.0,397.0,221.0,139.0,1.0,3,1.0
288,3,189.0,352.0,34.0,117.0,1.0,0,0.385
289,1,696.0,287.0,22.0,101.0,1.0,0,1.0
289,2,183.0,397.0,221.0,139.0,1.0,3,1.0
289,3,190.0,352.0,34.0,117.0,1.0,0,0.385
290,1,699.0,287.0,22.0,101.0,1.0,0,1.0
290,2,180.0,397.0,221.0,139.0,1.0,3,1.0
290,3,190.0,353.0,34.0,117.0,1.0,0,0.376
291,1,701.0,287.0,22.0,101.0,1.0,0,1.0
291,2,177.0,397.0,221.0,139.0,1.0,3,1.0
291,3,191.0,353.0,34.0,117.0,1.0,0,0.376
292,1,704.0,286.0,22.0,101.0,1.0,0,1.0
292,2,174.0,397.0,221.0,139.0,1.0,3,1.0
292,3,192.0,353.0,34.0,117.0,1.0,0,0.376
293,1,706.0,286.0,22.0,101.0,1.0,0,1.0
293,2,171.0,397.0,221.0,139.0,1.0,3,1.0
293,3,193.0,353.0,34.0,117.0,1.0,0,0.376
294,1,709.0,286.0,22.0,101.0,1.0,0,1.0
294,2,168.0,398.0,221.0,139.0,1.0,3,1.0
294,3,194.0,353.0,34.0,117.0,1.0,0,0.385
295,1,711.0,286.0,22.0,101.0,1.0,0,1.0
295,2,165.0,398.0,221.0,139.0,1.0,3,1.0
295,3,195.0,354.0,34.0,117.0,1.0,0,0.376
296,1,714.0,286.0,22.0,101.0,1.0,0,1.0
296,2,162.0,398.0,221.0,139.0,1.0,3,1.0
296,3,195.0,354.0,34.0,117.0,1.0,0,0.376
297,1,716.0,286.0,22.0,101.0,1.0,0,1.0
297,2,158.0,398.0,221.0,139.0,1.0,3,1.0
297,3,195.0,354.0,34.0,117.0,1.0,0,0.376
298,1,718.0,286.0,22.0,101.0,1.0,0,1.0
298,2,155.0,398.0,221.0,139.0,1.0,3,1.0
298,3,196.0,354.0,34.0,117.0,1.0,0,0.376
299,1,721.0,286.0,22.0,102.0,1.0,0,1.0
299,2,152.0,398.0,221.0,139.0,1.0,3,1.0
299,3,197.0,355.0,34.0,117.0,1.0,0,0.368
300,1,723.0,286.0,22.0,102.0,1.0,0,1.0
300,2,149.0,398.0,221.0,139.0,1.0,3,1.0
300,3,198.0,355.0,34.0,117.0,1.0,0,0.368
301,1,726.0,285.0,22.0,102.0,1.0,0,1.0
301,2,146.0,398.0,221.0,139.0,1.0,3,1.0
301,3,199.0,355.0,34.0,117.0,1.0,0,0.368
302,1,729.0,285.0,22.0,102.0,1.0,0,1.0
302,2,143.0,398.0,221.0,139.0,1.0,3,1.0
302,3,199.0,355.0,34.0,117.0,1.0,0,0.368
303,1,731.0,285.0,22.0,102.0,1.0,0,1.0
303,2,140.0,399.0,221.0,139.0,1.0,3,1.0
303,3,200.0,356.0,33.0,116.0,1.0,0,0.371
304,1,734.0,285.0,22.0,102.0,1.0,0,1.0
304,2,137.0,399.0,221.0,139.0,1.0,3,1.0
304,3,201.0,356.0,33.0,116.0,1.0,0,0.371
305,1,736.0,285.0,22.0,102.0,1.0,0,1.0
305,2,134.0,399.0,221.0,139.0,1.0,3,1.0
305,3,202.0,356.0,33.0,116.0,1.0,0,0.371
306,1,738.0,285.0,22.0,102.0,1.0,0,1.0
306,2,130.0,399.0,221.0,139.0,1.0,3,1.0
306,3,202.0,356.0,33.0,116.0,1.0,0,0.371
307,1,740.0,285.0,22.0,102.0,1.0,0,1.0
307,2,127.0,399.0,221.0,139.0,1.0,3,1.0
307,3,203.0,356.0,33.0,116.0,1.0,0,0.371
308,1,743.0,285.0,22.0,102.0,1.0,0,1.0
308,2,124.0,399.0,221.0,139.0,1.0,3,1.0
308,3,204.0,357.0,33.0,116.0,1.0,0,0.362
309,1,746.0,285.0,22.0,102.0,1.0,0,1.0
309,2,121.0,399.0,219.0,138.0,1.0,3,1.0
309,3,204.0,357.0,33.0,116.0,1.0,0,0.362
310,1,748.0,284.0,22.0,102.0,1.0,0,1.0
310,2,118.0,399.0,219.0,138.0,1.0,3,1.0
310,3,205.0,357.0,33.0,116.0,1.0,0,0.362
311,1,751.0,284.0,22.0,103.0,1.0,0,1.0
311,2,115.0,400.0,219.0,138.0,1.0,3,1.0
311,3,206.0,357.0,33.0,116.0,1.0,0,0.371
312,1,753.0,284.0,22.0,103.0,1.0,0,1.0
312,2,112.0,400.0,219.0,138.0,1.0,3,1.0
312,3,207.0,358.0,33.0,116.0,1.0,0,0.362
313,1,756.0,284.0,22.0,103.0,1.0,0,1.0
313,2,109.0,400.0,219.0,138.0,1.0,3,1.0
313,3,208.0,358.0,33.0,116.0,1.0,0,0.362
314,1,759.0,284.0,22.0,103.0,1.0,0,1.0
314,2,106.0,400.0,219.0,138.0,1.0,3,1.0
314,3,209.0,358.0,33.0,116.0,1.0,0,0.362
315,1,761.0,284.0,22.0,103.0,1.0,0,1.0
315,2,103.0,400.0,219.0,138.0,1.0,3,1.0
315,3,209.0,358.0,33.0,116.0,1.0,0,0.362
316,1,764.0,284.0,22.0,103.0,1.0,0,1.0
316,2,100.0,400.0,219.0,138.0,1.0,3,1.0
316,3,210.0,359.0,33.0,116.0,1.0,0,0.353
317,1,765.0,284.0,22.0,103.0,1.0,0,1.0
317,2,96.0,400.0,219.0,138.0,1.0,3,1.0
317,3,210.0,359.0,33.0,116.0,1.0,0,0.353
318,1,768.0,284.0,22.0,103.0,1.0,0,1.0
318,2,93.0,400.0,219.0,138.0,1.0,3,1.0
318,3,211.0,359.0,33.0,116.0,1.0,0,0.353
319,2,90.0,401.0,219.0,138.0,1.0,3,1.0
319,3,212.0,359.0,33.0,116.0,1.0,0,0.362
320,2,87.0,401.0,219.0,138.0,1.0,3,1.0
320,3,213.0,359.0,33.0,116.0,1.0,0,0.362
321,2,84.0,401.0,219.0,138.0,1.0,3,1.0
321,3,213.0,360.0,33.0,116.0,1.0,0,0.353
322,2,81.0,401.0,219.0,138.0,1.0,3,1.0
322,3,214.0,360.0,33.0,116.0,1.0,0,0.353
323,2,78.0,401.0,219.0,138.0,1.0,3,1.0
323,3,215.0,360.0,33.0,116.0,1.0,0,0.353
324,2,75.0,401.0,219.0,138.0,1.0,3,1.0
324,3,216.0,360.0,33.0,116.0,1.0,0,0.353
325,2,72.0,401.0,219.0,138.0,1.0,3,1.0
325,3,217.0,361.0,33.0,116.0,1.0,0,0.345
326,2,68.0,401.0,219.0,138.0,1.0,3,1.0
326,3,217.0,361.0,33.0,116.0,1.0,0,0.345
327,2,65.0,402.0,219.0,138.0,1.0,3,1.0
327,3,217.0,361.0,33.0,116.0,1.0,0,0.353
328,2,62.0,402.0,219.0,138.0,1.0,3,1.0
328,3,218.0,361.0,33.0,116.0,1.0,0,0.353
329,2,59.0,402.0,219.0,138.0,1.0,3,1.0
329,3,219.0,362.0,33.0,116.0,1.0,0,0.345
330,2,56.0,402.0,219.0,138.0,1.0,3,1.0
330,3,220.0,362.0,33.0,116.0,1.0,0,0.345
331,2,53.0,402.0,217.0,137.0,1.0,3,1.0
331,3,221.0,362.0,33.0,116.0,1.0,0,0.345
332,2,50.0,402.0,217.0,137.0,1.0,3,1.0
332,3,222.0,362.0,33.0,116.0,1.0,0,0.345
333,2,47.0,402.0,217.0,137.0,1.0,3,1.0
333,3,222.0,362.0,33.0,116.0,1.0,0,0.345
334,2,44.0,402.0,217.0,137.0,1.0,3,1.0
334,3,223.0,363.0,33.0,116.0,1.0,0,0.336
335,2,41.0,403.0,217.0,137.0,1.0,3,1.0
335,3,224.0,363.0,33.0,116.0,1.0,0,0.345
336,2,37.0,403.0,217.0,137.0,1.0,3,1.0
336,3,224.0,363.0,33.0,115.0,1.0,0,0.407
337,2,34.0,403.0,217.0,137.0,1.0,3,1.0
337,3,225.0,363.0,33.0,115.0,1.0,0,0.486
338,2,31.0,403.0,217.0,137.0,1.0,3,1.0
338,3,226.0,364.0,33.0,115.0,1.0,0,0.559
339,2,28.0,403.0,217.0,137.0,1.0,3,1.0
339,3,226.0,364.0,33.0,115.0,1.0,0,0.619
340,2,25.0,403.0,217.0,137.0,1.0,3,1.0
340,3,227.0,364.0,33.0,115.0,1.0,0,0.7
341,2,22.0,403.0,217.0,137.0,1.0,3,1.0
341,3,228.0,364.0,33.0,115.0,1.0,0,0.78
342,2,19.0,403.0,217.0,137.0,1.0,3,1.0
342,3,229.0,365.0,33.0,115.0,1.0,0,0.858
343,2,16.0,404.0,217.0,137.0,1.0,3,0.993
343,3,230.0,365.0,33.0,115.0,1.0,0,0.94
344,2,13.0,404.0,217.0,137.0,1.0,3,0.993
344,3,231.0,365.0,33.0,115.0,1.0,0,1.0
345,2,10.0,404.0,217.0,137.0,1.0,3,0.993
345,3,231.0,365.0,33.0,115.0,1.0,0,1.0
346,2,6.0,404.0,217.0,137.0,1.0,3,0.993
346,3,231.0,365.0,33.0,115.0,1.0,0,1.0
347,2,3.0,404.0,217.0,137.0,1.0,3,0.993
347,3,232.0,366.0,33.0,115.0,1.0,0,1.0
348,2,0.0,404.0,217.0,137.0,1.0,3,0.993
348,3,233.0,366.0,33.0,115.0,1.0,0,1.0
349,2,-3.0,404.0,217.0,137.0,1.0,3,0.979
349,3,234.0,366.0,33.0,115.0,1.0,0,1.0
350,2,-6.0,404.0,217.0,137.0,1.0,3,0.965
350,3,235.0,366.0,33.0,115.0,1.0,0,1.0
351,2,-9.0,405.0,217.0,137.0,1.0,3,0.945
351,3,236.0,367.0,33.0,115.0,1.0,0,1.0
352,2,-12.0,405.0,217.0,137.0,1.0,3,0.931
352,3,236.0,367.0,33.0,115.0,1.0,0,1.0
353,2,-15.0,405.0,216.0,136.0,1.0,3,0.924
353,3,237.0,367.0,33.0,115.0,1.0,0,1.0
354,2,-18.0,405.0,216.0,136.0,1.0,3,0.91
354,3,238.0,367.0,33.0,115.0,1.0,0,1.0
355,2,-21.0,405.0,216.0,136.0,1.0,3,0.896
355,3,239.0,367.0,33.0,115.0,1.0,0,1.0
356,2,-25.0,405.0,216.0,136.0,1.0,3,0.878
356,3,239.0,368.0,33.0,115.0,1.0,0,1.0
357,2,-28.0,405.0,216.0,136.0,1.0,3,0.864
357,3,240.0,368.0,33.0,115.0,1.0,0,1.0
358,2,-31.0,405.0,216.0,136.0,1.0,3,0.85
358,3,240.0,368.0,33.0,115.0,1.0,0,1.0
359,2,-34.0,406.0,216.0,136.0,1.0,3,0.83
359,3,241.0,368.0,33.0,115.0,1.0,0,1.0
360,2,-37.0,406.0,216.0,136.0,1.0,3,0.817
360,3,242.0,369.0,33.0,115.0,1.0,0,1.0
361,2,-40.0,406.0,216.0,136.0,1.0,3,0.803
361,3,243.0,369.0,33.0,115.0,1.0,0,1.0
362,2,-43.0,406.0,216.0,136.0,1.0,3,0.789
362,3,244.0,369.0,33.0,115.0,1.0,0,1.0
363,2,-46.0,406.0,216.0,136.0,1.0,3,0.775
363,3,245.0,369.0,33.0,115.0,1.0,0,1.0
364,2,-49.0,406.0,216.0,136.0,1.0,3,0.762
364,3,245.0,370.0,33.0,115.0,1.0,0,1.0
365,2,-52.0,406.0,216.0,136.0,1.0,3,0.748
365,3,246.0,370.0,33.0,115.0,1.0,0,1.0
366,2,-56.0,406.0,216.0,136.0,1.0,3,0.73
366,3,246.0,370.0,33.0,115.0,1.0,0,1.0
367,2,-59.0,407.0,216.0,136.0,1.0,3,0.711
367,3,247.0,370.0,33.0,115.0,1.0,0,1.0
368,2,-62.0,407.0,216.0,136.0,1.0,3,0.697
368,3,248.0,370.0,33.0,114.0,1.0,0,1.0
369,2,-65.0,407.0,216.0,136.0,1.0,3,0.684
369,3,249.0,371.0,33.0,114.0,1.0,0,1.0
370,2,-68.0,407.0,216.0,136.0,1.0,3,0.67
370,3,249.0,371.0,33.0,114.0,1.0,0,1.0
371,2,-71.0,407.0,216.0,136.0,1.0,3,0.656
371,3,250.0,371.0,33.0,114.0,1.0,0,1.0
372,2,-74.0,407.0,216.0,136.0,1.0,3,0.643
372,3,251.0,371.0,33.0,114.0,1.0,0,1.0
373,2,-77.0,407.0,216.0,136.0,1.0,3,0.629
373,3,252.0,372.0,33.0,114.0,1.0,0,1.0
374,2,-80.0,407.0,216.0,136.0,1.0,3,0.616
374,3,253.0,372.0,33.0,114.0,1.0,0,1.0
375,2,-83.0,408.0,214.0,135.0,1.0,3,0.599
375,3,254.0,372.0,33.0,114.0,1.0,0,1.0
376,2,-87.0,408.0,214.0,135.0,1.0,3,0.58
376,3,253.0,372.0,33.0,114.0,1.0,0,1.0
377,2,-90.0,408.0,214.0,135.0,1.0,3,0.567
377,3,254.0,373.0,33.0,114.0,1.0,0,1.0
377,4,586.0,427.0,305.0,192.0,1.0,3,0.589
378,2,-93.0,408.0,214.0,135.0,1.0,3,0.553
378,3,255.0,373.0,33.0,114.0,1.0,0,1.0
378,4,582.0,427.0,305.0,192.0,1.0,3,0.589
379,2,-96.0,408.0,214.0,135.0,1.0,3,0.539
379,3,256.0,373.0,33.0,114.0,1.0,0,1.0
379,4,577.0,427.0,305.0,192.0,1.0,3,0.589
380,2,-99.0,408.0,214.0,135.0,1.0,3,0.525
380,3,257.0,373.0,33.0,114.0,1.0,0,1.0
380,4,573.0,427.0,305.0,192.0,1.0,3,0.589
381,2,-102.0,408.0,214.0,135.0,1.0,3,0.512
381,3,258.0,373.0,33.0,114.0,1.0,0,1.0
381,4,568.0,427.0,305.0,192.0,1.0,3,0.589
382,2,-105.0,408.0,214.0,135.0,1.0,3,0.498
382,3,258.0,374.0,33.0,114.0,1.0,0,1.0
382,4,564.0,428.0,305.0,192.0,1.0,3,0.583
383,2,-108.0,409.0,214.0,135.0,1.0,3,0.481
383,3,259.0,374.0,33.0,114.0,1.0,0,1.0
383,4,559.0,428.0,305.0,192.0,1.0,3,0.583
384,2,-111.0,409.0,214.0,135.0,1.0,3,0.467
384,3,260.0,374.0,33.0,114.0,1.0,0,1.0
384,4,555.0,428.0,305.0,192.0,1.0,3,0.583
385,2,-115.0,409.0,214.0,135.0,1.0,3,0.449
385,3,261.0,374.0,33.0,114.0,1.0,0,1.0
385,4,550.0,428.0,305.0,192.0,1.0,3,0.583
386,2,-119.0,409.0,214.0,135.0,1.0,3,0.431
386,3,261.0,375.0,33.0,114.0,1.0,0,1.0
386,4,545.0,428.0,305.0,192.0,1.0,3,0.583
387,2,-122.0,409.0,214.0,135.0,1.0,3,0.417
387,3,262.0,375.0,33.0,114.0,1.0,0,1.0
387,4,540.0,428.0,305.0,192.0,1.0,3,0.583
388,2,-125.0,409.0,214.0,135.0,1.0,3,0.404
388,3,262.0,375.0,33.0,114.0,1.0,0,1.0
388,4,536.0,428.0,305.0,192.0,1.0,3,0.583
389,2,-128.0,409.0,214.0,135.0,1.0,3,0.39
389,3,263.0,375.0,33.0,114.0,1.0,0,1.0
389,4,531.0,428.0,306.0,193.0,1.0,3,0.58
390,2,-131.0,409.0,214.0,135.0,1.0,3,0.376
390,3,264.0,376.0,33.0,114.0,1.0,0,1.0
390,4,527.0,428.0,306.0,193.0,1.0,3,0.58
391,2,-134.0,410.0,214.0,135.0,1.0,3,0.36
391,3,265.0,376.0,33.0,114.0,1.0,0,1.0
391,4,522.0,428.0,306.0,193.0,1.0,3,0.58
392,2,-137.0,410.0,214.0,135.0,1.0,3,0.346
392,3,266.0,376.0,33.0,114.0,1.0,0,1.0
392,4,518.0,428.0,306.0,193.0,1.0,3,0.58
393,2,-140.0,410.0,214.0,135.0,1.0,3,0.333
393,3,267.0,376.0,33.0,114.0,1.0,0,1.0
393,4,513.0,428.0,306.0,193.0,1.0,3,0.58
394,2,-143.0,410.0,214.0,135.0,1.0,3,0.319
394,3,267.0,376.0,33.0,114.0,1.0,0,1.0
394,4,509.0,428.0,306.0,193.0,1.0,3,0.58
395,2,-146.0,410.0,214.0,135.0,1.0,3,0.306
395,3,268.0,377.0,33.0,114.0,1.0,0,1.0
395,4,504.0,428.0,306.0,193.0,1.0,3,0.58
396,2,-150.0,410.0,214.0,135.0,1.0,3,0.288
396,3,268.0,377.0,33.0,114.0,1.0,0,1.0
396,4,499.0,428.0,306.0,193.0,1.0,3,0.58
397,2,-153.0,410.0,213.0,134.0,1.0,3,0.273
397,3,269.0,377.0,33.0,114.0,1.0,0,1.0
397,4,494.0,428.0,306.0,193.0,1.0,3,0.58
398,2,-156.0,410.0,213.0,134.0,1.0,3,0.26
398,3,270.0,377.0,33.0,114.0,1.0,0,1.0
398,4,490.0,428.0,306.0,193.0,1.0,3,0.58
399,2,-159.0,411.0,213.0,134.0,1.0,3,0.244
399,3,271.0,378.0,33.0,114.0,1.0,0,1.0
399,4,485.0,429.0,306.0,193.0,1.0,3,0.575
400,2,-162.0,411.0,213.0,134.0,1.0,3,0.231
400,3,272.0,378.0,32.0,113.0,1.0,0,1.0
400,4,481.0,429.0,306.0,193.0,1.0,3,0.575
401,2,-165.0,411.0,213.0,134.0,1.0,3,0.217
401,3,272.0,378.0,32.0,113.0,1.0,0,1.0
401,4,476.0,429.0,306.0,193.0,1.0,3,0.575
402,2,-168.0,411.0,213.0,134.0,1.0,3,0.203
402,3,273.0,378.0,32.0,113.0,1.0,0,1.0
402,4,472.0,429.0,306.0,193.0,1.0,3,0.575
403,2,-171.0,411.0,213.0,134.0,1.0,3,0.19
403,3,274.0,378.0,32.0,113.0,1.0,0,1.0
403,4,467.0,429.0,308.0,194.0,1.0,3,0.572
404,2,-174.0,411.0,213.0,134.0,1.0,3,0.176
404,3,275.0,379.0,32.0,113.0,1.0,0,1.0
404,4,463.0,429.0,308.0,194.0,1.0,3,0.572
405,2,-177.0,411.0,213.0,134.0,1.0,3,0.163
405,3,276.0,379.0,32.0,113.0,1.0,0,1.0
405,4,458.0,429.0,308.0,194.0,1.0,3,0.572
406,2,-181.0,411.0,213.0,134.0,1.0,3,0.145
406,3,276.0,379.0,32.0,113.0,1.0,0,1.0
406,4,453.0,429.0,308.0,194.0,1.0,3,0.572
407,2,-184.0,411.0,213.0,134.0,1.0,3,0.131
407,3,276.0,379.0,32.0,113.0,1.0,0,1.0
407,4,448.0,429.0,308.0,194.0,1.0,3,0.572
408,2,-187.0,412.0,213.0,134.0,1.0,3,0.117
408,3,277.0,380.0,32.0,113.0,1.0,0,1.0
408,4,444.0,429.0,308.0,194.0,1.0,3,0.572
409,2,-190.0,412.0,213.0,134.0,1.0,3,0.103
409,3,278.0,380.0,32.0,113.0,1.0,0,1.0
409,4,439.0,429.0,308.0,194.0,1.0,3,0.572
410,2,-193.0,412.0,213.0,134.0,1.0,3,0.09
410,3,279.0,380.0,32.0,113.0,1.0,0,1.0
410,4,435.0,429.0,308.0,194.0,1.0,3,0.572
411,2,-196.0,412.0,213.0,134.0,1.0,3,0.076
411,3,280.0,380.0,32.0,113.0,1.0,0,1.0
411,4,430.0,429.0,308.0,194.0,1.0,3,0.572
412,2,-199.0,412.0,213.0,134.0,1.0,3,0.063
412,3,281.0,381.0,32.0,113.0,1.0,0,1.0
412,4,426.0,429.0,308.0,194.0,1.0,3,0.572
413,2,-202.0,412.0,213.0,134.0,1.0,3,0.049
413,3,281.0,381.0,32.0,113.0,1.0,0,1.0
413,4,421.0,429.0,308.0,194.0,1.0,3,0.572
414,2,-205.0,412.0,213.0,134.0,1.0,3,0.036
414,3,282.0,381.0,32.0,113.0,1.0,0,1.0
414,4,417.0,429.0,308.0,194.0,1.0,3,0.572
415,2,-208.0,412.0,213.0,134.0,1.0,3,0.022
415,3,283.0,381.0,32.0,113.0,1.0,0,1.0
415,4,412.0,429.0,308.0,194.0,1.0,3,0.572
416,2,-212.0,413.0,213.0,134.0,1.0,3,0.004
416,3,283.0,381.0,32.0,113.0,1.0,0,1.0
416,4,407.0,430.0,309.0,195.0,1.0,3,0.564
417,3,284.0,382.0,32.0,113.0,1.0,0,1.0
417,4,402.0,430.0,309.0,195.0,1.0,3,0.564
418,3,285.0,382.0,32.0,113.0,1.0,0,1.0
418,4,398.0,430.0,309.0,195.0,1.0,3,0.564
419,3,285.0,382.0,32.0,113.0,1.0,0,1.0
419,4,393.0,430.0,309.0,195.0,1.0,3,0.564
420,3,286.0,382.0,32.0,113.0,1.0,0,1.0
420,4,389.0,430.0,309.0,195.0,1.0,3,0.564
421,3,287.0,383.0,32.0,113.0,1.0,0,1.0
421,4,384.0,430.0,309.0,195.0,1.0,3,0.564
422,3,288.0,383.0,32.0,113.0,1.0,0,1.0
422,4,380.0,430.0,309.0,195.0,1.0,3,0.564
423,3,289.0,383.0,32.0,113.0,1.0,0,1.0
423,4,375.0,430.0,309.0,195.0,1.0,3,0.564
424,3,290.0,383.0,32.0,113.0,1.0,0,1.0
424,4,371.0,430.0,309.0,195.0,1.0,3,0.564
425,3,290.0,384.0,32.0,113.0,1.0,0,1.0
425,4,366.0,430.0,309.0,195.0,1.0,3,0.564
426,3,290.0,384.0,32.0,113.0,1.0,0,1.0
426,4,361.0,430.0,309.0,195.0,1.0,3,0.564
427,3,291.0,384.0,32.0,113.0,1.0,0,1.0
427,4,356.0,430.0,309.0,195.0,1.0,3,0.564
428,3,292.0,384.0,32.0,113.0,1.0,0,1.0
428,4,352.0,430.0,309.0,195.0,1.0,3,0.564
429,3,293.0,384.0,32.0,113.0,1.0,0,1.0
429,4,347.0,430.0,311.0,196.0,1.0,3,0.561
430,3,294.0,385.0,32.0,113.0,1.0,0,1.0
430,4,343.0,430.0,311.0,196.0,1.0,3,0.561
431,3,294.0,385.0,32.0,113.0,1.0,0,1.0
431,4,338.0,430.0,311.0,196.0,1.0,3,0.561
432,3,295.0,385.0,32.0,112.0,1.0,0,1.0
432,4,334.0,430.0,311.0,196.0,1.0,3,0.561
433,3,296.0,385.0,32.0,112.0,1.0,0,1.0
433,4,329.0,431.0,311.0,196.0,1.0,3,0.556
434,3,297.0,386.0,32.0,112.0,1.0,0,0.925
434,4,325.0,431.0,311.0,196.0,1.0,3,0.556
435,3,298.0,386.0,32.0,112.0,1.0,0,0.813
435,4,320.0,431.0,311.0,196.0,1.0,3,0.556
436,3,298.0,386.0,32.0,112.0,1.0,0,0.72
436,4,315.0,431.0,311.0,196.0,1.0,3,0.556
437,3,298.0,386.0,32.0,112.0,1.0,0,0.626
437,4,310.0,431.0,311.0,196.0,1.0,3,0.556
438,3,299.0,387.0,32.0,112.0,1.0,0,0.526
438,4,306.0,431.0,311.0,196.0,1.0,3,0.556
439,3,300.0,387.0,32.0,112.0,1.0,0,0.412
439,4,301.0,431.0,311.0,196.0,1.0,3,0.556
440,3,301.0,387.0,32.0,112.0,1.0,0,0.393
440,4,297.0,431.0,311.0,196.0,1.0,3,0.556
441,3,302.0,387.0,32.0,112.0,1.0,0,0.393
441,4,292.0,431.0,311.0,196.0,1.0,3,0.556
442,3,303.0,387.0,32.0,112.0,1.0,0,0.393
442,4,288.0,431.0,313.0,197.0,1.0,3,0.553
443,3,304.0,388.0,32.0,112.0,1.0,0,0.384
443,4,283.0,431.0,313.0,197.0,1.0,3,0.553
444,3,304.0,388.0,32.0,112.0,1.0,0,0.384
444,4,279.0,431.0,313.0,197.0,1.0,3,0.553
445,3,305.0,388.0,32.0,112.0,1.0,0,0.384
445,4,274.0,431.0,313.0,197.0,1.0,3,0.553
446,3,305.0,388.0,32.0,112.0,1.0,0,0.384
446,4,269.0,431.0,313.0,197.0,1.0,3,0.553
447,3,306.0,389.0,32.0,112.0,1.0,0,0.375
447,4,264.0,431.0,313.0,197.0,1.0,3,0.553
448,3,307.0,389.0,32.0,112.0,1.0,0,0.375
448,4,260.0,431.0,313.0,197.0,1.0,3,0.553
449,3,308.0,389.0,32.0,112.0,1.0,0,0.375
449,4,255.0,431.0,313.0,197.0,1.0,3,0.553
450,3,308.0,389.0,32.0,112.0,1.0,0,0.384
450,4,251.0,432.0,313.0,197.0,1.0,3,0.548
