1,3,107.0,280.0,37.0,130.0,1.0,0,1.0
2,3,109.0,281.0,37.0,130.0,1.0,0,1.0
3,3,110.0,281.0,37.0,130.0,1.0,0,1.0
4,3,112.0,281.0,37.0,130.0,1.0,0,1.0
5,3,114.0,281.0,37.0,130.0,1.0,0,1.0
6,3,116.0,281.0,37.0,130.0,1.0,0,1.0
6,4,956.0,279.0,238.0,150.0,1.0,3,0.017
7,3,117.0,281.0,37.0,130.0,1.0,0,1.0
7,4,951.0,279.0,238.0,150.0,1.0,3,0.038
8,3,119.0,281.0,37.0,130.0,1.0,0,1.0
8,4,947.0,279.0,238.0,150.0,1.0,3,0.055
9,3,122.0,281.0,37.0,130.0,1.0,0,1.0
9,4,943.0,280.0,238.0,150.0,1.0,3,0.071
10,3,123.0,282.0,38.0,131.0,1.0,0,1.0
10,4,937.0,280.0,238.0,150.0,1.0,3,0.097
11,3,125.0,282.0,38.0,131.0,1.0,0,1.0
11,4,933.0,280.0,238.0,150.0,1.0,3,0.113
12,3,127.0,282.0,38.0,131.0,1.0,0,1.0
12,4,929.0,280.0,238.0,150.0,1.0,3,0.13
13,3,128.0,282.0,38.0,131.0,1.0,0,1.0
13,4,923.0,280.0,238.0,150.0,1.0,3,0.155
14,3,130.0,282.0,38.0,131.0,1.0,0,1.0
14,4,919.0,280.0,238.0,150.0,1.0,3,0.172
15,3,132.0,282.0,38.0,131.0,1.0,0,1.0
15,4,915.0,280.0,238.0,150.0,1.0,3,0.189
16,3,133.0,282.0,38.0,131.0,1.0,0,1.0
16,4,909.0,281.0,238.0,150.0,1.0,3,0.214
17,3,135.0,282.0,38.0,131.0,1.0,0,1.0
17,4,905.0,281.0,238.0,150.0,1.0,3,0.231
18,3,137.0,283.0,38.0,131.0,1.0,0,1.0
18,4,901.0,281.0,238.0,150.0,1.0,3,0.248
19,3,139.0,283.0,38.0,131.0,1.0,0,1.0
19,4,896.0,281.0,238.0,150.0,1.0,3,0.269
20,3,140.0,283.0,38.0,131.0,1.0,0,1.0
20,4,891.0,281.0,238.0,150.0,1.0,3,0.29
21,3,142.0,283.0,38.0,131.0,1.0,0,1.0
21,4,887.0,281.0,238.0,150.0,1.0,3,0.307
22,3,144.0,283.0,38.0,131.0,1.0,0,1.0
22,4,882.0,281.0,238.0,150.0,1.0,3,0.328
23,3,145.0,283.0,38.0,131.0,1.0,0,1.0
23,4,877.0,282.0,238.0,150.0,1.0,3,0.349
24,3,147.0,283.0,38.0,131.0,1.0,0,1.0
24,4,873.0,282.0,238.0,150.0,1.0,3,0.366
25,3,149.0,283.0,38.0,131.0,1.0,0,1.0
25,4,868.0,282.0,236.0,149.0,1.0,3,0.39
26,3,151.0,283.0,38.0,132.0,1.0,0,1.0
26,4,864.0,282.0,236.0,149.0,1.0,3,0.407
27,3,153.0,284.0,38.0,132.0,1.0,0,1.0
27,4,859.0,282.0,236.0,149.0,1.0,3,0.428
28,3,155.0,284.0,38.0,132.0,1.0,0,1.0
28,4,854.0,282.0,236.0,149.0,1.0,3,0.449
29,3,157.0,284.0,38.0,132.0,1.0,0,1.0
29,4,850.0,282.0,236.0,149.0,1.0,3,0.466
30,2,955.0,405.0,183.0,115.0,1.0,3,0.027
30,3,158.0,284.0,38.0,132.0,1.0,0,1.0
30,4,845.0,282.0,236.0,149.0,1.0,3,0.484
31,2,951.0,405.0,183.0,115.0,1.0,3,0.049
31,3,160.0,284.0,38.0,132.0,1.0,0,1.0
31,4,840.0,283.0,236.0,149.0,1.0,3,0.502
32,2,947.0,405.0,183.0,115.0,1.0,3,0.071
32,3,162.0,284.0,38.0,132.0,1.0,0,1.0
32,4,836.0,283.0,236.0,149.0,1.0,3,0.515
33,2,942.0,405.0,183.0,115.0,1.0,3,0.098
33,3,163.0,284.0,38.0,132.0,1.0,0,1.0
33,4,831.0,283.0,236.0,149.0,1.0,3,0.533
34,2,938.0,405.0,183.0,115.0,1.0,3,0.12
34,3,165.0,284.0,38.0,132.0,1.0,0,1.0
34,4,826.0,283.0,236.0,149.0,1.0,3,0.551
35,2,935.0,405.0,183.0,115.0,1.0,3,0.137
35,3,167.0,285.0,38.0,132.0,1.0,0,1.0
35,4,822.0,283.0,236.0,149.0,1.0,3,0.566
36,2,930.0,406.0,183.0,115.0,1.0,3,0.164
36,3,168.0,285.0,38.0,132.0,1.0,0,1.0
36,4,817.0,283.0,236.0,149.0,1.0,3,0.584
37,2,926.0,406.0,183.0,115.0,1.0,3,0.186
37,3,170.0,285.0,38.0,132.0,1.0,0,1.0
37,4,812.0,283.0,236.0,149.0,1.0,3,0.602
38,2,922.0,406.0,183.0,115.0,1.0,3,0.208
38,3,172.0,285.0,38.0,132.0,1.0,0,1.0
38,4,808.0,284.0,236.0,149.0,1.0,3,0.615
39,2,918.0,406.0,183.0,115.0,1.0,3,0.23
39,3,174.0,285.0,38.0,132.0,1.0,0,1.0
39,4,804.0,284.0,236.0,149.0,1.0,3,0.629
40,2,913.0,406.0,183.0,115.0,1.0,3,0.257
40,3,175.0,285.0,38.0,132.0,1.0,0,1.0
40,4,798.0,284.0,236.0,149.0,1.0,3,0.65
41,2,909.0,406.0,183.0,115.0,1.0,3,0.279
41,3,177.0,285.0,38.0,133.0,1.0,0,1.0
41,4,794.0,284.0,236.0,149.0,1.0,3,0.664
42,2,905.0,406.0,183.0,115.0,1.0,3,0.301
42,3,179.0,285.0,38.0,133.0,1.0,0,1.0
42,4,790.0,284.0,236.0,149.0,1.0,3,0.678
43,2,900.0,406.0,183.0,115.0,1.0,3,0.328
43,3,180.0,286.0,38.0,133.0,1.0,0,1.0
43,4,784.0,284.0,236.0,149.0,1.0,3,0.7
44,2,896.0,406.0,183.0,115.0,1.0,3,0.35
44,3,182.0,286.0,38.0,133.0,1.0,0,1.0
44,4,780.0,284.0,236.0,149.0,1.0,3,0.714
45,2,892.0,406.0,183.0,115.0,1.0,3,0.372
45,3,184.0,286.0,38.0,133.0,1.0,0,1.0
45,4,776.0,285.0,236.0,149.0,1.0,3,0.726
46,2,888.0,406.0,183.0,115.0,1.0,3,0.393
46,3,187.0,286.0,38.0,133.0,1.0,0,1.0
46,4,771.0,285.0,236.0,149.0,1.0,3,0.744
47,2,883.0,406.0,183.0,115.0,1.0,3,0.421
47,3,188.0,286.0,38.0,133.0,1.0,0,1.0
47,4,766.0,285.0,236.0,149.0,1.0,3,0.761
48,2,879.0,407.0,181.0,114.0,1.0,3,0.448
48,3,190.0,286.0,38.0,133.0,1.0,0,1.0
48,4,762.0,285.0,236.0,149.0,1.0,3,0.777
49,2,875.0,407.0,181.0,114.0,1.0,3,0.47
49,3,192.0,286.0,38.0,133.0,1.0,0,1.0
49,4,757.0,285.0,236.0,149.0,1.0,3,0.795
50,2,870.0,407.0,181.0,114.0,1.0,3,0.497
50,3,193.0,286.0,38.0,133.0,1.0,0,1.0
50,4,752.0,285.0,236.0,149.0,1.0,3,0.812
51,2,866.0,407.0,181.0,114.0,1.0,3,0.519
51,3,195.0,287.0,38.0,133.0,1.0,0,1.0
51,4,748.0,285.0,236.0,149.0,1.0,3,0.826
52,2,862.0,407.0,181.0,114.0,1.0,3,0.541
52,3,197.0,287.0,38.0,133.0,1.0,0,1.0
52,4,744.0,286.0,236.0,149.0,1.0,3,0.837
53,2,857.0,407.0,181.0,114.0,1.0,3,0.569
53,3,198.0,287.0,38.0,133.0,1.0,0,1.0
53,4,738.0,286.0,236.0,149.0,1.0,3,0.859
54,2,853.0,407.0,181.0,114.0,1.0,3,0.591
54,3,200.0,287.0,38.0,133.0,1.0,0,1.0
54,4,734.0,286.0,236.0,149.0,1.0,3,0.872
55,2,850.0,407.0,181.0,114.0,1.0,3,0.608
55,3,202.0,287.0,38.0,133.0,1.0,0,1.0
55,4,730.0,286.0,236.0,149.0,1.0,3,0.887
56,2,845.0,407.0,181.0,114.0,1.0,3,0.635
56,3,203.0,287.0,38.0,133.0,1.0,0,1.0
56,4,724.0,286.0,236.0,149.0,1.0,3,0.908
57,2,841.0,407.0,181.0,114.0,1.0,3,0.657
57,3,205.0,287.0,38.0,134.0,1.0,0,1.0
57,4,720.0,286.0,236.0,149.0,1.0,3,0.908
58,2,837.0,407.0,181.0,114.0,1.0,3,0.68
58,3,207.0,287.0,38.0,134.0,1.0,0,1.0
58,4,716.0,286.0,236.0,149.0,1.0,3,0.908
59,2,833.0,407.0,181.0,114.0,1.0,3,0.702
59,3,209.0,288.0,38.0,134.0,1.0,0,1.0
59,4,711.0,286.0,236.0,149.0,1.0,3,0.909
60,2,828.0,408.0,181.0,114.0,1.0,3,0.729
60,3,210.0,288.0,38.0,134.0,1.0,0,1.0
60,4,706.0,287.0,236.0,149.0,1.0,3,0.909
61,2,824.0,408.0,181.0,114.0,1.0,3,0.751
61,3,212.0,288.0,38.0,134.0,1.0,0,1.0
61,4,702.0,287.0,236.0,149.0,1.0,3,0.909
62,2,820.0,408.0,181.0,114.0,1.0,3,0.773
62,3,214.0,288.0,38.0,134.0,1.0,0,1.0
62,4,697.0,287.0,236.0,149.0,1.0,3,0.91
63,2,815.0,408.0,181.0,114.0,1.0,3,0.801
63,3,215.0,288.0,38.0,134.0,1.0,0,1.0
63,4,692.0,287.0,236.0,149.0,1.0,3,0.91
64,2,811.0,408.0,181.0,114.0,1.0,3,0.823
64,3,218.0,288.0,38.0,134.0,1.0,0,1.0
64,4,688.0,287.0,235.0,148.0,1.0,3,0.913
65,2,807.0,408.0,181.0,114.0,1.0,3,0.845
65,3,220.0,288.0,38.0,134.0,1.0,0,1.0
65,4,683.0,287.0,235.0,148.0,1.0,3,0.914
66,2,803.0,408.0,181.0,114.0,1.0,3,0.867
66,3,222.0,288.0,38.0,134.0,1.0,0,1.0
66,4,679.0,287.0,235.0,148.0,1.0,3,0.914
67,2,798.0,408.0,181.0,114.0,1.0,3,0.895
67,3,223.0,288.0,38.0,134.0,1.0,0,1.0
67,4,674.0,288.0,235.0,148.0,1.0,3,0.911
68,2,794.0,408.0,181.0,114.0,1.0,3,0.917
68,3,225.0,289.0,38.0,134.0,1.0,0,1.0
68,4,669.0,288.0,235.0,148.0,1.0,3,0.911
69,2,790.0,408.0,181.0,114.0,1.0,3,0.939
69,3,227.0,289.0,38.0,134.0,1.0,0,1.0
69,4,665.0,288.0,235.0,148.0,1.0,3,0.911
70,2,785.0,408.0,181.0,114.0,1.0,3,0.967
70,3,228.0,289.0,38.0,134.0,1.0,0,1.0
70,4,660.0,288.0,235.0,148.0,1.0,3,0.911
71,2,781.0,408.0,181.0,114.0,1.0,3,0.989
71,3,230.0,289.0,38.0,134.0,1.0,0,1.0
71,4,655.0,288.0,235.0,148.0,1.0,3,0.912
72,2,777.0,409.0,181.0,114.0,1.0,3,1.0
72,3,232.0,289.0,39.0,135.0,1.0,0,1.0
72,4,651.0,288.0,235.0,148.0,1.0,3,0.915
73,2,772.0,409.0,181.0,114.0,1.0,3,1.0
73,3,233.0,289.0,39.0,135.0,1.0,0,1.0
73,4,646.0,288.0,235.0,148.0,1.0,3,0.915
74,2,768.0,409.0,181.0,114.0,1.0,3,1.0
74,3,235.0,289.0,39.0,135.0,1.0,0,1.0
74,4,641.0,289.0,235.0,148.0,1.0,3,0.913
75,2,764.0,409.0,181.0,114.0,1.0,3,1.0
75,3,237.0,289.0,39.0,135.0,1.0,0,1.0
75,4,637.0,289.0,235.0,148.0,1.0,3,0.913
76,2,760.0,409.0,181.0,114.0,1.0,3,1.0
76,3,238.0,290.0,39.0,135.0,1.0,0,1.0
76,4,632.0,289.0,235.0,148.0,1.0,3,0.914
77,2,756.0,409.0,181.0,114.0,1.0,3,1.0
77,3,240.0,290.0,39.0,135.0,1.0,0,1.0
77,4,627.0,289.0,235.0,148.0,1.0,3,0.915
78,2,752.0,409.0,181.0,114.0,1.0,3,1.0
78,3,242.0,290.0,39.0,135.0,1.0,0,1.0
78,4,623.0,289.0,235.0,148.0,1.0,3,0.915
79,2,748.0,409.0,181.0,114.0,1.0,3,1.0
79,3,244.0,290.0,39.0,135.0,1.0,0,1.0
79,4,619.0,289.0,235.0,148.0,1.0,3,0.915
80,2,743.0,409.0,181.0,114.0,1.0,3,1.0
80,3,245.0,290.0,39.0,135.0,1.0,0,1.0
80,4,613.0,289.0,235.0,148.0,1.0,3,0.915
81,2,739.0,409.0,181.0,114.0,1.0,3,1.0
81,3,247.0,290.0,39.0,135.0,1.0,0,1.0
81,4,609.0,290.0,235.0,148.0,1.0,3,0.912
82,2,735.0,409.0,181.0,114.0,1.0,3,1.0
82,3,250.0,290.0,39.0,135.0,1.0,0,1.0
82,4,605.0,290.0,235.0,148.0,1.0,3,0.912
83,2,730.0,409.0,181.0,114.0,1.0,3,1.0
83,3,251.0,290.0,39.0,135.0,1.0,0,1.0
83,4,599.0,290.0,235.0,148.0,1.0,3,0.913
84,2,726.0,410.0,181.0,114.0,1.0,3,1.0
84,3,253.0,291.0,39.0,135.0,1.0,0,1.0
84,4,595.0,290.0,235.0,148.0,1.0,3,0.916
85,2,722.0,410.0,181.0,114.0,1.0,3,1.0
85,3,255.0,291.0,39.0,135.0,1.0,0,1.0
85,4,591.0,290.0,235.0,148.0,1.0,3,0.916
86,2,718.0,410.0,181.0,114.0,1.0,3,1.0
86,3,257.0,291.0,39.0,135.0,1.0,0,1.0
86,4,586.0,290.0,235.0,148.0,1.0,3,0.917
87,2,713.0,410.0,181.0,114.0,1.0,3,1.0
87,3,258.0,291.0,39.0,135.0,1.0,0,1.0
87,4,581.0,290.0,235.0,148.0,1.0,3,0.917
88,2,709.0,410.0,181.0,114.0,1.0,3,1.0
88,3,260.0,291.0,39.0,136.0,1.0,0,1.0
88,4,577.0,290.0,235.0,148.0,1.0,3,0.917
89,2,705.0,410.0,181.0,114.0,1.0,3,1.0
89,3,262.0,291.0,39.0,136.0,1.0,0,1.0
89,4,572.0,291.0,235.0,148.0,1.0,3,0.915
90,2,700.0,410.0,181.0,114.0,1.0,3,1.0
90,3,263.0,291.0,39.0,136.0,1.0,0,1.0
90,4,567.0,291.0,235.0,148.0,1.0,3,0.915
91,2,696.0,410.0,181.0,114.0,1.0,3,1.0
91,3,265.0,291.0,39.0,136.0,1.0,0,1.0
91,4,563.0,291.0,235.0,148.0,1.0,3,0.915
92,2,692.0,410.0,181.0,114.0,1.0,3,1.0
92,3,267.0,292.0,39.0,136.0,1.0,0,1.0
92,4,558.0,291.0,235.0,148.0,1.0,3,0.916
93,2,687.0,410.0,181.0,114.0,1.0,3,1.0
93,3,268.0,292.0,39.0,136.0,1.0,0,1.0
93,4,553.0,291.0,235.0,148.0,1.0,3,0.916
94,2,683.0,410.0,181.0,114.0,1.0,3,1.0
94,3,270.0,292.0,39.0,136.0,1.0,0,1.0
94,4,549.0,291.0,235.0,148.0,1.0,3,0.916
95,2,679.0,410.0,181.0,114.0,1.0,3,1.0
95,3,272.0,292.0,39.0,136.0,1.0,0,1.0
95,4,545.0,291.0,235.0,148.0,1.0,3,0.916
96,2,675.0,410.0,181.0,114.0,1.0,3,1.0
96,3,273.0,292.0,39.0,136.0,1.0,0,1.0
96,4,539.0,292.0,235.0,148.0,1.0,3,0.915
97,1,-31.0,255.0,32.0,83.0,1.0,0,0.031
97,2,671.0,411.0,181.0,114.0,1.0,3,1.0
97,3,275.0,292.0,39.0,136.0,1.0,0,1.0
97,4,535.0,292.0,235.0,148.0,1.0,3,0.917
98,1,-30.0,255.0,32.0,83.0,1.0,0,0.062
98,2,667.0,411.0,181.0,114.0,1.0,3,1.0
98,3,277.0,292.0,39.0,136.0,1.0,0,1.0
98,4,531.0,292.0,235.0,148.0,1.0,3,0.917
99,1,-29.0,255.0,32.0,84.0,1.0,0,0.094
99,2,663.0,411.0,181.0,114.0,1.0,3,1.0
99,3,279.0,292.0,39.0,136.0,1.0,0,1.0
99,4,526.0,292.0,235.0,148.0,1.0,3,0.918
100,1,-29.0,255.0,32.0,84.0,1.0,0,0.094
100,2,658.0,411.0,181.0,114.0,1.0,3,1.0
100,3,281.0,293.0,39.0,136.0,1.0,0,1.0
100,4,521.0,292.0,235.0,148.0,1.0,3,0.918
101,1,-28.0,255.0,32.0,84.0,1.0,0,0.125
101,2,654.0,411.0,181.0,114.0,1.0,3,1.0
101,3,283.0,293.0,39.0,136.0,1.0,0,1.0
101,4,517.0,292.0,235.0,148.0,1.0,3,0.918
102,1,-27.0,255.0,32.0,84.0,1.0,0,0.156
102,2,650.0,411.0,181.0,114.0,1.0,3,1.0
102,3,285.0,293.0,39.0,136.0,1.0,0,1.0
102,4,512.0,292.0,235.0,148.0,1.0,3,0.919
103,1,-27.0,255.0,32.0,84.0,1.0,0,0.156
103,2,645.0,411.0,181.0,114.0,1.0,3,1.0
103,3,286.0,293.0,39.0,137.0,1.0,0,1.0
103,4,507.0,293.0,233.0,147.0,1.0,3,0.92
104,1,-26.0,256.0,32.0,84.0,1.0,0,0.188
104,2,641.0,411.0,181.0,114.0,1.0,3,1.0
104,3,288.0,293.0,39.0,137.0,1.0,0,1.0
104,4,503.0,293.0,233.0,147.0,1.0,3,0.92
105,1,-25.0,256.0,32.0,84.0,1.0,0,0.219
105,2,637.0,411.0,181.0,114.0,1.0,3,1.0
105,3,290.0,293.0,39.0,137.0,1.0,0,1.0
105,4,498.0,293.0,233.0,147.0,1.0,3,0.92
106,1,-24.0,256.0,32.0,84.0,1.0,0,0.25
106,2,633.0,411.0,181.0,114.0,1.0,3,1.0
106,3,292.0,293.0,39.0,137.0,1.0,0,1.0
106,4,494.0,293.0,233.0,147.0,1.0,3,0.92
107,1,-24.0,256.0,32.0,84.0,1.0,0,0.25
107,2,628.0,411.0,181.0,114.0,1.0,3,1.0
107,3,293.0,293.0,39.0,137.0,1.0,0,1.0
107,4,489.0,293.0,233.0,147.0,1.0,3,0.92
108,1,-23.0,256.0,32.0,84.0,1.0,0,0.281
108,2,624.0,411.0,181.0,114.0,1.0,3,1.0
108,3,295.0,293.0,39.0,137.0,1.0,0,1.0
108,4,484.0,293.0,233.0,147.0,1.0,3,0.921
109,1,-22.0,256.0,32.0,84.0,1.0,0,0.312
109,2,620.0,412.0,181.0,114.0,1.0,3,1.0
109,3,297.0,294.0,39.0,137.0,1.0,0,1.0
109,4,480.0,293.0,233.0,147.0,1.0,3,0.924
110,1,-22.0,256.0,32.0,84.0,1.0,0,0.312
110,2,615.0,412.0,181.0,114.0,1.0,3,1.0
110,3,298.0,294.0,39.0,137.0,1.0,0,1.0
110,4,475.0,294.0,233.0,147.0,1.0,3,0.921
111,1,-21.0,256.0,32.0,84.0,1.0,0,0.344
111,2,611.0,412.0,181.0,114.0,1.0,3,1.0
111,3,300.0,294.0,39.0,137.0,1.0,0,1.0
111,4,470.0,294.0,233.0,147.0,1.0,3,0.922
112,1,-20.0,257.0,32.0,84.0,1.0,0,0.375
112,2,607.0,412.0,179.0,113.0,1.0,3,1.0
112,3,302.0,294.0,39.0,137.0,1.0,0,1.0
112,4,466.0,294.0,233.0,147.0,1.0,3,0.922
113,1,-20.0,257.0,32.0,84.0,1.0,0,0.375
113,2,602.0,412.0,179.0,113.0,1.0,3,1.0
113,3,303.0,294.0,39.0,137.0,1.0,0,1.0
113,4,461.0,294.0,233.0,147.0,1.0,3,0.922
114,1,-19.0,257.0,32.0,84.0,1.0,0,0.406
114,2,598.0,412.0,179.0,113.0,1.0,3,1.0
114,3,305.0,294.0,39.0,137.0,1.0,0,1.0
114,4,456.0,294.0,233.0,147.0,1.0,3,0.923
115,1,-18.0,257.0,32.0,84.0,1.0,0,0.438
115,2,594.0,412.0,179.0,113.0,1.0,3,1.0
115,3,307.0,294.0,39.0,137.0,1.0,0,1.0
115,4,452.0,294.0,233.0,147.0,1.0,3,0.923
116,1,-18.0,257.0,32.0,84.0,1.0,0,0.438
116,2,589.0,412.0,179.0,113.0,1.0,3,1.0
116,3,308.0,294.0,39.0,137.0,1.0,0,1.0
116,4,447.0,294.0,233.0,147.0,1.0,3,0.923
117,1,-17.0,257.0,32.0,84.0,1.0,0,0.469
117,2,586.0,412.0,179.0,113.0,1.0,3,1.0
117,3,310.0,295.0,39.0,137.0,1.0,0,1.0
117,4,442.0,295.0,233.0,147.0,1.0,3,0.922
118,1,-16.0,257.0,32.0,84.0,1.0,0,0.5
118,2,582.0,412.0,179.0,113.0,1.0,3,1.0
118,3,313.0,295.0,39.0,137.0,1.0,0,1.0
118,4,438.0,295.0,233.0,147.0,1.0,3,0.922
119,1,-15.0,257.0,32.0,84.0,1.0,0,0.531
119,2,578.0,412.0,179.0,113.0,1.0,3,1.0
119,3,315.0,295.0,40.0,138.0,1.0,0,1.0
119,4,434.0,295.0,233.0,147.0,1.0,3,0.922
120,1,-15.0,258.0,32.0,84.0,1.0,0,0.531
120,2,573.0,412.0,179.0,113.0,1.0,3,1.0
120,3,316.0,295.0,40.0,138.0,1.0,0,1.0
120,4,428.0,295.0,233.0,147.0,1.0,3,0.923
121,1,-14.0,258.0,32.0,84.0,1.0,0,0.562
121,2,569.0,413.0,179.0,113.0,1.0,3,1.0
121,3,318.0,295.0,40.0,138.0,1.0,0,1.0
121,4,424.0,295.0,233.0,147.0,1.0,3,0.925
122,1,-13.0,258.0,32.0,84.0,1.0,0,0.594
122,2,565.0,413.0,179.0,113.0,1.0,3,1.0
122,3,320.0,295.0,40.0,138.0,1.0,0,1.0
122,4,420.0,295.0,233.0,147.0,1.0,3,0.925
123,1,-13.0,258.0,32.0,84.0,1.0,0,0.594
123,2,560.0,413.0,179.0,113.0,1.0,3,1.0
123,3,321.0,295.0,40.0,138.0,1.0,0,1.0
123,4,414.0,295.0,233.0,147.0,1.0,3,0.926
124,1,-12.0,258.0,32.0,84.0,1.0,0,0.625
124,2,556.0,413.0,179.0,113.0,1.0,3,1.0
124,3,323.0,295.0,40.0,138.0,1.0,0,1.0
124,4,410.0,295.0,233.0,147.0,1.0,3,0.926
125,1,-11.0,258.0,32.0,84.0,1.0,0,0.656
125,2,552.0,413.0,179.0,113.0,1.0,3,1.0
125,3,325.0,296.0,40.0,138.0,1.0,0,1.0
125,4,406.0,296.0,233.0,147.0,1.0,3,0.924
126,1,-10.0,258.0,32.0,84.0,1.0,0,0.688
126,2,548.0,413.0,179.0,113.0,1.0,3,1.0
126,3,327.0,296.0,40.0,138.0,1.0,0,1.0
126,4,401.0,296.0,233.0,147.0,1.0,3,0.925
127,1,-10.0,258.0,32.0,84.0,1.0,0,0.688
127,2,543.0,413.0,179.0,113.0,1.0,3,1.0
127,3,328.0,296.0,40.0,138.0,1.0,0,1.0
127,4,396.0,296.0,233.0,147.0,1.0,3,0.925
128,1,-9.0,259.0,32.0,84.0,1.0,0,0.719
128,2,539.0,413.0,179.0,113.0,1.0,3,1.0
128,3,330.0,296.0,40.0,138.0,1.0,0,1.0
128,4,392.0,296.0,233.0,147.0,1.0,3,0.925
129,1,-8.0,259.0,32.0,84.0,1.0,0,0.75
129,2,535.0,413.0,179.0,113.0,1.0,3,1.0
129,3,332.0,296.0,40.0,138.0,1.0,0,1.0
129,4,387.0,296.0,233.0,147.0,1.0,3,0.926
130,1,-8.0,259.0,32.0,85.0,1.0,0,0.75
130,2,530.0,413.0,179.0,113.0,1.0,3,1.0
130,3,333.0,296.0,40.0,138.0,1.0,0,1.0
130,4,382.0,296.0,233.0,147.0,1.0,3,0.926
131,1,-7.0,259.0,32.0,85.0,1.0,0,0.781
131,2,526.0,413.0,179.0,113.0,1.0,3,1.0
131,3,335.0,296.0,40.0,138.0,1.0,0,1.0
131,4,378.0,296.0,233.0,147.0,1.0,3,0.926
132,1,-6.0,259.0,32.0,85.0,1.0,0,0.812
132,2,522.0,413.0,179.0,113.0,1.0,3,1.0
132,3,337.0,296.0,40.0,138.0,1.0,0,0.901
132,4,373.0,297.0,233.0,147.0,1.0,3,0.924
133,1,-6.0,259.0,32.0,85.0,1.0,0,0.812
133,2,517.0,414.0,179.0,113.0,1.0,3,1.0
133,3,338.0,297.0,40.0,138.0,1.0,0,0.75
133,4,368.0,297.0,233.0,147.0,1.0,3,0.926
134,1,-5.0,259.0,32.0,85.0,1.0,0,0.844
134,2,513.0,414.0,179.0,113.0,1.0,3,1.0
134,3,340.0,297.0,40.0,139.0,1.0,0,0.6
134,4,364.0,297.0,233.0,147.0,1.0,3,0.926
135,1,-4.0,259.0,32.0,85.0,1.0,0,0.875
135,2,509.0,414.0,179.0,113.0,1.0,3,1.0
135,3,342.0,297.0,40.0,139.0,1.0,0,0.45
135,4,360.0,297.0,233.0,147.0,1.0,3,0.926
136,1,-4.0,260.0,32.0,85.0,1.0,0,0.875
136,2,504.0,414.0,179.0,113.0,1.0,3,1.0
136,3,344.0,297.0,40.0,139.0,1.0,0,0.25
136,4,354.0,297.0,233.0,147.0,1.0,3,0.927
137,1,-3.0,260.0,32.0,85.0,1.0,0,0.906
137,2,500.0,414.0,179.0,113.0,1.0,3,1.0
137,3,346.0,297.0,40.0,139.0,1.0,0,0.1
137,4,350.0,297.0,233.0,147.0,1.0,3,0.927
138,1,-2.0,260.0,32.0,85.0,1.0,0,0.938
138,2,497.0,414.0,179.0,113.0,1.0,3,1.0
138,3,348.0,297.0,40.0,139.0,1.0,0,0.0
138,4,346.0,297.0,233.0,147.0,1.0,3,0.928
139,1,-1.0,260.0,32.0,85.0,1.0,0,0.969
139,2,493.0,414.0,179.0,113.0,1.0,3,1.0
139,3,350.0,297.0,40.0,139.0,1.0,0,0.007
139,4,341.0,298.0,233.0,147.0,1.0,3,0.927
140,1,-1.0,260.0,32.0,85.0,1.0,0,0.969
140,2,488.0,414.0,179.0,113.0,1.0,3,1.0
140,3,351.0,297.0,40.0,139.0,1.0,0,0.007
140,4,336.0,298.0,233.0,147.0,1.0,3,0.927
141,1,0.0,260.0,32.0,85.0,1.0,0,1.0
141,2,484.0,414.0,179.0,113.0,1.0,3,1.0
141,3,353.0,297.0,40.0,139.0,1.0,0,0.007
141,4,332.0,298.0,233.0,147.0,1.0,3,0.927
142,1,1.0,260.0,32.0,85.0,1.0,0,1.0
142,2,480.0,414.0,179.0,113.0,1.0,3,1.0
142,3,355.0,298.0,40.0,139.0,1.0,0,0.0
142,4,327.0,298.0,232.0,146.0,1.0,3,0.93
143,1,1.0,260.0,32.0,85.0,1.0,0,1.0
143,2,475.0,414.0,179.0,113.0,1.0,3,1.0
143,3,356.0,298.0,40.0,139.0,1.0,0,0.0
143,4,322.0,298.0,232.0,146.0,1.0,3,0.93
144,1,2.0,261.0,32.0,85.0,1.0,0,1.0
144,2,471.0,414.0,179.0,113.0,1.0,3,1.0
144,3,358.0,298.0,40.0,139.0,1.0,0,0.0
144,4,318.0,298.0,232.0,146.0,1.0,3,0.93
145,1,3.0,261.0,32.0,85.0,1.0,0,1.0
145,2,467.0,415.0,179.0,113.0,1.0,3,1.0
145,3,360.0,298.0,40.0,139.0,1.0,0,0.0
145,4,313.0,298.0,232.0,146.0,1.0,3,0.933
146,1,4.0,261.0,32.0,85.0,1.0,0,1.0
146,2,463.0,415.0,179.0,113.0,1.0,3,1.0
146,3,362.0,298.0,40.0,139.0,1.0,0,0.007
146,4,309.0,299.0,232.0,146.0,1.0,3,0.931
147,1,4.0,261.0,32.0,85.0,1.0,0,1.0
147,2,458.0,415.0,179.0,113.0,1.0,3,1.0
147,3,363.0,298.0,40.0,139.0,1.0,0,0.007
147,4,304.0,299.0,232.0,146.0,1.0,3,0.931
148,1,5.0,261.0,32.0,85.0,1.0,0,1.0
148,2,454.0,415.0,179.0,113.0,1.0,3,1.0
148,3,365.0,298.0,40.0,139.0,1.0,0,0.007
148,4,299.0,299.0,232.0,146.0,1.0,3,0.932
149,1,6.0,261.0,32.0,85.0,1.0,0,1.0
149,2,450.0,415.0,179.0,113.0,1.0,3,1.0
149,3,367.0,298.0,40.0,139.0,1.0,0,0.007
149,4,295.0,299.0,232.0,146.0,1.0,3,0.932
150,1,6.0,261.0,32.0,85.0,1.0,0,1.0
150,2,445.0,415.0,179.0,113.0,1.0,3,1.0
150,3,368.0,299.0,40.0,140.0,1.0,0,0.0
150,4,290.0,299.0,232.0,146.0,1.0,3,0.932
151,1,7.0,261.0,32.0,85.0,1.0,0,1.0
151,2,441.0,415.0,179.0,113.0,1.0,3,1.0
151,3,370.0,299.0,40.0,140.0,1.0,0,0.0
151,4,285.0,299.0,232.0,146.0,1.0,3,0.933
152,1,8.0,262.0,32.0,85.0,1.0,0,1.0
152,2,437.0,415.0,179.0,113.0,1.0,3,1.0
152,3,372.0,299.0,40.0,140.0,1.0,0,0.0
152,4,281.0,299.0,232.0,146.0,1.0,3,0.933
153,1,8.0,262.0,32.0,85.0,1.0,0,1.0
153,2,432.0,415.0,179.0,113.0,1.0,3,1.0
153,3,373.0,299.0,40.0,140.0,1.0,0,0.0
153,4,276.0,299.0,232.0,146.0,1.0,3,0.933
154,1,9.0,262.0,32.0,85.0,1.0,0,1.0
154,2,428.0,415.0,179.0,113.0,1.0,3,1.0
154,3,376.0,299.0,40.0,140.0,1.0,0,0.007
154,4,271.0,300.0,232.0,146.0,1.0,3,0.931
155,1,10.0,262.0,32.0,85.0,1.0,0,1.0
155,2,424.0,415.0,179.0,113.0,1.0,3,1.0
155,3,378.0,299.0,40.0,140.0,1.0,0,0.007
155,4,267.0,300.0,232.0,146.0,1.0,3,0.931
156,1,10.0,262.0,32.0,85.0,1.0,0,1.0
156,2,419.0,415.0,179.0,113.0,1.0,3,1.0
156,3,379.0,299.0,40.0,140.0,1.0,0,0.007
156,4,262.0,300.0,232.0,146.0,1.0,3,0.931
157,1,11.0,262.0,32.0,85.0,1.0,0,1.0
157,2,415.0,416.0,179.0,113.0,1.0,3,1.0
157,3,381.0,299.0,40.0,140.0,1.0,0,0.007
157,4,257.0,300.0,232.0,146.0,1.0,3,0.934
158,1,12.0,262.0,32.0,85.0,1.0,0,1.0
158,2,412.0,416.0,179.0,113.0,1.0,3,1.0
158,3,383.0,300.0,40.0,140.0,1.0,0,0.0
158,4,253.0,300.0,232.0,146.0,1.0,3,0.935
159,1,13.0,262.0,32.0,85.0,1.0,0,1.0
159,2,408.0,416.0,179.0,113.0,1.0,3,1.0
159,3,385.0,300.0,40.0,140.0,1.0,0,0.0
159,4,249.0,300.0,232.0,146.0,1.0,3,0.935
160,1,13.0,263.0,32.0,85.0,1.0,0,1.0
160,2,403.0,416.0,179.0,113.0,1.0,3,1.0
160,3,386.0,300.0,40.0,140.0,1.0,0,0.0
160,4,243.0,300.0,232.0,146.0,1.0,3,0.936
161,1,14.0,263.0,33.0,86.0,1.0,0,1.0
161,2,399.0,416.0,179.0,113.0,1.0,3,1.0
161,3,388.0,300.0,40.0,140.0,1.0,0,0.007
161,4,239.0,301.0,232.0,146.0,1.0,3,0.934
162,1,15.0,263.0,33.0,86.0,1.0,0,1.0
162,2,395.0,416.0,179.0,113.0,1.0,3,1.0
162,3,390.0,300.0,40.0,140.0,1.0,0,0.007
162,4,235.0,301.0,232.0,146.0,1.0,3,0.934
163,1,15.0,263.0,33.0,86.0,1.0,0,1.0
163,2,390.0,416.0,179.0,113.0,1.0,3,1.0
163,3,391.0,300.0,40.0,140.0,1.0,0,0.007
163,4,229.0,301.0,232.0,146.0,1.0,3,0.935
164,1,16.0,263.0,33.0,86.0,1.0,0,1.0
164,2,386.0,416.0,179.0,113.0,1.0,3,1.0
164,3,393.0,300.0,40.0,140.0,1.0,0,0.007
164,4,225.0,301.0,232.0,146.0,1.0,3,0.935
165,1,17.0,263.0,33.0,86.0,1.0,0,1.0
165,2,382.0,416.0,179.0,113.0,1.0,3,1.0
165,3,395.0,300.0,40.0,141.0,1.0,0,0.007
165,4,221.0,301.0,232.0,146.0,1.0,3,0.935
166,1,18.0,263.0,33.0,86.0,1.0,0,1.0
166,2,378.0,416.0,179.0,113.0,1.0,3,1.0
166,3,397.0,301.0,40.0,141.0,1.0,0,0.0
166,4,216.0,301.0,232.0,146.0,1.0,3,0.936
167,1,18.0,263.0,33.0,86.0,1.0,0,1.0
167,2,373.0,416.0,179.0,113.0,1.0,3,1.0
167,3,398.0,301.0,40.0,141.0,1.0,0,0.0
167,4,211.0,301.0,232.0,146.0,1.0,3,0.936
168,1,19.0,264.0,33.0,86.0,1.0,0,1.0
168,2,369.0,416.0,179.0,113.0,1.0,3,1.0
168,3,400.0,301.0,40.0,141.0,1.0,0,0.027
168,4,207.0,302.0,232.0,146.0,1.0,3,0.934
169,1,20.0,264.0,33.0,86.0,1.0,0,1.0
169,2,365.0,416.0,179.0,113.0,1.0,3,1.0
169,3,402.0,301.0,40.0,141.0,1.0,0,0.169
169,4,202.0,302.0,232.0,146.0,1.0,3,0.935
170,1,20.0,264.0,33.0,86.0,1.0,0,1.0
170,2,360.0,417.0,179.0,113.0,1.0,3,1.0
170,3,403.0,301.0,40.0,141.0,1.0,0,0.293
170,4,197.0,302.0,232.0,146.0,1.0,3,0.937
171,1,21.0,264.0,33.0,86.0,1.0,0,1.0
171,2,356.0,417.0,179.0,113.0,1.0,3,1.0
171,3,405.0,301.0,40.0,141.0,1.0,0,0.415
171,4,193.0,302.0,232.0,146.0,1.0,3,0.937
172,1,22.0,264.0,33.0,86.0,1.0,0,1.0
172,2,352.0,417.0,179.0,113.0,1.0,3,1.0
172,3,407.0,301.0,40.0,141.0,1.0,0,0.558
172,4,188.0,302.0,232.0,146.0,1.0,3,0.938
173,1,22.0,264.0,33.0,86.0,1.0,0,1.0
173,2,347.0,417.0,179.0,113.0,1.0,3,1.0
173,3,409.0,301.0,40.0,141.0,1.0,0,0.7
173,4,183.0,302.0,232.0,146.0,1.0,3,0.938
174,1,23.0,264.0,33.0,86.0,1.0,0,1.0
174,2,343.0,417.0,179.0,113.0,1.0,3,1.0
174,3,411.0,302.0,40.0,141.0,1.0,0,0.816
174,4,179.0,302.0,232.0,146.0,1.0,3,0.938
175,1,24.0,264.0,33.0,86.0,1.0,0,1.0
175,2,339.0,417.0,179.0,113.0,1.0,3,1.0
175,3,413.0,302.0,40.0,141.0,1.0,0,0.816
175,4,174.0,303.0,232.0,146.0,1.0,3,0.937
176,1,24.0,265.0,33.0,86.0,1.0,0,1.0
176,2,334.0,417.0,179.0,113.0,1.0,3,1.0
176,3,414.0,302.0,40.0,141.0,1.0,0,0.816
176,4,169.0,303.0,232.0,146.0,1.0,3,0.937
177,1,25.0,265.0,33.0,86.0,1.0,0,1.0
177,2,330.0,417.0,178.0,112.0,1.0,3,1.0
177,3,416.0,302.0,40.0,141.0,1.0,0,0.816
177,4,165.0,303.0,232.0,146.0,1.0,3,0.937
178,1,26.0,265.0,33.0,86.0,1.0,0,1.0
178,2,326.0,417.0,178.0,112.0,1.0,3,1.0
178,3,418.0,302.0,40.0,141.0,1.0,0,0.816
178,4,161.0,303.0,232.0,146.0,1.0,3,0.937
179,1,27.0,265.0,33.0,86.0,1.0,0,1.0
179,2,323.0,417.0,178.0,112.0,1.0,3,1.0
179,3,420.0,302.0,40.0,141.0,1.0,0,0.816
179,4,156.0,303.0,232.0,146.0,1.0,3,0.939
180,1,27.0,265.0,33.0,86.0,1.0,0,1.0
180,2,318.0,417.0,178.0,112.0,1.0,3,1.0
180,3,421.0,302.0,40.0,141.0,1.0,0,0.816
180,4,151.0,303.0,232.0,146.0,1.0,3,0.939
181,1,28.0,265.0,33.0,86.0,1.0,0,1.0
181,2,314.0,417.0,178.0,112.0,1.0,3,1.0
181,3,423.0,302.0,41.0,142.0,1.0,0,0.81
181,4,147.0,303.0,230.0,145.0,1.0,3,0.941
182,1,29.0,265.0,33.0,86.0,1.0,0,1.0
182,2,310.0,418.0,178.0,112.0,1.0,3,1.0
182,3,425.0,302.0,41.0,142.0,1.0,0,0.817
182,4,142.0,304.0,230.0,145.0,1.0,3,0.942
183,1,29.0,265.0,33.0,86.0,1.0,0,1.0
183,2,305.0,418.0,178.0,112.0,1.0,3,1.0
183,3,426.0,303.0,41.0,142.0,1.0,0,0.81
183,4,137.0,304.0,230.0,145.0,1.0,3,0.942
184,1,30.0,266.0,33.0,86.0,1.0,0,1.0
184,2,301.0,418.0,178.0,112.0,1.0,3,1.0
184,3,428.0,303.0,41.0,142.0,1.0,0,0.81
184,4,133.0,304.0,230.0,145.0,1.0,3,0.942
185,1,31.0,266.0,33.0,86.0,1.0,0,1.0
185,2,297.0,418.0,178.0,112.0,1.0,3,1.0
185,3,430.0,303.0,41.0,142.0,1.0,0,0.81
185,4,128.0,304.0,230.0,145.0,1.0,3,0.943
186,1,32.0,266.0,33.0,86.0,1.0,0,1.0
186,2,293.0,418.0,178.0,112.0,1.0,3,1.0
186,3,432.0,303.0,41.0,142.0,1.0,0,0.819
186,4,124.0,304.0,230.0,145.0,1.0,3,0.943
187,1,32.0,266.0,33.0,86.0,1.0,0,1.0
187,2,288.0,418.0,178.0,112.0,1.0,3,1.0
187,3,433.0,303.0,41.0,142.0,1.0,0,0.847
187,4,119.0,304.0,230.0,145.0,1.0,3,0.943
188,1,33.0,266.0,33.0,86.0,1.0,0,1.0
188,2,284.0,418.0,178.0,112.0,1.0,3,1.0
188,3,435.0,303.0,41.0,142.0,1.0,0,0.875
188,4,114.0,304.0,230.0,145.0,1.0,3,0.944
189,1,34.0,266.0,33.0,86.0,1.0,0,1.0
189,2,280.0,418.0,178.0,112.0,1.0,3,1.0
189,3,437.0,303.0,41.0,142.0,1.0,0,0.903
189,4,110.0,304.0,230.0,145.0,1.0,3,0.944
190,1,34.0,266.0,33.0,86.0,1.0,0,1.0
190,2,275.0,418.0,178.0,112.0,1.0,3,1.0
190,3,438.0,303.0,41.0,142.0,1.0,0,0.93
190,4,105.0,305.0,230.0,145.0,1.0,3,0.942
191,1,35.0,266.0,33.0,86.0,1.0,0,1.0
191,2,271.0,418.0,178.0,112.0,1.0,3,1.0
191,3,441.0,304.0,41.0,142.0,1.0,0,0.962
191,4,100.0,305.0,230.0,145.0,1.0,3,0.943
192,1,36.0,267.0,33.0,86.0,1.0,0,1.0
192,2,267.0,418.0,178.0,112.0,1.0,3,1.0
192,3,443.0,304.0,41.0,142.0,1.0,0,0.99
192,4,96.0,305.0,230.0,145.0,1.0,3,0.943
193,1,36.0,267.0,33.0,87.0,1.0,0,1.0
193,2,262.0,418.0,178.0,112.0,1.0,3,1.0
193,3,444.0,304.0,41.0,142.0,1.0,0,1.0
193,4,91.0,305.0,230.0,145.0,1.0,3,0.943
194,1,37.0,267.0,33.0,87.0,1.0,0,1.0
194,2,258.0,419.0,178.0,112.0,1.0,3,1.0
194,3,446.0,304.0,41.0,142.0,1.0,0,1.0
194,4,86.0,305.0,230.0,145.0,1.0,3,0.946
195,1,38.0,267.0,33.0,87.0,1.0,0,1.0
195,2,254.0,419.0,178.0,112.0,1.0,3,1.0
195,3,448.0,304.0,41.0,142.0,1.0,0,1.0
195,4,82.0,305.0,230.0,145.0,1.0,3,0.946
196,1,38.0,267.0,33.0,87.0,1.0,0,1.0
196,2,249.0,419.0,178.0,112.0,1.0,3,1.0
196,3,449.0,304.0,41.0,143.0,1.0,0,1.0
196,4,77.0,305.0,230.0,145.0,1.0,3,0.946
197,1,39.0,267.0,33.0,87.0,1.0,0,1.0
197,2,245.0,419.0,178.0,112.0,1.0,3,1.0
197,3,451.0,304.0,41.0,143.0,1.0,0,1.0
197,4,72.0,306.0,230.0,145.0,1.0,3,0.945
198,1,40.0,267.0,33.0,87.0,1.0,0,0.916
198,2,241.0,419.0,178.0,112.0,1.0,3,1.0
198,3,453.0,304.0,41.0,143.0,1.0,0,1.0
198,4,68.0,306.0,230.0,145.0,1.0,3,0.945
199,1,41.0,267.0,33.0,87.0,1.0,0,0.833
199,2,238.0,419.0,178.0,112.0,1.0,3,1.0
199,3,455.0,305.0,41.0,143.0,1.0,0,1.0
199,4,64.0,306.0,230.0,145.0,1.0,3,0.946
200,1,41.0,268.0,33.0,87.0,1.0,0,0.727
200,2,233.0,419.0,178.0,112.0,1.0,3,1.0
200,3,456.0,305.0,41.0,143.0,1.0,0,1.0
200,4,58.0,306.0,230.0,145.0,1.0,3,0.947
201,1,42.0,268.0,33.0,87.0,1.0,0,0.642
201,2,229.0,419.0,178.0,112.0,1.0,3,1.0
201,3,458.0,305.0,41.0,143.0,1.0,0,1.0
201,4,54.0,306.0,230.0,145.0,1.0,3,0.947
202,1,43.0,268.0,33.0,87.0,1.0,0,0.556
202,2,225.0,419.0,178.0,112.0,1.0,3,1.0
202,3,460.0,305.0,41.0,143.0,1.0,0,1.0
202,4,50.0,306.0,230.0,145.0,1.0,3,0.947
203,1,43.0,268.0,33.0,87.0,1.0,0,0.454
203,2,220.0,419.0,178.0,112.0,1.0,3,1.0
203,3,461.0,305.0,41.0,143.0,1.0,0,1.0
203,4,44.0,306.0,230.0,145.0,1.0,3,0.948
204,1,44.0,268.0,33.0,87.0,1.0,0,0.448
204,2,216.0,419.0,178.0,112.0,1.0,3,1.0
204,3,463.0,305.0,41.0,143.0,1.0,0,1.0
204,4,40.0,307.0,230.0,145.0,1.0,3,0.947
205,1,45.0,268.0,33.0,87.0,1.0,0,0.448
205,2,212.0,419.0,178.0,112.0,1.0,3,1.0
205,3,465.0,305.0,41.0,143.0,1.0,0,1.0
205,4,36.0,307.0,230.0,145.0,1.0,3,0.947
206,1,46.0,268.0,33.0,87.0,1.0,0,0.448
206,2,208.0,420.0,178.0,112.0,1.0,3,1.0
206,3,467.0,305.0,41.0,143.0,1.0,0,1.0
206,4,31.0,307.0,230.0,145.0,1.0,3,0.949
207,1,46.0,268.0,33.0,87.0,1.0,0,0.448
207,2,203.0,420.0,178.0,112.0,1.0,3,1.0
207,3,468.0,306.0,41.0,143.0,1.0,0,1.0
207,4,26.0,307.0,230.0,145.0,1.0,3,0.949
208,1,47.0,269.0,33.0,87.0,1.0,0,0.437
208,2,199.0,420.0,178.0,112.0,1.0,3,1.0
208,3,470.0,306.0,41.0,143.0,1.0,0,1.0
208,4,22.0,307.0,230.0,145.0,1.0,3,0.949
209,1,48.0,269.0,33.0,87.0,1.0,0,0.437
209,2,195.0,420.0,178.0,112.0,1.0,3,1.0
209,3,473.0,306.0,41.0,143.0,1.0,0,1.0
209,4,17.0,307.0,230.0,145.0,1.0,3,0.95
210,1,48.0,269.0,33.0,87.0,1.0,0,0.437
210,2,190.0,420.0,178.0,112.0,1.0,3,1.0
210,3,474.0,306.0,41.0,143.0,1.0,0,1.0
210,4,12.0,307.0,230.0,145.0,1.0,3,0.95
211,1,49.0,269.0,33.0,87.0,1.0,0,0.448
211,2,186.0,420.0,178.0,112.0,1.0,3,1.0
211,3,476.0,306.0,41.0,143.0,1.0,0,1.0
211,4,8.0,308.0,230.0,145.0,1.0,3,0.949
212,1,50.0,269.0,33.0,87.0,1.0,0,0.448
212,2,182.0,420.0,178.0,112.0,1.0,3,1.0
212,3,478.0,306.0,41.0,144.0,1.0,0,1.0
212,4,3.0,308.0,230.0,145.0,1.0,3,0.95
213,1,50.0,269.0,33.0,87.0,1.0,0,0.448
213,2,177.0,420.0,178.0,112.0,1.0,3,1.0
213,3,479.0,306.0,41.0,144.0,1.0,0,1.0
213,4,-2.0,308.0,230.0,145.0,1.0,3,0.941
214,1,51.0,269.0,33.0,87.0,1.0,0,0.448
214,2,173.0,420.0,178.0,112.0,1.0,3,1.0
214,3,481.0,306.0,41.0,144.0,1.0,0,1.0
214,4,-6.0,308.0,230.0,145.0,1.0,3,0.923
215,1,52.0,269.0,33.0,87.0,1.0,0,0.448
215,2,169.0,420.0,178.0,112.0,1.0,3,1.0
215,3,483.0,306.0,41.0,144.0,1.0,0,1.0
215,4,-11.0,308.0,230.0,145.0,1.0,3,0.903
216,1,52.0,270.0,33.0,87.0,1.0,0,0.437
216,2,164.0,420.0,178.0,112.0,1.0,3,1.0
216,3,484.0,307.0,41.0,144.0,1.0,0,1.0
216,4,-16.0,308.0,230.0,145.0,1.0,3,0.881
217,1,53.0,270.0,33.0,87.0,1.0,0,0.437
217,2,160.0,420.0,178.0,112.0,1.0,3,1.0
217,3,486.0,307.0,41.0,144.0,1.0,0,1.0
217,4,-20.0,308.0,230.0,145.0,1.0,3,0.864
218,1,54.0,270.0,33.0,87.0,1.0,0,0.437
218,2,156.0,421.0,178.0,112.0,1.0,3,1.0
218,3,488.0,307.0,41.0,144.0,1.0,0,1.0
218,4,-24.0,308.0,230.0,145.0,1.0,3,0.848
219,1,55.0,270.0,33.0,87.0,1.0,0,0.448
219,2,152.0,421.0,178.0,112.0,1.0,3,1.0
219,3,490.0,307.0,41.0,144.0,1.0,0,1.0
219,4,-29.0,309.0,230.0,145.0,1.0,3,0.825
220,1,55.0,270.0,33.0,87.0,1.0,0,0.448
220,2,148.0,421.0,178.0,112.0,1.0,3,1.0
220,3,491.0,307.0,41.0,144.0,1.0,0,1.0
220,4,-34.0,309.0,229.0,144.0,1.0,3,0.806
221,1,56.0,270.0,33.0,87.0,1.0,0,0.448
221,2,144.0,421.0,178.0,112.0,1.0,3,1.0
221,3,493.0,307.0,41.0,144.0,1.0,0,1.0
221,4,-38.0,309.0,229.0,144.0,1.0,3,0.788
222,1,57.0,270.0,33.0,87.0,1.0,0,0.448
222,2,140.0,421.0,178.0,112.0,1.0,3,1.0
222,3,495.0,307.0,41.0,144.0,1.0,0,1.0
222,4,-43.0,309.0,229.0,144.0,1.0,3,0.768
223,1,57.0,270.0,33.0,87.0,1.0,0,0.448
223,2,135.0,421.0,178.0,112.0,1.0,3,1.0
223,3,496.0,307.0,41.0,144.0,1.0,0,1.0
223,4,-48.0,309.0,229.0,144.0,1.0,3,0.746
224,1,58.0,271.0,34.0,88.0,1.0,0,0.432
224,2,131.0,421.0,178.0,112.0,1.0,3,1.0
224,3,498.0,308.0,41.0,144.0,1.0,0,1.0
224,4,-52.0,309.0,229.0,144.0,1.0,3,0.728
225,1,59.0,271.0,34.0,88.0,1.0,0,0.432
225,2,127.0,421.0,178.0,112.0,1.0,3,1.0
225,3,500.0,308.0,41.0,144.0,1.0,0,1.0
225,4,-57.0,309.0,229.0,144.0,1.0,3,0.707
226,1,60.0,271.0,34.0,88.0,1.0,0,0.443
226,2,123.0,421.0,178.0,112.0,1.0,3,1.0
226,3,502.0,308.0,41.0,144.0,1.0,0,1.0
226,4,-61.0,310.0,229.0,144.0,1.0,3,0.689
227,1,60.0,271.0,34.0,88.0,1.0,0,0.443
227,2,118.0,421.0,178.0,112.0,1.0,3,1.0
227,3,504.0,308.0,42.0,145.0,1.0,0,1.0
227,4,-66.0,310.0,229.0,144.0,1.0,3,0.667
228,1,61.0,271.0,34.0,88.0,1.0,0,0.443
228,2,114.0,421.0,178.0,112.0,1.0,3,1.0
228,3,506.0,308.0,42.0,145.0,1.0,0,1.0
228,4,-71.0,310.0,229.0,144.0,1.0,3,0.646
229,1,62.0,271.0,34.0,88.0,1.0,0,0.443
229,2,110.0,421.0,178.0,112.0,1.0,3,1.0
229,3,508.0,308.0,42.0,145.0,1.0,0,1.0
229,4,-75.0,310.0,229.0,144.0,1.0,3,0.628
230,1,62.0,271.0,34.0,88.0,1.0,0,0.443
230,2,105.0,421.0,178.0,112.0,1.0,3,1.0
230,3,509.0,308.0,42.0,145.0,1.0,0,1.0
230,4,-80.0,310.0,229.0,144.0,1.0,3,0.607
231,1,63.0,271.0,34.0,88.0,1.0,0,0.443
231,2,101.0,422.0,178.0,112.0,1.0,3,1.0
231,3,511.0,308.0,42.0,145.0,1.0,0,1.0
231,4,-85.0,310.0,229.0,144.0,1.0,3,0.587
232,1,64.0,272.0,34.0,88.0,1.0,0,0.432
232,2,97.0,422.0,178.0,112.0,1.0,3,1.0
232,3,513.0,309.0,42.0,145.0,1.0,0,1.0
232,4,-89.0,310.0,229.0,144.0,1.0,3,0.57
233,1,64.0,272.0,34.0,88.0,1.0,0,0.443
233,2,92.0,422.0,178.0,112.0,1.0,3,1.0
233,3,514.0,309.0,42.0,145.0,1.0,0,1.0
233,4,-94.0,311.0,229.0,144.0,1.0,3,0.546
234,1,65.0,272.0,34.0,88.0,1.0,0,0.443
234,2,88.0,422.0,178.0,112.0,1.0,3,1.0
234,3,516.0,309.0,42.0,145.0,1.0,0,1.0
234,4,-99.0,311.0,229.0,144.0,1.0,3,0.526
235,1,66.0,272.0,34.0,88.0,1.0,0,0.443
235,2,84.0,422.0,178.0,112.0,1.0,3,1.0
235,3,518.0,309.0,42.0,145.0,1.0,0,1.0
235,4,-103.0,311.0,229.0,144.0,1.0,3,0.508
236,1,66.0,272.0,34.0,88.0,1.0,0,0.443
236,2,79.0,422.0,178.0,112.0,1.0,3,1.0
236,3,519.0,309.0,42.0,145.0,1.0,0,1.0
236,4,-108.0,311.0,229.0,144.0,1.0,3,0.486
237,1,67.0,272.0,34.0,88.0,1.0,0,0.443
237,2,75.0,422.0,178.0,112.0,1.0,3,1.0
237,3,521.0,309.0,42.0,145.0,1.0,0,1.0
237,4,-113.0,311.0,229.0,144.0,1.0,3,0.466
238,1,68.0,272.0,34.0,88.0,1.0,0,0.443
238,2,71.0,422.0,178.0,112.0,1.0,3,1.0
238,3,523.0,309.0,42.0,145.0,1.0,0,1.0
238,4,-117.0,311.0,229.0,144.0,1.0,3,0.448
239,1,69.0,272.0,34.0,88.0,1.0,0,0.443
239,2,67.0,422.0,178.0,112.0,1.0,3,1.0
239,3,525.0,309.0,42.0,145.0,1.0,0,1.0
239,4,-121.0,311.0,229.0,144.0,1.0,3,0.431
240,1,69.0,273.0,34.0,88.0,1.0,0,0.46
240,2,62.0,422.0,178.0,112.0,1.0,3,1.0
240,3,526.0,310.0,42.0,145.0,1.0,0,1.0
240,4,-127.0,312.0,229.0,144.0,1.0,3,0.404
241,1,70.0,273.0,34.0,88.0,1.0,0,0.541
241,2,59.0,422.0,176.0,111.0,1.0,3,1.0
241,3,528.0,310.0,42.0,145.0,1.0,0,1.0
241,4,-131.0,312.0,229.0,144.0,1.0,3,0.388
242,1,71.0,273.0,34.0,88.0,1.0,0,0.623
242,2,55.0,422.0,176.0,111.0,1.0,3,1.0
242,3,530.0,310.0,42.0,145.0,1.0,0,1.0
242,4,-135.0,312.0,229.0,144.0,1.0,3,0.37
243,1,71.0,273.0,34.0,88.0,1.0,0,0.722
243,2,50.0,423.0,176.0,111.0,1.0,3,1.0
243,3,531.0,310.0,42.0,146.0,1.0,0,1.0
243,4,-141.0,312.0,229.0,144.0,1.0,3,0.346
244,1,72.0,273.0,34.0,88.0,1.0,0,0.803
244,2,46.0,423.0,176.0,111.0,1.0,3,1.0
244,3,533.0,310.0,42.0,146.0,1.0,0,1.0
244,4,-145.0,312.0,229.0,144.0,1.0,3,0.329
245,1,73.0,273.0,34.0,88.0,1.0,0,0.885
245,2,42.0,423.0,176.0,111.0,1.0,3,1.0
245,3,536.0,310.0,42.0,146.0,1.0,0,1.0
245,4,-149.0,312.0,229.0,144.0,1.0,3,0.311
246,1,74.0,273.0,34.0,88.0,1.0,0,0.984
246,2,38.0,423.0,176.0,111.0,1.0,3,1.0
246,3,538.0,310.0,42.0,146.0,1.0,0,1.0
246,4,-154.0,312.0,229.0,144.0,1.0,3,0.29
247,1,74.0,273.0,34.0,88.0,1.0,0,1.0
247,2,33.0,423.0,176.0,111.0,1.0,3,1.0
247,3,539.0,310.0,42.0,146.0,1.0,0,1.0
247,4,-159.0,313.0,229.0,144.0,1.0,3,0.268
248,1,75.0,274.0,34.0,88.0,1.0,0,1.0
248,2,29.0,423.0,176.0,111.0,1.0,3,1.0
248,3,541.0,311.0,42.0,146.0,1.0,0,1.0
248,4,-163.0,313.0,229.0,144.0,1.0,3,0.25
249,1,76.0,274.0,34.0,88.0,1.0,0,1.0
249,2,25.0,423.0,176.0,111.0,1.0,3,1.0
249,3,543.0,311.0,42.0,146.0,1.0,0,1.0
249,4,-168.0,313.0,229.0,144.0,1.0,3,0.229
250,1,76.0,274.0,34.0,88.0,1.0,0,1.0
250,2,20.0,423.0,176.0,111.0,1.0,3,1.0
250,3,544.0,311.0,42.0,146.0,1.0,0,1.0
250,4,-173.0,313.0,229.0,144.0,1.0,3,0.207
251,1,77.0,274.0,34.0,88.0,1.0,0,1.0
251,2,16.0,423.0,176.0,111.0,1.0,3,1.0
251,3,546.0,311.0,42.0,146.0,1.0,0,1.0
251,4,-177.0,313.0,229.0,144.0,1.0,3,0.19
252,1,78.0,274.0,34.0,88.0,1.0,0,1.0
252,2,12.0,423.0,176.0,111.0,1.0,3,1.0
252,3,548.0,311.0,42.0,146.0,1.0,0,1.0
252,4,-182.0,313.0,229.0,144.0,1.0,3,0.169
253,1,78.0,274.0,34.0,88.0,1.0,0,1.0
253,2,7.0,423.0,176.0,111.0,1.0,3,1.0
253,3,549.0,311.0,42.0,146.0,1.0,0,1.0
253,4,-187.0,313.0,229.0,144.0,1.0,3,0.147
254,1,79.0,274.0,34.0,88.0,1.0,0,1.0
254,2,3.0,423.0,176.0,111.0,1.0,3,1.0
254,3,551.0,311.0,42.0,146.0,1.0,0,1.0
254,4,-191.0,313.0,229.0,144.0,1.0,3,0.13
255,1,80.0,274.0,34.0,89.0,1.0,0,1.0
255,2,-1.0,424.0,176.0,111.0,1.0,3,0.994
255,3,553.0,311.0,42.0,146.0,1.0,0,1.0
255,4,-196.0,314.0,229.0,144.0,1.0,3,0.11
256,1,80.0,275.0,34.0,89.0,1.0,0,1.0
256,2,-6.0,424.0,176.0,111.0,1.0,3,0.966
256,3,554.0,311.0,42.0,146.0,1.0,0,1.0
256,4,-201.0,314.0,229.0,144.0,1.0,3,0.093
257,1,81.0,275.0,34.0,89.0,1.0,0,1.0
257,2,-10.0,424.0,176.0,111.0,1.0,3,0.943
257,3,556.0,312.0,42.0,146.0,1.0,0,1.0
257,4,-205.0,314.0,229.0,144.0,1.0,3,0.08
258,1,82.0,275.0,34.0,89.0,1.0,0,1.0
258,2,-14.0,424.0,176.0,111.0,1.0,3,0.92
258,3,558.0,312.0,42.0,147.0,1.0,0,1.0
258,4,-210.0,314.0,229.0,144.0,1.0,3,0.063
259,1,83.0,275.0,34.0,89.0,1.0,0,1.0
259,2,-18.0,424.0,176.0,111.0,1.0,3,0.898
259,3,560.0,312.0,42.0,147.0,1.0,0,1.0
259,4,-214.0,314.0,227.0,143.0,1.0,3,0.044
260,1,83.0,275.0,34.0,89.0,1.0,0,1.0
260,2,-23.0,424.0,176.0,111.0,1.0,3,0.869
260,3,561.0,312.0,42.0,147.0,1.0,0,1.0
260,4,-219.0,314.0,227.0,143.0,1.0,3,0.027
261,1,84.0,275.0,34.0,89.0,1.0,0,1.0
261,2,-26.0,424.0,176.0,111.0,1.0,3,0.852
261,3,563.0,312.0,42.0,147.0,1.0,0,1.0
261,4,-223.0,314.0,227.0,143.0,1.0,3,0.014
262,1,85.0,275.0,34.0,89.0,1.0,0,1.0
262,2,-30.0,424.0,176.0,111.0,1.0,3,0.83
262,3,565.0,312.0,42.0,147.0,1.0,0,1.0
263,1,85.0,275.0,34.0,89.0,1.0,0,1.0
263,2,-35.0,424.0,176.0,111.0,1.0,3,0.801
263,3,567.0,312.0,42.0,147.0,1.0,0,1.0
264,1,86.0,276.0,34.0,89.0,1.0,0,1.0
264,2,-39.0,424.0,176.0,111.0,1.0,3,0.778
264,3,569.0,312.0,42.0,147.0,1.0,0,1.0
265,1,87.0,276.0,34.0,89.0,1.0,0,1.0
265,2,-43.0,424.0,176.0,111.0,1.0,3,0.756
265,3,571.0,313.0,42.0,147.0,1.0,0,1.0
266,1,88.0,276.0,34.0,89.0,1.0,0,1.0
266,2,-47.0,424.0,176.0,111.0,1.0,3,0.733
266,3,573.0,313.0,42.0,147.0,1.0,0,1.0
267,1,88.0,276.0,34.0,89.0,1.0,0,1.0
267,2,-52.0,425.0,176.0,111.0,1.0,3,0.705
267,3,574.0,313.0,42.0,147.0,1.0,0,1.0
268,1,89.0,276.0,34.0,89.0,1.0,0,1.0
268,2,-56.0,425.0,176.0,111.0,1.0,3,0.682
268,3,576.0,313.0,42.0,147.0,1.0,0,1.0
269,1,90.0,276.0,34.0,89.0,1.0,0,1.0
269,2,-60.0,425.0,176.0,111.0,1.0,3,0.659
269,3,578.0,313.0,42.0,147.0,1.0,0,1.0
270,1,90.0,276.0,34.0,89.0,1.0,0,1.0
270,2,-65.0,425.0,176.0,111.0,1.0,3,0.631
270,3,579.0,313.0,42.0,147.0,1.0,0,1.0
271,1,91.0,276.0,34.0,89.0,1.0,0,1.0
271,2,-69.0,425.0,176.0,111.0,1.0,3,0.608
271,3,581.0,313.0,42.0,147.0,1.0,0,1.0
272,1,92.0,277.0,34.0,89.0,1.0,0,1.0
272,2,-73.0,425.0,176.0,111.0,1.0,3,0.585
272,3,583.0,313.0,42.0,147.0,1.0,0,1.0
273,1,92.0,277.0,34.0,89.0,1.0,0,1.0
273,2,-78.0,425.0,176.0,111.0,1.0,3,0.557
273,3,584.0,314.0,43.0,148.0,1.0,0,1.0
274,1,93.0,277.0,34.0,89.0,1.0,0,1.0
274,2,-82.0,425.0,176.0,111.0,1.0,3,0.534
274,3,586.0,314.0,43.0,148.0,1.0,0,1.0
275,1,94.0,277.0,34.0,89.0,1.0,0,1.0
275,2,-86.0,425.0,176.0,111.0,1.0,3,0.511
275,3,588.0,314.0,43.0,148.0,1.0,0,1.0
276,1,94.0,277.0,34.0,89.0,1.0,0,1.0
276,2,-91.0,425.0,176.0,111.0,1.0,3,0.483
276,3,589.0,314.0,43.0,148.0,1.0,0,1.0
277,1,95.0,277.0,34.0,89.0,1.0,0,1.0
277,2,-95.0,425.0,176.0,111.0,1.0,3,0.46
277,3,591.0,314.0,43.0,148.0,1.0,0,1.0
278,1,96.0,277.0,34.0,89.0,1.0,0,1.0
278,2,-99.0,425.0,176.0,111.0,1.0,3,0.438
278,3,593.0,314.0,43.0,148.0,1.0,0,1.0
279,1,97.0,277.0,34.0,89.0,1.0,0,1.0
279,2,-103.0,426.0,176.0,111.0,1.0,3,0.415
279,3,595.0,314.0,43.0,148.0,1.0,0,1.0
280,1,97.0,278.0,34.0,89.0,1.0,0,1.0
280,2,-108.0,426.0,176.0,111.0,1.0,3,0.386
280,3,596.0,314.0,43.0,148.0,1.0,0,1.0
281,1,98.0,278.0,34.0,89.0,1.0,0,1.0
281,2,-112.0,426.0,176.0,111.0,1.0,3,0.364
281,3,599.0,315.0,43.0,148.0,1.0,0,1.0
282,1,99.0,278.0,34.0,89.0,1.0,0,1.0
282,2,-115.0,426.0,176.0,111.0,1.0,3,0.347
282,3,601.0,315.0,43.0,148.0,1.0,0,1.0
283,1,99.0,278.0,34.0,89.0,1.0,0,1.0
283,2,-120.0,426.0,176.0,111.0,1.0,3,0.318
283,3,602.0,315.0,43.0,148.0,1.0,0,1.0
284,1,100.0,278.0,34.0,89.0,1.0,0,1.0
284,2,-124.0,426.0,176.0,111.0,1.0,3,0.295
284,3,604.0,315.0,43.0,148.0,1.0,0,1.0
285,1,101.0,278.0,34.0,89.0,1.0,0,1.0
285,2,-128.0,426.0,176.0,111.0,1.0,3,0.273
285,3,606.0,315.0,43.0,148.0,1.0,0,1.0
286,1,102.0,278.0,34.0,90.0,1.0,0,1.0
286,2,-132.0,426.0,176.0,111.0,1.0,3,0.25
286,3,608.0,315.0,43.0,148.0,1.0,0,1.0
287,1,102.0,278.0,34.0,90.0,1.0,0,1.0
287,2,-137.0,426.0,176.0,111.0,1.0,3,0.222
287,3,609.0,315.0,43.0,148.0,1.0,0,1.0
288,1,103.0,279.0,34.0,90.0,1.0,0,1.0
288,2,-141.0,426.0,176.0,111.0,1.0,3,0.199
288,3,611.0,315.0,43.0,148.0,1.0,0,1.0
289,1,104.0,279.0,34.0,90.0,1.0,0,1.0
289,2,-145.0,426.0,176.0,111.0,1.0,3,0.176
289,3,613.0,316.0,43.0,149.0,1.0,0,1.0
290,1,104.0,279.0,34.0,90.0,1.0,0,1.0
290,2,-150.0,426.0,176.0,111.0,1.0,3,0.148
290,3,614.0,316.0,43.0,149.0,1.0,0,1.0
291,1,105.0,279.0,34.0,90.0,1.0,0,1.0
291,2,-154.0,426.0,176.0,111.0,1.0,3,0.125
291,3,616.0,316.0,43.0,149.0,1.0,0,1.0
292,1,106.0,279.0,34.0,90.0,1.0,0,1.0
292,2,-158.0,427.0,176.0,111.0,1.0,3,0.102
292,3,618.0,316.0,43.0,149.0,1.0,0,1.0
293,1,106.0,279.0,34.0,90.0,1.0,0,1.0
293,2,-163.0,427.0,176.0,111.0,1.0,3,0.074
293,3,619.0,316.0,43.0,149.0,1.0,0,1.0
294,1,107.0,279.0,34.0,90.0,1.0,0,1.0
294,2,-167.0,427.0,176.0,111.0,1.0,3,0.051
294,3,621.0,316.0,43.0,149.0,1.0,0,1.0
295,1,108.0,279.0,34.0,90.0,1.0,0,1.0
295,2,-171.0,427.0,176.0,111.0,1.0,3,0.028
295,3,623.0,316.0,43.0,149.0,1.0,0,1.0
296,1,108.0,280.0,34.0,90.0,1.0,0,1.0
296,3,624.0,316.0,43.0,149.0,1.0,0,1.0
297,1,109.0,280.0,34.0,90.0,1.0,0,1.0
297,3,626.0,316.0,43.0,149.0,1.0,0,1.0
298,1,110.0,280.0,34.0,90.0,1.0,0,1.0
298,3,628.0,317.0,43.0,149.0,1.0,0,1.0
299,1,111.0,280.0,34.0,90.0,1.0,0,1.0
299,3,630.0,317.0,43.0,149.0,1.0,0,1.0
300,1,111.0,280.0,34.0,90.0,1.0,0,1.0
300,3,632.0,317.0,43.0,149.0,1.0,0,1.0
301,1,112.0,280.0,34.0,90.0,1.0,0,1.0
301,3,634.0,317.0,43.0,149.0,1.0,0,1.0
302,1,113.0,280.0,34.0,90.0,1.0,0,1.0
302,3,636.0,317.0,43.0,149.0,1.0,0,1.0
303,1,113.0,280.0,34.0,90.0,1.0,0,1.0
303,3,637.0,317.0,43.0,149.0,1.0,0,1.0
304,1,114.0,281.0,34.0,90.0,1.0,0,1.0
304,3,639.0,317.0,43.0,150.0,1.0,0,1.0
305,1,115.0,281.0,34.0,90.0,1.0,0,1.0
305,3,641.0,317.0,43.0,150.0,1.0,0,1.0
306,1,116.0,281.0,34.0,90.0,1.0,0,1.0
306,3,643.0,318.0,43.0,150.0,1.0,0,1.0
307,1,116.0,281.0,34.0,90.0,1.0,0,1.0
307,3,644.0,318.0,43.0,150.0,1.0,0,1.0
308,1,117.0,281.0,34.0,90.0,1.0,0,1.0
308,3,646.0,318.0,43.0,150.0,1.0,0,1.0
309,1,118.0,281.0,34.0,90.0,1.0,0,1.0
309,3,648.0,318.0,43.0,150.0,1.0,0,1.0
310,1,118.0,281.0,34.0,90.0,1.0,0,1.0
310,3,649.0,318.0,43.0,150.0,1.0,0,1.0
311,1,119.0,281.0,34.0,90.0,1.0,0,1.0
311,3,651.0,318.0,43.0,150.0,1.0,0,1.0
312,1,120.0,282.0,34.0,90.0,1.0,0,1.0
312,3,653.0,318.0,43.0,150.0,1.0,0,1.0
313,1,120.0,282.0,34.0,90.0,1.0,0,1.0
313,3,654.0,318.0,43.0,150.0,1.0,0,1.0
314,1,121.0,282.0,34.0,90.0,1.0,0,1.0
314,3,656.0,319.0,43.0,150.0,1.0,0,1.0
315,1,122.0,282.0,34.0,90.0,1.0,0,1.0
315,3,658.0,319.0,43.0,150.0,1.0,0,1.0
316,1,122.0,282.0,34.0,90.0,1.0,0,1.0
316,3,659.0,319.0,43.0,150.0,1.0,0,1.0
317,1,123.0,282.0,35.0,91.0,1.0,0,1.0
317,3,661.0,319.0,43.0,150.0,1.0,0,1.0
318,1,124.0,282.0,35.0,91.0,1.0,0,1.0
318,3,664.0,319.0,43.0,150.0,1.0,0,1.0
319,1,125.0,282.0,35.0,91.0,1.0,0,1.0
319,3,666.0,319.0,43.0,150.0,1.0,0,1.0
320,1,125.0,283.0,35.0,91.0,1.0,0,1.0
320,3,667.0,319.0,43.0,151.0,1.0,0,1.0
321,1,126.0,283.0,35.0,91.0,1.0,0,1.0
321,3,669.0,319.0,43.0,151.0,1.0,0,1.0
322,1,127.0,283.0,35.0,91.0,1.0,0,1.0
322,3,671.0,320.0,43.0,151.0,1.0,0,1.0
323,1,127.0,283.0,35.0,91.0,1.0,0,1.0
323,3,672.0,320.0,43.0,151.0,1.0,0,1.0
324,1,128.0,283.0,35.0,91.0,1.0,0,1.0
324,3,674.0,320.0,43.0,151.0,1.0,0,1.0
325,1,129.0,283.0,35.0,91.0,1.0,0,1.0
325,3,676.0,320.0,43.0,151.0,1.0,0,1.0
326,1,130.0,283.0,35.0,91.0,1.0,0,1.0
326,3,678.0,320.0,43.0,151.0,1.0,0,1.0
327,1,130.0,283.0,35.0,91.0,1.0,0,1.0
327,3,679.0,320.0,43.0,151.0,1.0,0,1.0
328,1,131.0,283.0,35.0,91.0,1.0,0,1.0
328,3,681.0,320.0,43.0,151.0,1.0,0,1.0
329,1,132.0,284.0,35.0,91.0,1.0,0,1.0
329,3,683.0,320.0,43.0,151.0,1.0,0,1.0
330,1,132.0,284.0,35.0,91.0,1.0,0,1.0
330,3,684.0,320.0,43.0,151.0,1.0,0,1.0
331,1,133.0,284.0,35.0,91.0,1.0,0,1.0
331,3,686.0,321.0,43.0,151.0,1.0,0,1.0
332,1,134.0,284.0,35.0,91.0,1.0,0,1.0
332,3,688.0,321.0,43.0,151.0,1.0,0,1.0
333,1,134.0,284.0,35.0,91.0,1.0,0,1.0
334,1,135.0,284.0,35.0,91.0,1.0,0,1.0
335,1,136.0,284.0,35.0,91.0,1.0,0,1.0
336,1,136.0,284.0,35.0,91.0,1.0,0,1.0
337,1,137.0,285.0,35.0,91.0,1.0,0,1.0
338,1,138.0,285.0,35.0,91.0,1.0,0,1.0
339,1,139.0,285.0,35.0,91.0,1.0,0,1.0
340,1,139.0,285.0,35.0,91.0,1.0,0,1.0
341,1,140.0,285.0,35.0,91.0,1.0,0,1.0
342,1,141.0,285.0,35.0,91.0,1.0,0,1.0
343,1,141.0,285.0,35.0,91.0,1.0,0,1.0
344,1,142.0,285.0,35.0,91.0,1.0,0,1.0
345,1,143.0,286.0,35.0,91.0,1.0,0,1.0
346,1,144.0,286.0,35.0,91.0,1.0,0,1.0
347,1,144.0,286.0,35.0,91.0,1.0,0,1.0
348,1,145.0,286.0,35.0,91.0,1.0,0,1.0
349,1,146.0,286.0,35.0,92.0,1.0,0,1.0
350,1,146.0,286.0,35.0,92.0,1.0,0,1.0
351,1,147.0,286.0,35.0,92.0,1.0,0,1.0
352,1,148.0,286.0,35.0,92.0,1.0,0,1.0
353,1,148.0,287.0,35.0,92.0,1.0,0,1.0
354,1,149.0,287.0,35.0,92.0,1.0,0,1.0
355,1,150.0,287.0,35.0,92.0,1.0,0,1.0
356,1,150.0,287.0,35.0,92.0,1.0,0,1.0
357,1,151.0,287.0,35.0,92.0,1.0,0,1.0
358,1,152.0,287.0,35.0,92.0,1.0,0,1.0
359,1,153.0,287.0,35.0,92.0,1.0,0,1.0
360,1,153.0,287.0,35.0,92.0,1.0,0,1.0
361,1,154.0,288.0,35.0,92.0,1.0,0,1.0
362,1,155.0,288.0,35.0,92.0,1.0,0,1.0
363,1,155.0,288.0,35.0,92.0,1.0,0,1.0
364,1,156.0,288.0,35.0,92.0,1.0,0,1.0
365,1,157.0,288.0,35.0,92.0,1.0,0,1.0
366,1,158.0,288.0,35.0,92.0,1.0,0,1.0
367,1,158.0,288.0,35.0,92.0,1.0,0,1.0
368,1,159.0,288.0,35.0,92.0,1.0,0,1.0
369,1,160.0,289.0,35.0,92.0,1.0,0,1.0
370,1,160.0,289.0,35.0,92.0,1.0,0,1.0
371,1,161.0,289.0,35.0,92.0,1.0,0,1.0
372,1,162.0,289.0,35.0,92.0,1.0,0,1.0
373,1,162.0,289.0,35.0,92.0,1.0,0,1.0
374,1,163.0,289.0,35.0,92.0,1.0,0,1.0
375,1,164.0,289.0,35.0,92.0,1.0,0,1.0
376,1,164.0,289.0,35.0,92.0,1.0,0,1.0
377,1,165.0,290.0,35.0,92.0,1.0,0,1.0
378,1,166.0,290.0,35.0,92.0,1.0,0,1.0
379,1,167.0,290.0,35.0,92.0,1.0,0,1.0
380,1,167.0,290.0,35.0,93.0,1.0,0,1.0
381,1,168.0,290.0,35.0,93.0,1.0,0,1.0
382,1,169.0,290.0,35.0,93.0,1.0,0,1.0
383,1,169.0,290.0,35.0,93.0,1.0,0,1.0
384,1,170.0,290.0,35.0,93.0,1.0,0,1.0
385,1,171.0,291.0,35.0,93.0,1.0,0,1.0
386,1,172.0,291.0,35.0,93.0,1.0,0,1.0
387,1,172.0,291.0,35.0,93.0,1.0,0,1.0
388,1,173.0,291.0,35.0,93.0,1.0,0,1.0
389,1,174.0,291.0,35.0,93.0,1.0,0,1.0
390,1,174.0,291.0,35.0,93.0,1.0,0,1.0
391,1,175.0,291.0,35.0,93.0,1.0,0,1.0
392,1,176.0,291.0,35.0,93.0,1.0,0,1.0
393,1,176.0,292.0,35.0,93.0,1.0,0,1.0
394,1,177.0,292.0,35.0,93.0,1.0,0,1.0
395,1,178.0,292.0,35.0,93.0,1.0,0,1.0
396,1,178.0,292.0,35.0,93.0,1.0,0,1.0
397,1,179.0,292.0,35.0,93.0,1.0,0,1.0
398,1,180.0,292.0,35.0,93.0,1.0,0,1.0
399,1,181.0,292.0,35.0,93.0,1.0,0,1.0
400,1,181.0,292.0,35.0,93.0,1.0,0,1.0
401,1,182.0,293.0,35.0,93.0,1.0,0,1.0
402,1,183.0,293.0,35.0,93.0,1.0,0,1.0
403,1,183.0,293.0,35.0,93.0,1.0,0,1.0
404,1,184.0,293.0,35.0,93.0,1.0,0,1.0
405,1,185.0,293.0,35.0,93.0,1.0,0,1.0
406,1,186.0,293.0,35.0,93.0,1.0,0,1.0
407,1,186.0,293.0,35.0,93.0,1.0,0,1.0
408,1,187.0,293.0,35.0,93.0,1.0,0,1.0
409,1,188.0,294.0,35.0,93.0,1.0,0,1.0
410,1,188.0,294.0,35.0,93.0,1.0,0,1.0
411,1,189.0,294.0,36.0,94.0,1.0,0,1.0
411,4,467.0,335.0,222.0,140.0,1.0,3,1.0
412,1,190.0,294.0,36.0,94.0,1.0,0,1.0
412,4,463.0,335.0,222.0,140.0,1.0,3,1.0
413,1,190.0,294.0,36.0,94.0,1.0,0,1.0
413,4,457.0,335.0,222.0,140.0,1.0,3,1.0
414,1,191.0,294.0,36.0,94.0,1.0,0,1.0
414,4,453.0,336.0,222.0,140.0,1.0,3,1.0
415,1,192.0,294.0,36.0,94.0,1.0,0,1.0
415,4,449.0,336.0,222.0,140.0,1.0,3,1.0
416,1,192.0,294.0,36.0,94.0,1.0,0,1.0
416,4,443.0,336.0,221.0,139.0,1.0,3,1.0
417,1,193.0,295.0,36.0,94.0,1.0,0,1.0
417,4,439.0,336.0,221.0,139.0,1.0,3,1.0
418,1,194.0,295.0,36.0,94.0,1.0,0,1.0
418,4,435.0,336.0,221.0,139.0,1.0,3,1.0
419,1,195.0,295.0,36.0,94.0,1.0,0,1.0
419,4,430.0,336.0,221.0,139.0,1.0,3,1.0
420,1,195.0,295.0,36.0,94.0,1.0,0,1.0
420,4,425.0,336.0,221.0,139.0,1.0,3,1.0
421,1,196.0,295.0,36.0,94.0,1.0,0,1.0
421,4,421.0,337.0,221.0,139.0,1.0,3,1.0
422,1,197.0,295.0,36.0,94.0,1.0,0,1.0
422,4,416.0,337.0,221.0,139.0,1.0,3,1.0
423,1,197.0,295.0,36.0,94.0,1.0,0,1.0
423,4,411.0,337.0,221.0,139.0,1.0,3,1.0
424,1,198.0,295.0,36.0,94.0,1.0,0,1.0
424,4,407.0,337.0,221.0,139.0,1.0,3,1.0
425,1,199.0,296.0,36.0,94.0,1.0,0,1.0
425,4,402.0,337.0,221.0,139.0,1.0,3,1.0
426,1,200.0,296.0,36.0,94.0,1.0,0,1.0
426,4,398.0,337.0,221.0,139.0,1.0,3,1.0
427,1,200.0,296.0,36.0,94.0,1.0,0,1.0
427,4,393.0,337.0,221.0,139.0,1.0,3,1.0
428,1,201.0,296.0,36.0,94.0,1.0,0,1.0
428,4,388.0,338.0,221.0,139.0,1.0,3,1.0
429,1,202.0,296.0,36.0,94.0,1.0,0,1.0
429,4,384.0,338.0,221.0,139.0,1.0,3,1.0
430,1,202.0,296.0,36.0,94.0,1.0,0,1.0
430,4,379.0,338.0,221.0,139.0,1.0,3,1.0
431,1,203.0,296.0,36.0,94.0,1.0,0,1.0
431,4,374.0,338.0,221.0,139.0,1.0,3,1.0
432,1,204.0,296.0,36.0,94.0,1.0,0,1.0
432,4,370.0,338.0,221.0,139.0,1.0,3,1.0
433,1,204.0,297.0,36.0,94.0,1.0,0,1.0
433,4,365.0,338.0,221.0,139.0,1.0,3,1.0
434,1,205.0,297.0,36.0,94.0,1.0,0,1.0
434,4,361.0,338.0,221.0,139.0,1.0,3,1.0
435,1,206.0,297.0,36.0,94.0,1.0,0,1.0
435,4,356.0,339.0,221.0,139.0,1.0,3,1.0
436,1,206.0,297.0,36.0,94.0,1.0,0,1.0
436,4,351.0,339.0,221.0,139.0,1.0,3,1.0
437,1,207.0,297.0,36.0,94.0,1.0,0,1.0
437,4,347.0,339.0,221.0,139.0,1.0,3,1.0
438,1,208.0,297.0,36.0,94.0,1.0,0,1.0
438,4,342.0,339.0,221.0,139.0,1.0,3,1.0
439,1,209.0,297.0,36.0,94.0,1.0,0,1.0
439,4,338.0,339.0,221.0,139.0,1.0,3,1.0
440,1,209.0,297.0,36.0,94.0,1.0,0,1.0
440,4,333.0,339.0,221.0,139.0,1.0,3,1.0
441,1,210.0,298.0,36.0,94.0,1.0,0,1.0
441,4,328.0,339.0,221.0,139.0,1.0,3,1.0
442,1,211.0,298.0,36.0,95.0,1.0,0,1.0
442,4,324.0,339.0,221.0,139.0,1.0,3,1.0
443,1,211.0,298.0,36.0,95.0,1.0,0,1.0
443,4,319.0,340.0,221.0,139.0,1.0,3,1.0
444,1,212.0,298.0,36.0,95.0,1.0,0,1.0
444,4,314.0,340.0,221.0,139.0,1.0,3,1.0
445,1,213.0,298.0,36.0,95.0,1.0,0,1.0
445,4,310.0,340.0,221.0,139.0,1.0,3,1.0
446,1,214.0,298.0,36.0,95.0,1.0,0,1.0
446,4,306.0,340.0,221.0,139.0,1.0,3,1.0
447,1,214.0,298.0,36.0,95.0,1.0,0,1.0
447,4,300.0,340.0,221.0,139.0,1.0,3,1.0
448,1,215.0,298.0,36.0,95.0,1.0,0,1.0
448,4,296.0,340.0,221.0,139.0,1.0,3,1.0
449,1,216.0,299.0,36.0,95.0,1.0,0,1.0
449,4,292.0,340.0,221.0,139.0,1.0,3,1.0
450,1,216.0,299.0,36.0,95.0,1.0,0,1.0
450,4,286.0,341.0,221.0,139.0,1.0,3,1.0
