1,5,86.0,238.0,48.0,81.0,1.0,0,1.0
2,5,88.0,238.0,48.0,81.0,1.0,0,1.0
3,5,90.0,238.0,49.0,82.0,1.0,0,1.0
4,5,92.0,238.0,49.0,82.0,1.0,0,1.0
5,5,94.0,239.0,49.0,82.0,1.0,0,1.0
6,5,96.0,239.0,49.0,82.0,1.0,0,1.0
7,1,-23.0,411.0,26.0,89.0,1.0,0,0.115
7,5,98.0,239.0,49.0,82.0,1.0,0,1.0
8,1,-20.0,412.0,26.0,89.0,1.0,0,0.231
8,5,100.0,239.0,49.0,82.0,1.0,0,1.0
9,1,-17.0,412.0,26.0,89.0,1.0,0,0.346
9,5,102.0,240.0,49.0,82.0,1.0,0,1.0
10,1,-13.0,412.0,26.0,89.0,1.0,0,0.5
10,5,104.0,240.0,49.0,82.0,1.0,0,1.0
11,1,-10.0,412.0,26.0,90.0,1.0,0,0.615
11,5,106.0,240.0,49.0,82.0,1.0,0,1.0
12,1,-7.0,412.0,26.0,90.0,1.0,0,0.731
12,5,108.0,240.0,49.0,82.0,1.0,0,1.0
13,1,-4.0,412.0,26.0,90.0,1.0,0,0.846
13,5,110.0,241.0,49.0,82.0,1.0,0,1.0
14,1,0.0,412.0,26.0,90.0,1.0,0,1.0
14,5,112.0,241.0,49.0,82.0,1.0,0,1.0
15,1,3.0,412.0,26.0,90.0,1.0,0,1.0
15,5,113.0,241.0,49.0,82.0,1.0,0,1.0
16,1,6.0,412.0,26.0,90.0,1.0,0,1.0
16,5,115.0,241.0,49.0,82.0,1.0,0,1.0
17,1,10.0,412.0,26.0,90.0,1.0,0,1.0
17,5,117.0,242.0,49.0,82.0,1.0,0,1.0
18,1,13.0,412.0,26.0,90.0,1.0,0,1.0
18,5,119.0,242.0,49.0,82.0,1.0,0,1.0
19,1,16.0,412.0,26.0,90.0,1.0,0,1.0
19,5,121.0,242.0,49.0,82.0,1.0,0,1.0
20,1,19.0,412.0,26.0,90.0,1.0,0,1.0
20,5,123.0,242.0,49.0,82.0,1.0,0,1.0
21,1,23.0,412.0,26.0,90.0,1.0,0,1.0
21,2,957.0,331.0,254.0,160.0,1.0,3,0.012
21,5,125.0,243.0,49.0,82.0,1.0,0,1.0
22,1,26.0,412.0,26.0,90.0,1.0,0,1.0
22,2,953.0,331.0,254.0,160.0,1.0,3,0.028
22,5,127.0,243.0,50.0,83.0,1.0,0,1.0
23,1,29.0,412.0,26.0,90.0,1.0,0,1.0
23,2,950.0,331.0,254.0,160.0,1.0,3,0.039
23,5,129.0,243.0,50.0,83.0,1.0,0,1.0
24,1,33.0,412.0,26.0,90.0,1.0,0,1.0
24,2,947.0,331.0,254.0,160.0,1.0,3,0.051
24,3,-38.0,415.0,39.0,102.0,1.0,0,0.026
24,5,131.0,243.0,50.0,83.0,1.0,0,1.0
25,1,36.0,412.0,26.0,90.0,1.0,0,1.0
25,2,943.0,331.0,256.0,161.0,1.0,3,0.064
25,3,-36.0,415.0,39.0,102.0,1.0,0,0.077
25,4,959.0,382.0,192.0,121.0,1.0,3,0.005
25,5,133.0,243.0,50.0,83.0,1.0,0,1.0
26,1,39.0,412.0,26.0,90.0,1.0,0,1.0
26,2,940.0,331.0,256.0,161.0,1.0,3,0.067
26,3,-33.0,415.0,39.0,102.0,1.0,0,0.154
26,4,956.0,381.0,192.0,121.0,1.0,3,0.021
26,5,135.0,244.0,50.0,83.0,1.0,0,1.0
27,1,43.0,412.0,26.0,90.0,1.0,0,1.0
27,2,937.0,331.0,256.0,161.0,1.0,3,0.068
27,3,-31.0,415.0,39.0,102.0,1.0,0,0.205
27,4,952.0,381.0,192.0,121.0,1.0,3,0.042
27,5,137.0,244.0,50.0,83.0,1.0,0,1.0
28,1,46.0,412.0,26.0,90.0,1.0,0,1.0
28,2,933.0,331.0,256.0,161.0,1.0,3,0.076
28,3,-29.0,415.0,39.0,102.0,1.0,0,0.256
28,4,949.0,381.0,192.0,121.0,1.0,3,0.057
28,5,139.0,244.0,50.0,83.0,1.0,0,1.0
29,1,49.0,412.0,26.0,90.0,1.0,0,1.0
29,2,930.0,331.0,256.0,161.0,1.0,3,0.079
29,3,-27.0,415.0,39.0,103.0,1.0,0,0.308
29,4,946.0,381.0,192.0,121.0,1.0,3,0.073
29,5,141.0,244.0,50.0,83.0,1.0,0,1.0
30,1,52.0,412.0,26.0,90.0,1.0,0,1.0
30,2,927.0,331.0,256.0,161.0,1.0,3,0.08
30,3,-25.0,414.0,39.0,103.0,1.0,0,0.359
30,4,942.0,380.0,192.0,121.0,1.0,3,0.094
30,5,143.0,245.0,50.0,83.0,1.0,0,1.0
31,1,56.0,412.0,26.0,90.0,1.0,0,1.0
31,2,923.0,331.0,256.0,161.0,1.0,3,0.087
31,3,-22.0,414.0,39.0,103.0,1.0,0,0.436
31,4,939.0,380.0,192.0,121.0,1.0,3,0.109
31,5,144.0,245.0,50.0,83.0,1.0,0,1.0
32,1,59.0,412.0,26.0,90.0,1.0,0,1.0
32,2,920.0,331.0,256.0,161.0,1.0,3,0.091
32,3,-20.0,414.0,39.0,103.0,1.0,0,0.487
32,4,936.0,380.0,192.0,121.0,1.0,3,0.125
32,5,146.0,245.0,50.0,83.0,1.0,0,1.0
33,1,62.0,412.0,26.0,90.0,1.0,0,1.0
33,2,917.0,331.0,256.0,161.0,1.0,3,0.092
33,3,-18.0,414.0,39.0,103.0,1.0,0,0.538
33,4,932.0,380.0,192.0,121.0,1.0,3,0.146
33,5,148.0,245.0,50.0,83.0,1.0,0,1.0
34,1,66.0,412.0,26.0,90.0,1.0,0,1.0
34,2,913.0,331.0,256.0,161.0,1.0,3,0.099
34,3,-16.0,414.0,39.0,103.0,1.0,0,0.59
34,4,929.0,380.0,192.0,121.0,1.0,3,0.161
34,5,150.0,246.0,50.0,83.0,1.0,0,1.0
35,1,69.0,412.0,26.0,90.0,1.0,0,1.0
35,2,910.0,331.0,256.0,161.0,1.0,3,0.102
35,3,-14.0,414.0,39.0,103.0,1.0,0,0.641
35,4,926.0,379.0,192.0,121.0,1.0,3,0.177
35,5,152.0,246.0,50.0,83.0,1.0,0,1.0
36,1,72.0,412.0,26.0,90.0,1.0,0,1.0
36,2,907.0,331.0,256.0,161.0,1.0,3,0.103
36,3,-11.0,413.0,39.0,103.0,1.0,0,0.718
36,4,922.0,379.0,190.0,120.0,1.0,3,0.2
36,5,154.0,246.0,50.0,83.0,1.0,0,1.0
37,1,75.0,412.0,26.0,90.0,1.0,0,1.0
37,2,903.0,331.0,256.0,161.0,1.0,3,0.11
37,3,-9.0,413.0,39.0,103.0,1.0,0,0.769
37,4,919.0,379.0,190.0,120.0,1.0,3,0.216
37,5,156.0,246.0,50.0,83.0,1.0,0,1.0
38,1,79.0,412.0,26.0,90.0,1.0,0,1.0
38,2,900.0,331.0,256.0,161.0,1.0,3,0.114
38,3,-7.0,413.0,39.0,103.0,1.0,0,0.821
38,4,916.0,379.0,190.0,120.0,1.0,3,0.232
38,5,158.0,247.0,50.0,83.0,1.0,0,1.0
39,1,82.0,412.0,26.0,90.0,1.0,0,1.0
39,2,897.0,331.0,256.0,161.0,1.0,3,0.113
39,3,-5.0,413.0,39.0,103.0,1.0,0,0.872
39,4,912.0,378.0,190.0,120.0,1.0,3,0.253
39,5,160.0,247.0,50.0,83.0,1.0,0,1.0
40,1,85.0,412.0,26.0,90.0,1.0,0,1.0
40,2,893.0,331.0,256.0,161.0,1.0,3,0.121
40,3,-3.0,413.0,39.0,103.0,1.0,0,0.923
40,4,909.0,378.0,190.0,120.0,1.0,3,0.268
40,5,162.0,247.0,50.0,83.0,1.0,0,1.0
41,1,89.0,412.0,26.0,90.0,1.0,0,1.0
41,2,890.0,331.0,256.0,161.0,1.0,3,0.124
41,3,0.0,413.0,39.0,103.0,1.0,0,1.0
41,4,906.0,378.0,190.0,120.0,1.0,3,0.284
41,5,164.0,247.0,50.0,83.0,1.0,0,1.0
42,1,92.0,412.0,26.0,90.0,1.0,0,1.0
42,2,887.0,331.0,257.0,162.0,1.0,3,0.124
42,3,2.0,412.0,39.0,103.0,1.0,0,1.0
42,4,902.0,378.0,190.0,120.0,1.0,3,0.305
42,5,166.0,248.0,50.0,84.0,1.0,0,1.0
43,1,95.0,412.0,26.0,90.0,1.0,0,1.0
43,2,883.0,331.0,257.0,162.0,1.0,3,0.13
43,3,4.0,412.0,39.0,103.0,1.0,0,1.0
43,4,899.0,377.0,190.0,120.0,1.0,3,0.321
43,5,168.0,248.0,50.0,84.0,1.0,0,1.0
44,1,99.0,412.0,26.0,90.0,1.0,0,1.0
44,2,880.0,331.0,257.0,162.0,1.0,3,0.133
44,3,6.0,412.0,39.0,103.0,1.0,0,1.0
44,4,896.0,377.0,190.0,120.0,1.0,3,0.337
44,5,170.0,248.0,50.0,84.0,1.0,0,1.0
45,1,102.0,412.0,26.0,90.0,1.0,0,1.0
45,2,877.0,331.0,257.0,162.0,1.0,3,0.133
45,3,8.0,412.0,39.0,103.0,1.0,0,1.0
45,4,892.0,377.0,190.0,120.0,1.0,3,0.358
45,5,172.0,248.0,50.0,84.0,1.0,0,1.0
46,1,105.0,412.0,26.0,90.0,1.0,0,1.0
46,2,873.0,331.0,257.0,162.0,1.0,3,0.141
46,3,11.0,412.0,39.0,103.0,1.0,0,1.0
46,4,889.0,377.0,190.0,120.0,1.0,3,0.374
46,5,174.0,248.0,50.0,84.0,1.0,0,1.0
47,1,108.0,412.0,26.0,90.0,1.0,0,1.0
47,2,870.0,331.0,257.0,162.0,1.0,3,0.142
47,3,13.0,412.0,39.0,103.0,1.0,0,1.0
47,4,886.0,376.0,190.0,120.0,1.0,3,0.389
47,5,175.0,249.0,50.0,84.0,1.0,0,1.0
48,1,112.0,412.0,26.0,90.0,1.0,0,1.0
48,2,867.0,331.0,257.0,162.0,1.0,3,0.143
48,3,15.0,411.0,39.0,103.0,1.0,0,1.0
48,4,882.0,376.0,190.0,120.0,1.0,3,0.411
48,5,177.0,249.0,50.0,84.0,1.0,0,1.0
49,1,115.0,412.0,26.0,90.0,1.0,0,1.0
49,2,863.0,331.0,257.0,162.0,1.0,3,0.15
49,3,17.0,411.0,39.0,103.0,1.0,0,1.0
49,4,879.0,376.0,190.0,120.0,1.0,3,0.426
49,5,179.0,249.0,50.0,84.0,1.0,0,1.0
50,1,118.0,412.0,26.0,90.0,1.0,0,1.0
50,2,860.0,331.0,257.0,162.0,1.0,3,0.153
50,3,19.0,411.0,39.0,103.0,1.0,0,1.0
50,4,876.0,376.0,190.0,120.0,1.0,3,0.442
50,5,181.0,249.0,50.0,84.0,1.0,0,1.0
51,1,122.0,412.0,26.0,90.0,1.0,0,1.0
51,2,857.0,331.0,257.0,162.0,1.0,3,0.151
51,3,22.0,411.0,39.0,103.0,1.0,0,1.0
51,4,872.0,375.0,190.0,120.0,1.0,3,0.463
51,5,183.0,250.0,50.0,84.0,1.0,0,1.0
52,1,125.0,412.0,26.0,90.0,1.0,0,1.0
52,2,853.0,331.0,257.0,162.0,1.0,3,0.158
52,3,24.0,411.0,39.0,103.0,1.0,0,1.0
52,4,869.0,375.0,190.0,120.0,1.0,3,0.479
52,5,185.0,250.0,50.0,84.0,1.0,0,1.0
53,1,128.0,412.0,26.0,90.0,1.0,0,1.0
53,2,850.0,331.0,257.0,162.0,1.0,3,0.159
53,3,26.0,411.0,39.0,103.0,1.0,0,1.0
53,4,865.0,375.0,190.0,120.0,1.0,3,0.5
53,5,187.0,250.0,50.0,84.0,1.0,0,1.0
54,1,132.0,412.0,26.0,90.0,1.0,0,1.0
54,2,847.0,331.0,257.0,162.0,1.0,3,0.162
54,3,28.0,410.0,39.0,103.0,1.0,0,1.0
54,4,862.0,375.0,189.0,119.0,1.0,3,0.519
54,5,189.0,250.0,50.0,84.0,1.0,0,1.0
55,1,135.0,412.0,26.0,90.0,1.0,0,1.0
55,2,843.0,331.0,257.0,162.0,1.0,3,0.167
55,3,30.0,410.0,40.0,104.0,1.0,0,1.0
55,4,859.0,374.0,189.0,119.0,1.0,3,0.534
55,5,191.0,251.0,50.0,84.0,1.0,0,1.0
56,1,138.0,412.0,26.0,91.0,1.0,0,1.0
56,2,840.0,331.0,257.0,162.0,1.0,3,0.167
56,3,33.0,410.0,40.0,104.0,1.0,0,1.0
56,4,855.0,374.0,189.0,119.0,1.0,3,0.556
56,5,193.0,251.0,50.0,84.0,1.0,0,1.0
57,1,141.0,412.0,26.0,91.0,1.0,0,1.0
57,2,837.0,331.0,257.0,162.0,1.0,3,0.17
57,3,35.0,410.0,40.0,104.0,1.0,0,1.0
57,4,852.0,374.0,189.0,119.0,1.0,3,0.571
57,5,195.0,251.0,50.0,84.0,1.0,0,1.0
58,1,145.0,412.0,26.0,91.0,1.0,0,1.0
58,2,833.0,331.0,257.0,162.0,1.0,3,0.177
58,3,37.0,410.0,40.0,104.0,1.0,0,1.0
58,4,849.0,374.0,189.0,119.0,1.0,3,0.587
58,5,197.0,251.0,50.0,84.0,1.0,0,1.0
59,1,148.0,412.0,26.0,91.0,1.0,0,1.0
59,2,830.0,331.0,257.0,162.0,1.0,3,0.177
59,3,39.0,410.0,40.0,104.0,1.0,0,1.0
59,4,845.0,373.0,189.0,119.0,1.0,3,0.608
59,5,199.0,252.0,50.0,84.0,1.0,0,1.0
60,1,151.0,412.0,26.0,91.0,1.0,0,1.0
60,2,827.0,331.0,259.0,163.0,1.0,3,0.181
60,3,42.0,409.0,40.0,104.0,1.0,0,1.0
60,4,842.0,373.0,189.0,119.0,1.0,3,0.624
60,5,201.0,252.0,50.0,84.0,1.0,0,1.0
61,1,155.0,412.0,26.0,91.0,1.0,0,1.0
61,2,823.0,331.0,259.0,163.0,1.0,3,0.188
61,3,44.0,409.0,40.0,104.0,1.0,0,1.0
61,4,839.0,373.0,189.0,119.0,1.0,3,0.64
61,5,203.0,252.0,50.0,84.0,1.0,0,1.0
62,1,158.0,412.0,26.0,91.0,1.0,0,1.0
62,2,820.0,331.0,259.0,163.0,1.0,3,0.188
62,3,46.0,409.0,40.0,104.0,1.0,0,1.0
62,4,835.0,373.0,189.0,119.0,1.0,3,0.661
62,5,205.0,252.0,51.0,85.0,1.0,0,1.0
63,1,161.0,412.0,26.0,91.0,1.0,0,1.0
63,2,817.0,331.0,259.0,163.0,1.0,3,0.191
63,3,48.0,409.0,40.0,104.0,1.0,0,1.0
63,4,832.0,372.0,189.0,119.0,1.0,3,0.677
63,5,206.0,253.0,51.0,85.0,1.0,0,1.0
64,1,164.0,412.0,26.0,91.0,1.0,0,1.0
64,2,813.0,331.0,259.0,163.0,1.0,3,0.198
64,3,50.0,409.0,40.0,104.0,1.0,0,1.0
64,4,829.0,372.0,189.0,119.0,1.0,3,0.693
64,5,208.0,253.0,51.0,85.0,1.0,0,1.0
65,1,168.0,412.0,26.0,91.0,1.0,0,1.0
65,2,810.0,331.0,259.0,163.0,1.0,3,0.199
65,3,53.0,409.0,40.0,104.0,1.0,0,1.0
65,4,825.0,372.0,189.0,119.0,1.0,3,0.714
65,5,210.0,253.0,51.0,85.0,1.0,0,1.0
66,1,171.0,412.0,26.0,91.0,1.0,0,1.0
66,2,807.0,331.0,259.0,163.0,1.0,3,0.202
66,3,55.0,408.0,40.0,104.0,1.0,0,1.0
66,4,822.0,372.0,189.0,119.0,1.0,3,0.73
66,5,212.0,253.0,51.0,85.0,1.0,0,1.0
67,1,174.0,412.0,26.0,91.0,1.0,0,1.0
67,2,803.0,331.0,259.0,163.0,1.0,3,0.209
67,3,57.0,408.0,40.0,104.0,1.0,0,1.0
67,4,819.0,371.0,189.0,119.0,1.0,3,0.746
67,5,214.0,253.0,51.0,85.0,1.0,0,1.0
68,1,178.0,412.0,26.0,91.0,1.0,0,1.0
68,2,800.0,331.0,259.0,163.0,1.0,3,0.209
68,3,59.0,408.0,40.0,104.0,1.0,0,1.0
68,4,815.0,371.0,189.0,119.0,1.0,3,0.767
68,5,216.0,254.0,51.0,85.0,1.0,0,1.0
69,1,181.0,412.0,26.0,91.0,1.0,0,1.0
69,2,797.0,332.0,259.0,163.0,1.0,3,0.212
69,3,61.0,408.0,40.0,104.0,1.0,0,1.0
69,4,812.0,371.0,189.0,119.0,1.0,3,0.783
69,5,218.0,254.0,51.0,85.0,1.0,0,1.0
70,1,184.0,413.0,26.0,91.0,1.0,0,1.0
70,2,793.0,332.0,259.0,163.0,1.0,3,0.219
70,3,64.0,408.0,40.0,104.0,1.0,0,1.0
70,4,809.0,371.0,189.0,119.0,1.0,3,0.799
70,5,220.0,254.0,51.0,85.0,1.0,0,1.0
71,1,188.0,413.0,26.0,91.0,1.0,0,1.0
71,2,790.0,332.0,259.0,163.0,1.0,3,0.219
71,3,66.0,407.0,40.0,104.0,1.0,0,1.0
71,4,805.0,371.0,189.0,119.0,1.0,3,0.82
71,5,222.0,254.0,51.0,85.0,1.0,0,1.0
72,1,191.0,413.0,26.0,91.0,1.0,0,1.0
72,2,787.0,332.0,259.0,163.0,1.0,3,0.226
72,3,68.0,407.0,40.0,104.0,1.0,0,1.0
72,4,802.0,370.0,187.0,118.0,1.0,3,0.845
72,5,224.0,255.0,51.0,85.0,1.0,0,1.0
73,1,194.0,413.0,26.0,91.0,1.0,0,1.0
73,2,783.0,332.0,259.0,163.0,1.0,3,0.233
73,3,70.0,407.0,40.0,104.0,1.0,0,1.0
73,4,799.0,370.0,187.0,118.0,1.0,3,0.861
73,5,226.0,255.0,51.0,85.0,1.0,0,1.0
74,1,197.0,413.0,26.0,91.0,1.0,0,1.0
74,2,780.0,332.0,259.0,163.0,1.0,3,0.234
74,3,72.0,407.0,40.0,104.0,1.0,0,1.0
74,4,795.0,370.0,187.0,118.0,1.0,3,0.882
74,5,228.0,255.0,51.0,85.0,1.0,0,1.0
75,1,201.0,413.0,26.0,91.0,1.0,0,1.0
75,2,777.0,332.0,259.0,163.0,1.0,3,0.237
75,3,75.0,407.0,40.0,104.0,1.0,0,1.0
75,4,792.0,370.0,187.0,118.0,1.0,3,0.898
75,5,230.0,255.0,51.0,85.0,1.0,0,1.0
76,1,204.0,413.0,26.0,91.0,1.0,0,1.0
76,2,773.0,332.0,259.0,163.0,1.0,3,0.244
76,3,77.0,407.0,40.0,104.0,1.0,0,1.0
76,4,789.0,369.0,187.0,118.0,1.0,3,0.914
76,5,232.0,256.0,51.0,85.0,1.0,0,1.0
77,1,207.0,413.0,26.0,91.0,1.0,0,1.0
77,2,770.0,332.0,259.0,163.0,1.0,3,0.244
77,3,79.0,406.0,40.0,104.0,1.0,0,1.0
77,4,785.0,369.0,187.0,118.0,1.0,3,0.936
77,5,234.0,256.0,51.0,85.0,1.0,0,1.0
78,1,211.0,413.0,26.0,91.0,1.0,0,1.0
78,2,767.0,332.0,260.0,164.0,1.0,3,0.25
78,3,81.0,406.0,40.0,104.0,1.0,0,1.0
78,4,782.0,369.0,187.0,118.0,1.0,3,0.952
78,5,236.0,256.0,51.0,85.0,1.0,0,1.0
79,1,214.0,413.0,26.0,91.0,1.0,0,1.0
79,2,763.0,332.0,260.0,164.0,1.0,3,0.257
79,3,83.0,406.0,40.0,104.0,1.0,0,1.0
79,4,779.0,369.0,187.0,118.0,1.0,3,0.968
79,5,237.0,256.0,51.0,85.0,1.0,0,1.0
80,1,217.0,413.0,26.0,91.0,1.0,0,1.0
80,2,760.0,332.0,260.0,164.0,1.0,3,0.257
80,3,86.0,406.0,40.0,105.0,1.0,0,1.0
80,4,775.0,368.0,187.0,118.0,1.0,3,0.989
80,5,239.0,257.0,51.0,85.0,1.0,0,1.0
81,1,221.0,413.0,26.0,91.0,1.0,0,1.0
81,2,756.0,332.0,260.0,164.0,1.0,3,0.267
81,3,88.0,406.0,40.0,105.0,1.0,0,1.0
81,4,772.0,368.0,187.0,118.0,1.0,3,1.0
81,5,241.0,257.0,51.0,85.0,1.0,0,1.0
82,1,224.0,413.0,26.0,91.0,1.0,0,1.0
82,2,753.0,332.0,260.0,164.0,1.0,3,0.279
82,3,90.0,406.0,40.0,105.0,1.0,0,1.0
82,4,769.0,368.0,187.0,118.0,1.0,3,1.0
82,5,243.0,257.0,51.0,86.0,1.0,0,1.0
83,1,227.0,413.0,26.0,91.0,1.0,0,1.0
83,2,750.0,332.0,260.0,164.0,1.0,3,0.29
83,3,92.0,405.0,40.0,105.0,1.0,0,1.0
83,4,765.0,368.0,187.0,118.0,1.0,3,1.0
83,5,245.0,257.0,51.0,86.0,1.0,0,1.0
84,1,230.0,413.0,26.0,91.0,1.0,0,1.0
84,2,746.0,332.0,260.0,164.0,1.0,3,0.306
84,3,94.0,405.0,40.0,105.0,1.0,0,1.0
84,4,762.0,367.0,187.0,118.0,1.0,3,1.0
84,5,247.0,257.0,51.0,86.0,1.0,0,1.0
85,1,234.0,413.0,26.0,91.0,1.0,0,1.0
85,2,743.0,332.0,260.0,164.0,1.0,3,0.317
85,3,97.0,405.0,40.0,105.0,1.0,0,1.0
85,4,759.0,367.0,187.0,118.0,1.0,3,1.0
85,5,249.0,258.0,51.0,86.0,1.0,0,1.0
86,1,237.0,413.0,26.0,91.0,1.0,0,1.0
86,2,740.0,332.0,260.0,164.0,1.0,3,0.329
86,3,99.0,405.0,40.0,105.0,1.0,0,1.0
86,4,755.0,367.0,187.0,118.0,1.0,3,1.0
86,5,251.0,258.0,51.0,86.0,1.0,0,1.0
87,1,240.0,413.0,26.0,91.0,1.0,0,1.0
87,2,736.0,332.0,260.0,164.0,1.0,3,0.344
87,3,101.0,405.0,40.0,105.0,1.0,0,1.0
87,4,752.0,367.0,187.0,118.0,1.0,3,1.0
87,5,253.0,258.0,51.0,86.0,1.0,0,1.0
88,1,244.0,413.0,26.0,91.0,1.0,0,1.0
88,2,733.0,332.0,260.0,164.0,1.0,3,0.356
88,3,103.0,405.0,40.0,105.0,1.0,0,1.0
88,4,748.0,366.0,187.0,118.0,1.0,3,1.0
88,5,255.0,258.0,51.0,86.0,1.0,0,1.0
89,1,247.0,413.0,26.0,91.0,1.0,0,1.0
89,2,730.0,332.0,260.0,164.0,1.0,3,0.367
89,3,105.0,404.0,40.0,105.0,1.0,0,1.0
89,4,745.0,366.0,187.0,118.0,1.0,3,1.0
89,5,257.0,259.0,51.0,86.0,1.0,0,1.0
90,1,250.0,413.0,26.0,91.0,1.0,0,1.0
90,2,726.0,332.0,260.0,164.0,1.0,3,0.39
90,3,108.0,404.0,40.0,105.0,1.0,0,1.0
90,4,742.0,366.0,186.0,117.0,1.0,3,1.0
90,5,259.0,259.0,51.0,86.0,1.0,0,1.0
91,1,253.0,413.0,26.0,91.0,1.0,0,1.0
91,2,723.0,332.0,260.0,164.0,1.0,3,0.401
91,3,110.0,404.0,40.0,105.0,1.0,0,1.0
91,4,738.0,366.0,186.0,117.0,1.0,3,1.0
91,5,261.0,259.0,51.0,86.0,1.0,0,1.0
92,1,257.0,413.0,26.0,91.0,1.0,0,1.0
92,2,720.0,332.0,260.0,164.0,1.0,3,0.413
92,3,112.0,404.0,40.0,105.0,1.0,0,1.0
92,4,735.0,365.0,186.0,117.0,1.0,3,1.0
92,5,263.0,259.0,51.0,86.0,1.0,0,1.0
93,1,260.0,413.0,26.0,91.0,1.0,0,1.0
93,2,716.0,332.0,260.0,164.0,1.0,3,0.428
93,3,114.0,404.0,40.0,105.0,1.0,0,1.0
93,4,732.0,365.0,186.0,117.0,1.0,3,1.0
93,5,265.0,260.0,51.0,86.0,1.0,0,1.0
94,1,263.0,413.0,26.0,91.0,1.0,0,1.0
94,2,713.0,332.0,260.0,164.0,1.0,3,0.44
94,3,116.0,404.0,40.0,105.0,1.0,0,1.0
94,4,728.0,365.0,186.0,117.0,1.0,3,1.0
94,5,266.0,260.0,51.0,86.0,1.0,0,1.0
95,1,267.0,413.0,26.0,91.0,1.0,0,1.0
95,2,710.0,332.0,262.0,165.0,1.0,3,0.451
95,3,119.0,403.0,40.0,105.0,1.0,0,1.0
95,4,725.0,365.0,186.0,117.0,1.0,3,1.0
95,5,268.0,260.0,51.0,86.0,1.0,0,1.0
96,1,270.0,413.0,26.0,91.0,1.0,0,1.0
96,2,706.0,332.0,262.0,165.0,1.0,3,0.466
96,3,121.0,403.0,40.0,105.0,1.0,0,1.0
96,4,722.0,364.0,186.0,117.0,1.0,3,1.0
96,5,270.0,260.0,51.0,86.0,1.0,0,1.0
97,1,273.0,413.0,26.0,91.0,1.0,0,1.0
97,2,703.0,332.0,262.0,165.0,1.0,3,0.478
97,3,123.0,403.0,40.0,105.0,1.0,0,1.0
97,4,718.0,364.0,186.0,117.0,1.0,3,1.0
97,5,272.0,261.0,51.0,86.0,1.0,0,1.0
98,1,277.0,413.0,26.0,91.0,1.0,0,1.0
98,2,700.0,332.0,262.0,165.0,1.0,3,0.489
98,3,125.0,403.0,40.0,105.0,1.0,0,1.0
98,4,715.0,364.0,186.0,117.0,1.0,3,1.0
98,5,274.0,261.0,51.0,86.0,1.0,0,1.0
99,1,280.0,413.0,26.0,91.0,1.0,0,1.0
99,2,696.0,332.0,262.0,165.0,1.0,3,0.497
99,3,128.0,403.0,40.0,105.0,1.0,0,1.0
99,4,712.0,364.0,186.0,117.0,1.0,3,1.0
99,5,276.0,261.0,51.0,86.0,1.0,0,1.0
100,1,283.0,413.0,26.0,92.0,1.0,0,1.0
100,2,693.0,332.0,262.0,165.0,1.0,3,0.497
100,3,130.0,403.0,40.0,105.0,1.0,0,1.0
100,4,708.0,363.0,186.0,117.0,1.0,3,1.0
100,5,278.0,261.0,51.0,86.0,1.0,0,1.0
101,1,286.0,413.0,26.0,92.0,1.0,0,1.0
101,2,690.0,332.0,262.0,165.0,1.0,3,0.497
101,3,132.0,402.0,40.0,105.0,1.0,0,1.0
101,4,705.0,363.0,186.0,117.0,1.0,3,1.0
101,5,280.0,262.0,51.0,86.0,1.0,0,1.0
102,1,290.0,413.0,26.0,92.0,1.0,0,1.0
102,2,686.0,332.0,262.0,165.0,1.0,3,0.497
102,3,134.0,402.0,40.0,105.0,1.0,0,1.0
102,4,702.0,363.0,186.0,117.0,1.0,3,1.0
102,5,282.0,262.0,52.0,87.0,1.0,0,1.0
103,1,293.0,413.0,26.0,92.0,1.0,0,1.0
103,2,683.0,332.0,262.0,165.0,1.0,3,0.497
103,3,136.0,402.0,40.0,105.0,1.0,0,1.0
103,4,698.0,363.0,186.0,117.0,1.0,3,1.0
103,5,284.0,262.0,52.0,87.0,1.0,0,1.0
104,1,296.0,413.0,26.0,92.0,1.0,0,1.0
104,2,680.0,332.0,262.0,165.0,1.0,3,0.497
104,3,139.0,402.0,40.0,105.0,1.0,0,1.0
104,4,695.0,362.0,186.0,117.0,1.0,3,1.0
104,5,286.0,262.0,52.0,87.0,1.0,0,1.0
105,1,300.0,413.0,26.0,92.0,1.0,0,1.0
105,2,676.0,332.0,262.0,165.0,1.0,3,0.497
105,3,141.0,402.0,40.0,105.0,1.0,0,1.0
105,4,692.0,362.0,186.0,117.0,1.0,3,1.0
105,5,288.0,262.0,52.0,87.0,1.0,0,1.0
106,1,303.0,413.0,26.0,92.0,1.0,0,1.0
106,2,673.0,332.0,262.0,165.0,1.0,3,0.497
106,3,143.0,402.0,40.0,106.0,1.0,0,1.0
106,4,688.0,362.0,186.0,117.0,1.0,3,1.0
106,5,290.0,263.0,52.0,87.0,1.0,0,1.0
107,1,306.0,413.0,26.0,92.0,1.0,0,1.0
107,2,670.0,332.0,262.0,165.0,1.0,3,0.497
107,3,145.0,401.0,40.0,106.0,1.0,0,1.0
107,4,685.0,362.0,186.0,117.0,1.0,3,1.0
107,5,292.0,263.0,52.0,87.0,1.0,0,1.0
108,1,309.0,413.0,26.0,92.0,1.0,0,1.0
108,2,666.0,332.0,262.0,165.0,1.0,3,0.506
108,3,147.0,401.0,40.0,106.0,1.0,0,1.0
108,4,682.0,362.0,184.0,116.0,1.0,3,1.0
108,5,294.0,263.0,52.0,87.0,1.0,0,1.0
109,1,313.0,413.0,26.0,92.0,1.0,0,1.0
109,2,663.0,332.0,262.0,165.0,1.0,3,0.506
109,3,150.0,401.0,40.0,106.0,1.0,0,1.0
109,4,678.0,361.0,184.0,116.0,1.0,3,1.0
109,5,296.0,263.0,52.0,87.0,1.0,0,1.0
110,1,316.0,413.0,26.0,92.0,1.0,0,1.0
110,2,660.0,332.0,262.0,165.0,1.0,3,0.506
110,3,152.0,401.0,40.0,106.0,1.0,0,1.0
110,4,675.0,361.0,184.0,116.0,1.0,3,1.0
110,5,297.0,264.0,52.0,87.0,1.0,0,1.0
111,1,319.0,413.0,26.0,92.0,1.0,0,1.0
111,2,656.0,332.0,262.0,165.0,1.0,3,0.506
111,3,154.0,401.0,40.0,106.0,1.0,0,1.0
111,4,672.0,361.0,184.0,116.0,1.0,3,1.0
111,5,299.0,264.0,52.0,87.0,1.0,0,1.0
112,1,323.0,413.0,26.0,92.0,1.0,0,1.0
112,2,653.0,332.0,262.0,165.0,1.0,3,0.506
112,3,156.0,401.0,40.0,106.0,1.0,0,1.0
112,4,668.0,361.0,184.0,116.0,1.0,3,1.0
112,5,301.0,264.0,52.0,87.0,1.0,0,1.0
113,1,326.0,413.0,26.0,92.0,1.0,0,1.0
113,2,650.0,332.0,263.0,166.0,1.0,3,0.511
113,3,158.0,400.0,40.0,106.0,1.0,0,1.0
113,4,665.0,360.0,184.0,116.0,1.0,3,1.0
113,5,303.0,264.0,52.0,87.0,1.0,0,1.0
114,1,329.0,413.0,26.0,92.0,1.0,0,1.0
114,2,646.0,332.0,263.0,166.0,1.0,3,0.511
114,3,161.0,400.0,40.0,106.0,1.0,0,1.0
114,4,662.0,360.0,184.0,116.0,1.0,3,1.0
114,5,305.0,265.0,52.0,87.0,1.0,0,1.0
115,1,333.0,413.0,26.0,92.0,1.0,0,1.0
115,2,643.0,332.0,263.0,166.0,1.0,3,0.511
115,3,163.0,400.0,40.0,106.0,1.0,0,1.0
115,4,658.0,360.0,184.0,116.0,1.0,3,1.0
115,5,307.0,265.0,52.0,87.0,1.0,0,1.0
116,1,336.0,413.0,26.0,92.0,1.0,0,1.0
116,2,640.0,332.0,263.0,166.0,1.0,3,0.511
116,3,165.0,400.0,40.0,106.0,1.0,0,1.0
116,4,655.0,360.0,184.0,116.0,1.0,3,1.0
116,5,309.0,265.0,52.0,87.0,1.0,0,1.0
117,1,339.0,413.0,26.0,92.0,1.0,0,1.0
117,2,636.0,333.0,263.0,166.0,1.0,3,0.511
117,3,167.0,400.0,40.0,106.0,1.0,0,1.0
117,4,652.0,359.0,184.0,116.0,1.0,3,1.0
117,5,311.0,265.0,52.0,87.0,1.0,0,1.0
118,1,342.0,413.0,26.0,92.0,1.0,0,1.0
118,2,633.0,333.0,263.0,166.0,1.0,3,0.511
118,3,169.0,400.0,40.0,106.0,1.0,0,1.0
118,4,648.0,359.0,184.0,116.0,1.0,3,1.0
118,5,313.0,266.0,52.0,87.0,1.0,0,1.0
119,1,346.0,413.0,26.0,92.0,1.0,0,1.0
119,2,630.0,333.0,263.0,166.0,1.0,3,0.511
119,3,172.0,399.0,40.0,106.0,1.0,0,1.0
119,4,645.0,359.0,184.0,116.0,1.0,3,1.0
119,5,315.0,266.0,52.0,87.0,1.0,0,1.0
120,1,349.0,413.0,26.0,92.0,1.0,0,1.0
120,2,626.0,333.0,263.0,166.0,1.0,3,0.511
120,3,174.0,399.0,40.0,106.0,1.0,0,1.0
120,4,642.0,359.0,184.0,116.0,1.0,3,1.0
120,5,317.0,266.0,52.0,87.0,1.0,0,1.0
121,1,352.0,413.0,26.0,92.0,1.0,0,1.0
121,2,623.0,333.0,263.0,166.0,1.0,3,0.511
121,3,176.0,399.0,40.0,106.0,1.0,0,1.0
121,4,638.0,358.0,184.0,116.0,1.0,3,1.0
121,5,319.0,266.0,52.0,87.0,1.0,0,1.0
122,1,356.0,413.0,26.0,92.0,1.0,0,1.0
122,2,620.0,333.0,263.0,166.0,1.0,3,0.511
122,3,178.0,399.0,40.0,106.0,1.0,0,1.0
122,4,635.0,358.0,184.0,116.0,1.0,3,1.0
122,5,321.0,267.0,52.0,88.0,1.0,0,1.0
123,1,359.0,413.0,26.0,92.0,1.0,0,1.0
123,2,616.0,333.0,263.0,166.0,1.0,3,0.511
123,3,180.0,399.0,40.0,106.0,1.0,0,1.0
123,4,631.0,358.0,184.0,116.0,1.0,3,1.0
123,5,323.0,267.0,52.0,88.0,1.0,0,1.0
124,1,362.0,413.0,26.0,92.0,1.0,0,1.0
124,2,613.0,333.0,263.0,166.0,1.0,3,0.511
124,3,183.0,398.0,40.0,106.0,1.0,0,1.0
124,4,628.0,358.0,184.0,116.0,1.0,3,1.0
124,5,325.0,267.0,52.0,88.0,1.0,0,1.0
125,1,366.0,413.0,26.0,92.0,1.0,0,1.0
125,2,610.0,333.0,263.0,166.0,1.0,3,0.511
125,3,185.0,398.0,40.0,106.0,1.0,0,1.0
125,4,625.0,357.0,184.0,116.0,1.0,3,1.0
125,5,327.0,267.0,52.0,88.0,1.0,0,1.0
126,1,369.0,413.0,26.0,92.0,1.0,0,1.0
126,2,606.0,333.0,263.0,166.0,1.0,3,0.518
126,3,187.0,398.0,40.0,106.0,1.0,0,1.0
126,4,621.0,357.0,183.0,115.0,1.0,3,1.0
126,5,328.0,267.0,52.0,88.0,1.0,0,1.0
127,1,372.0,413.0,26.0,92.0,1.0,0,1.0
127,2,603.0,333.0,263.0,166.0,1.0,3,0.518
127,3,189.0,398.0,40.0,106.0,1.0,0,1.0
127,4,618.0,357.0,183.0,115.0,1.0,3,1.0
127,5,330.0,268.0,52.0,88.0,1.0,0,1.0
128,1,375.0,413.0,26.0,92.0,1.0,0,1.0
128,2,600.0,333.0,263.0,166.0,1.0,3,0.518
128,3,191.0,398.0,40.0,106.0,1.0,0,1.0
128,4,615.0,357.0,183.0,115.0,1.0,3,1.0
128,5,332.0,268.0,52.0,88.0,1.0,0,1.0
129,1,379.0,413.0,26.0,92.0,1.0,0,1.0
129,2,596.0,333.0,263.0,166.0,1.0,3,0.518
129,3,194.0,398.0,40.0,106.0,1.0,0,1.0
129,4,611.0,356.0,183.0,115.0,1.0,3,1.0
129,5,334.0,268.0,52.0,88.0,1.0,0,1.0
130,1,382.0,413.0,26.0,92.0,1.0,0,1.0
130,2,593.0,333.0,263.0,166.0,1.0,3,0.518
130,3,196.0,397.0,40.0,106.0,1.0,0,1.0
130,4,608.0,356.0,183.0,115.0,1.0,3,1.0
130,5,336.0,268.0,52.0,88.0,1.0,0,1.0
131,1,385.0,413.0,26.0,92.0,1.0,0,1.0
131,2,590.0,333.0,265.0,167.0,1.0,3,0.524
131,3,198.0,397.0,40.0,106.0,1.0,0,1.0
131,4,605.0,356.0,183.0,115.0,1.0,3,1.0
131,5,338.0,269.0,52.0,88.0,1.0,0,1.0
132,1,389.0,413.0,26.0,92.0,1.0,0,1.0
132,2,586.0,333.0,265.0,167.0,1.0,3,0.524
132,3,200.0,397.0,41.0,107.0,1.0,0,1.0
132,4,601.0,356.0,183.0,115.0,1.0,3,1.0
132,5,340.0,269.0,52.0,88.0,1.0,0,1.0
133,1,392.0,414.0,26.0,92.0,1.0,0,1.0
133,2,583.0,333.0,265.0,167.0,1.0,3,0.524
133,3,202.0,397.0,41.0,107.0,1.0,0,1.0
133,4,598.0,355.0,183.0,115.0,1.0,3,1.0
133,5,342.0,269.0,52.0,88.0,1.0,0,1.0
134,1,395.0,414.0,26.0,92.0,1.0,0,1.0
134,2,580.0,333.0,265.0,167.0,1.0,3,0.524
134,3,205.0,397.0,41.0,107.0,1.0,0,1.0
134,4,595.0,355.0,183.0,115.0,1.0,3,1.0
134,5,344.0,269.0,52.0,88.0,1.0,0,1.0
135,1,398.0,414.0,26.0,92.0,1.0,0,1.0
135,2,576.0,333.0,265.0,167.0,1.0,3,0.524
135,3,207.0,397.0,41.0,107.0,1.0,0,1.0
135,4,591.0,355.0,183.0,115.0,1.0,3,1.0
135,5,346.0,270.0,52.0,88.0,1.0,0,1.0
136,1,402.0,414.0,26.0,92.0,1.0,0,1.0
136,2,573.0,333.0,265.0,167.0,1.0,3,0.524
136,3,209.0,396.0,41.0,107.0,1.0,0,1.0
136,4,588.0,355.0,183.0,115.0,1.0,3,1.0
136,5,348.0,270.0,52.0,88.0,1.0,0,1.0
137,1,405.0,414.0,26.0,92.0,1.0,0,1.0
137,2,570.0,333.0,265.0,167.0,1.0,3,0.524
137,3,211.0,396.0,41.0,107.0,1.0,0,1.0
137,4,585.0,354.0,183.0,115.0,1.0,3,1.0
137,5,350.0,270.0,52.0,88.0,1.0,0,1.0
138,1,408.0,414.0,26.0,92.0,1.0,0,1.0
138,2,566.0,333.0,265.0,167.0,1.0,3,0.524
138,3,214.0,396.0,41.0,107.0,1.0,0,1.0
138,4,581.0,354.0,183.0,115.0,1.0,3,1.0
138,5,352.0,270.0,52.0,88.0,1.0,0,1.0
139,1,412.0,414.0,26.0,92.0,1.0,0,0.923
139,2,563.0,333.0,265.0,167.0,1.0,3,0.524
139,3,216.0,396.0,41.0,107.0,1.0,0,1.0
139,4,578.0,354.0,183.0,115.0,1.0,3,1.0
139,5,354.0,271.0,52.0,88.0,1.0,0,1.0
140,1,415.0,414.0,26.0,92.0,1.0,0,0.808
140,2,560.0,333.0,265.0,167.0,1.0,3,0.524
140,3,218.0,396.0,41.0,107.0,1.0,0,1.0
140,4,575.0,354.0,183.0,115.0,1.0,3,1.0
140,5,356.0,271.0,52.0,88.0,1.0,0,1.0
141,1,418.0,414.0,26.0,92.0,1.0,0,0.692
141,2,556.0,333.0,265.0,167.0,1.0,3,0.524
141,3,220.0,396.0,41.0,107.0,1.0,0,1.0
141,4,571.0,354.0,183.0,115.0,1.0,3,1.0
141,5,358.0,271.0,52.0,88.0,1.0,0,1.0
142,1,422.0,414.0,26.0,92.0,1.0,0,0.538
142,2,553.0,333.0,265.0,167.0,1.0,3,0.524
142,3,222.0,395.0,41.0,107.0,1.0,0,1.0
142,4,568.0,353.0,183.0,115.0,1.0,3,1.0
142,5,359.0,271.0,53.0,89.0,1.0,0,1.0
143,1,425.0,414.0,26.0,92.0,1.0,0,0.423
143,2,550.0,333.0,265.0,167.0,1.0,3,0.524
143,3,225.0,395.0,41.0,107.0,1.0,0,1.0
143,4,565.0,353.0,183.0,115.0,1.0,3,1.0
143,5,361.0,272.0,53.0,89.0,1.0,0,1.0
144,1,428.0,414.0,26.0,92.0,1.0,0,0.308
144,2,546.0,333.0,265.0,167.0,1.0,3,0.534
144,3,227.0,395.0,41.0,107.0,1.0,0,1.0
144,4,561.0,353.0,181.0,114.0,1.0,3,1.0
144,5,363.0,272.0,53.0,89.0,1.0,0,1.0
145,1,431.0,414.0,27.0,93.0,1.0,0,0.185
145,2,543.0,333.0,265.0,167.0,1.0,3,0.534
145,3,229.0,395.0,41.0,107.0,1.0,0,1.0
145,4,558.0,353.0,181.0,114.0,1.0,3,1.0
145,5,365.0,272.0,53.0,89.0,1.0,0,1.0
146,1,435.0,414.0,27.0,93.0,1.0,0,0.037
146,2,540.0,333.0,265.0,167.0,1.0,3,0.534
146,3,231.0,395.0,41.0,107.0,1.0,0,1.0
146,4,555.0,352.0,181.0,114.0,1.0,3,1.0
146,5,367.0,272.0,53.0,89.0,1.0,0,1.0
147,1,438.0,414.0,27.0,93.0,1.0,0,0.0
147,2,536.0,333.0,265.0,167.0,1.0,3,0.534
147,3,233.0,395.0,41.0,107.0,1.0,0,1.0
147,4,551.0,352.0,181.0,114.0,1.0,3,1.0
147,5,369.0,272.0,53.0,89.0,1.0,0,1.0
148,1,441.0,414.0,27.0,93.0,1.0,0,0.0
148,2,533.0,333.0,267.0,168.0,1.0,3,0.54
148,3,236.0,394.0,41.0,107.0,1.0,0,1.0
148,4,548.0,352.0,181.0,114.0,1.0,3,1.0
148,5,371.0,273.0,53.0,89.0,1.0,0,1.0
149,1,445.0,414.0,27.0,93.0,1.0,0,0.0
149,2,530.0,333.0,267.0,168.0,1.0,3,0.54
149,3,238.0,394.0,41.0,107.0,1.0,0,1.0
149,4,545.0,352.0,181.0,114.0,1.0,3,1.0
149,5,373.0,273.0,53.0,89.0,1.0,0,1.0
150,1,448.0,414.0,27.0,93.0,1.0,0,0.0
150,2,526.0,333.0,267.0,168.0,1.0,3,0.54
150,3,240.0,394.0,41.0,107.0,1.0,0,1.0
150,4,541.0,351.0,181.0,114.0,1.0,3,1.0
150,5,375.0,273.0,53.0,89.0,1.0,0,1.0
151,1,451.0,414.0,27.0,93.0,1.0,0,0.0
151,2,523.0,333.0,267.0,168.0,1.0,3,0.536
151,3,242.0,394.0,41.0,107.0,1.0,0,1.0
151,4,538.0,351.0,181.0,114.0,1.0,3,1.0
151,5,377.0,273.0,53.0,89.0,1.0,0,1.0
152,1,455.0,414.0,27.0,93.0,1.0,0,0.0
152,2,520.0,333.0,267.0,168.0,1.0,3,0.525
152,3,244.0,394.0,41.0,107.0,1.0,0,1.0
152,4,535.0,351.0,181.0,114.0,1.0,3,1.0
152,5,379.0,274.0,53.0,89.0,1.0,0,1.0
153,1,458.0,414.0,27.0,93.0,1.0,0,0.0
153,2,516.0,333.0,267.0,168.0,1.0,3,0.51
153,3,247.0,394.0,41.0,107.0,1.0,0,1.0
153,4,531.0,351.0,181.0,114.0,1.0,3,1.0
153,5,381.0,274.0,53.0,89.0,1.0,0,1.0
154,1,461.0,414.0,27.0,93.0,1.0,0,0.0
154,2,513.0,333.0,267.0,168.0,1.0,3,0.499
154,3,249.0,393.0,41.0,107.0,1.0,0,1.0
154,4,528.0,350.0,181.0,114.0,1.0,3,1.0
154,5,383.0,274.0,53.0,89.0,1.0,0,1.0
155,1,464.0,414.0,27.0,93.0,1.0,0,0.0
155,2,510.0,333.0,267.0,168.0,1.0,3,0.488
155,3,251.0,393.0,41.0,107.0,1.0,0,1.0
155,4,525.0,350.0,181.0,114.0,1.0,3,1.0
155,5,385.0,274.0,53.0,89.0,1.0,0,0.962
156,1,468.0,414.0,27.0,93.0,1.0,0,0.0
156,2,506.0,333.0,267.0,168.0,1.0,3,0.48
156,3,253.0,393.0,41.0,107.0,1.0,0,1.0
156,4,521.0,350.0,181.0,114.0,1.0,3,0.983
156,5,387.0,275.0,53.0,89.0,1.0,0,0.925
157,1,471.0,414.0,27.0,93.0,1.0,0,0.0
157,2,503.0,333.0,267.0,168.0,1.0,3,0.477
157,3,255.0,393.0,41.0,107.0,1.0,0,1.0
157,4,518.0,350.0,181.0,114.0,1.0,3,0.967
157,5,389.0,275.0,53.0,89.0,1.0,0,0.887
158,1,474.0,414.0,27.0,93.0,1.0,0,0.0
158,2,500.0,333.0,267.0,168.0,1.0,3,0.476
158,3,258.0,393.0,41.0,108.0,1.0,0,1.0
158,4,514.0,349.0,181.0,114.0,1.0,3,0.945
158,5,390.0,275.0,53.0,89.0,1.0,0,0.868
159,1,478.0,414.0,27.0,93.0,1.0,0,0.0
159,2,496.0,333.0,267.0,168.0,1.0,3,0.468
159,3,260.0,393.0,41.0,108.0,1.0,0,1.0
159,4,511.0,349.0,181.0,114.0,1.0,3,0.928
159,5,392.0,275.0,53.0,89.0,1.0,0,0.83
160,1,481.0,414.0,27.0,93.0,1.0,0,0.0
160,2,493.0,333.0,267.0,168.0,1.0,3,0.465
160,3,262.0,392.0,41.0,108.0,1.0,0,1.0
160,4,508.0,349.0,181.0,114.0,1.0,3,0.912
160,5,394.0,276.0,53.0,89.0,1.0,0,0.792
161,1,484.0,414.0,27.0,93.0,1.0,0,0.0
161,2,490.0,333.0,267.0,168.0,1.0,3,0.472
161,3,264.0,392.0,41.0,108.0,1.0,0,1.0
161,4,504.0,349.0,179.0,113.0,1.0,3,0.888
161,5,396.0,276.0,53.0,89.0,1.0,0,0.755
162,1,487.0,414.0,27.0,93.0,1.0,0,0.0
162,2,486.0,333.0,267.0,168.0,1.0,3,0.465
162,3,266.0,392.0,41.0,108.0,1.0,0,1.0
162,4,501.0,348.0,179.0,113.0,1.0,3,0.872
162,5,398.0,276.0,54.0,90.0,1.0,0,0.704
163,1,491.0,414.0,27.0,93.0,1.0,0,0.0
163,2,483.0,333.0,267.0,168.0,1.0,3,0.461
163,3,269.0,392.0,41.0,108.0,1.0,0,1.0
163,4,498.0,348.0,179.0,113.0,1.0,3,0.855
163,5,400.0,276.0,54.0,90.0,1.0,0,0.667
164,1,494.0,414.0,27.0,93.0,1.0,0,0.0
164,2,480.0,333.0,267.0,168.0,1.0,3,0.46
164,3,271.0,392.0,41.0,108.0,1.0,0,1.0
164,4,494.0,348.0,179.0,113.0,1.0,3,0.832
164,5,402.0,277.0,54.0,90.0,1.0,0,0.63
165,1,497.0,414.0,27.0,93.0,1.0,0,0.0
165,2,476.0,333.0,267.0,168.0,1.0,3,0.452
165,3,273.0,392.0,41.0,108.0,1.0,0,1.0
165,4,491.0,348.0,179.0,113.0,1.0,3,0.816
165,5,404.0,277.0,54.0,90.0,1.0,0,0.593
166,1,501.0,414.0,27.0,93.0,1.0,0,0.148
166,2,473.0,334.0,268.0,169.0,1.0,3,0.449
166,3,275.0,391.0,41.0,108.0,1.0,0,1.0
166,4,488.0,347.0,179.0,113.0,1.0,3,0.79
166,5,406.0,277.0,54.0,90.0,1.0,0,0.556
167,1,504.0,414.0,27.0,93.0,1.0,0,0.259
167,2,469.0,334.0,268.0,169.0,1.0,3,0.441
167,3,277.0,391.0,41.0,108.0,1.0,0,1.0
167,4,484.0,347.0,179.0,113.0,1.0,3,0.761
167,5,408.0,277.0,54.0,90.0,1.0,0,0.519
168,1,507.0,414.0,27.0,93.0,1.0,0,0.37
168,2,466.0,334.0,268.0,169.0,1.0,3,0.435
168,3,280.0,391.0,41.0,108.0,1.0,0,1.0
168,4,481.0,347.0,179.0,113.0,1.0,3,0.737
168,5,410.0,277.0,54.0,90.0,1.0,0,0.481
169,1,511.0,414.0,27.0,93.0,1.0,0,0.519
169,2,463.0,334.0,268.0,169.0,1.0,3,0.427
169,3,282.0,391.0,41.0,108.0,1.0,0,1.0
169,4,478.0,347.0,179.0,113.0,1.0,3,0.711
169,5,412.0,278.0,54.0,90.0,1.0,0,0.444
170,1,514.0,414.0,27.0,93.0,1.0,0,0.63
170,2,459.0,334.0,268.0,169.0,1.0,3,0.419
170,3,284.0,391.0,41.0,108.0,1.0,0,1.0
170,4,474.0,346.0,179.0,113.0,1.0,3,0.683
170,5,414.0,278.0,54.0,90.0,1.0,0,0.407
171,1,517.0,414.0,27.0,93.0,1.0,0,0.741
171,2,456.0,334.0,268.0,169.0,1.0,3,0.412
171,3,286.0,391.0,41.0,108.0,1.0,0,1.0
171,4,471.0,346.0,179.0,113.0,1.0,3,0.659
171,5,416.0,278.0,54.0,90.0,1.0,0,0.37
172,1,520.0,414.0,27.0,93.0,1.0,0,0.852
172,2,453.0,334.0,268.0,169.0,1.0,3,0.406
172,3,288.0,390.0,41.0,108.0,1.0,0,1.0
172,4,468.0,346.0,179.0,113.0,1.0,3,0.636
172,5,418.0,278.0,54.0,90.0,1.0,0,0.333
173,1,524.0,414.0,27.0,93.0,1.0,0,1.0
173,2,449.0,334.0,268.0,169.0,1.0,3,0.397
173,3,291.0,390.0,41.0,108.0,1.0,0,1.0
173,4,464.0,346.0,179.0,113.0,1.0,3,0.605
173,5,419.0,279.0,54.0,90.0,1.0,0,0.315
174,1,527.0,414.0,27.0,93.0,1.0,0,1.0
174,2,446.0,334.0,268.0,169.0,1.0,3,0.393
174,3,293.0,390.0,41.0,108.0,1.0,0,1.0
174,4,461.0,345.0,179.0,113.0,1.0,3,0.589
174,5,421.0,279.0,54.0,90.0,1.0,0,0.278
175,1,530.0,414.0,27.0,93.0,1.0,0,1.0
175,2,443.0,334.0,268.0,169.0,1.0,3,0.389
175,3,295.0,390.0,41.0,108.0,1.0,0,1.0
175,4,458.0,345.0,179.0,113.0,1.0,3,0.573
175,5,423.0,279.0,54.0,90.0,1.0,0,0.241
176,1,534.0,414.0,27.0,93.0,1.0,0,1.0
176,2,439.0,334.0,268.0,169.0,1.0,3,0.384
176,3,297.0,390.0,41.0,108.0,1.0,0,1.0
176,4,454.0,345.0,179.0,113.0,1.0,3,0.55
176,5,425.0,279.0,54.0,90.0,1.0,0,0.204
177,1,537.0,414.0,27.0,93.0,1.0,0,1.0
177,2,436.0,334.0,268.0,169.0,1.0,3,0.38
177,3,300.0,389.0,41.0,108.0,1.0,0,1.0
177,4,451.0,345.0,179.0,113.0,1.0,3,0.533
177,5,427.0,280.0,54.0,90.0,1.0,0,0.167
178,1,540.0,414.0,27.0,93.0,1.0,0,1.0
178,2,433.0,334.0,268.0,169.0,1.0,3,0.388
178,3,302.0,389.0,41.0,108.0,1.0,0,1.0
178,4,448.0,345.0,179.0,113.0,1.0,3,0.517
178,5,429.0,280.0,54.0,90.0,1.0,0,0.107
179,1,543.0,414.0,27.0,93.0,1.0,0,1.0
179,2,429.0,334.0,268.0,169.0,1.0,3,0.401
179,3,304.0,389.0,41.0,108.0,1.0,0,1.0
179,4,444.0,344.0,178.0,112.0,1.0,3,0.494
179,5,431.0,280.0,54.0,90.0,1.0,0,0.056
180,1,547.0,414.0,27.0,93.0,1.0,0,1.0
180,2,426.0,334.0,268.0,169.0,1.0,3,0.409
180,3,306.0,389.0,41.0,108.0,1.0,0,1.0
180,4,441.0,344.0,178.0,112.0,1.0,3,0.477
180,5,433.0,280.0,54.0,90.0,1.0,0,0.033
181,1,550.0,414.0,27.0,93.0,1.0,0,1.0
181,2,423.0,334.0,268.0,169.0,1.0,3,0.416
181,3,308.0,389.0,41.0,108.0,1.0,0,1.0
181,4,438.0,344.0,178.0,112.0,1.0,3,0.46
181,5,435.0,281.0,54.0,90.0,1.0,0,0.011
182,1,553.0,414.0,27.0,93.0,1.0,0,1.0
182,2,419.0,334.0,268.0,169.0,1.0,3,0.421
182,3,311.0,389.0,41.0,108.0,1.0,0,1.0
182,4,434.0,344.0,178.0,112.0,1.0,3,0.449
182,5,437.0,281.0,54.0,91.0,1.0,0,0.0
183,1,557.0,414.0,27.0,93.0,1.0,0,1.0
183,2,416.0,334.0,268.0,169.0,1.0,3,0.42
183,3,313.0,388.0,41.0,108.0,1.0,0,1.0
183,4,431.0,343.0,178.0,112.0,1.0,3,0.45
183,5,439.0,281.0,54.0,91.0,1.0,0,0.0
184,1,560.0,414.0,27.0,93.0,1.0,0,1.0
184,2,413.0,334.0,270.0,170.0,1.0,3,0.426
184,3,315.0,388.0,42.0,109.0,1.0,0,1.0
184,4,428.0,343.0,178.0,112.0,1.0,3,0.45
184,5,441.0,281.0,54.0,91.0,1.0,0,0.0
185,1,563.0,414.0,27.0,93.0,1.0,0,1.0
185,2,409.0,334.0,270.0,170.0,1.0,3,0.426
185,3,317.0,388.0,42.0,109.0,1.0,0,1.0
185,4,424.0,343.0,178.0,112.0,1.0,3,0.45
185,5,443.0,282.0,54.0,91.0,1.0,0,0.0
186,1,567.0,414.0,27.0,93.0,1.0,0,1.0
186,2,406.0,334.0,270.0,170.0,1.0,3,0.426
186,3,319.0,388.0,42.0,109.0,1.0,0,1.0
186,4,421.0,343.0,178.0,112.0,1.0,3,0.45
186,5,445.0,282.0,54.0,91.0,1.0,0,0.0
187,1,570.0,414.0,27.0,93.0,1.0,0,1.0
187,2,403.0,334.0,270.0,170.0,1.0,3,0.424
187,3,322.0,388.0,42.0,109.0,1.0,0,1.0
187,4,418.0,342.0,178.0,112.0,1.0,3,0.453
187,5,447.0,282.0,54.0,91.0,1.0,0,0.0
188,1,573.0,414.0,27.0,93.0,1.0,0,1.0
188,2,399.0,334.0,270.0,170.0,1.0,3,0.418
188,3,324.0,388.0,42.0,109.0,1.0,0,1.0
188,4,414.0,342.0,178.0,112.0,1.0,3,0.467
188,5,449.0,282.0,54.0,91.0,1.0,0,0.0
189,1,576.0,414.0,27.0,94.0,1.0,0,1.0
189,2,396.0,334.0,270.0,170.0,1.0,3,0.413
189,3,326.0,387.0,42.0,109.0,1.0,0,1.0
189,4,411.0,342.0,178.0,112.0,1.0,3,0.48
189,5,450.0,282.0,54.0,91.0,1.0,0,0.0
190,1,580.0,414.0,27.0,94.0,1.0,0,1.0
190,2,393.0,334.0,270.0,170.0,1.0,3,0.407
190,3,328.0,387.0,42.0,109.0,1.0,0,1.0
190,4,408.0,342.0,178.0,112.0,1.0,3,0.494
190,5,452.0,283.0,54.0,91.0,1.0,0,0.0
191,1,583.0,414.0,27.0,94.0,1.0,0,1.0
191,2,389.0,334.0,270.0,170.0,1.0,3,0.402
191,3,330.0,387.0,42.0,109.0,1.0,0,1.0
191,4,404.0,341.0,178.0,112.0,1.0,3,0.506
191,5,454.0,283.0,54.0,91.0,1.0,0,0.0
192,1,586.0,414.0,27.0,94.0,1.0,0,1.0
192,2,386.0,334.0,270.0,170.0,1.0,3,0.402
192,3,333.0,387.0,42.0,109.0,1.0,0,1.0
192,4,401.0,341.0,178.0,112.0,1.0,3,0.506
192,5,456.0,283.0,54.0,91.0,1.0,0,0.0
193,1,590.0,414.0,27.0,94.0,1.0,0,1.0
193,2,383.0,334.0,270.0,170.0,1.0,3,0.402
193,3,335.0,387.0,42.0,109.0,1.0,0,1.0
193,4,397.0,341.0,178.0,112.0,1.0,3,0.506
193,5,458.0,283.0,54.0,91.0,1.0,0,0.0
194,1,593.0,414.0,27.0,94.0,1.0,0,1.0
194,2,379.0,334.0,270.0,170.0,1.0,3,0.402
194,3,337.0,387.0,42.0,109.0,1.0,0,1.0
194,4,394.0,341.0,178.0,112.0,1.0,3,0.506
194,5,460.0,284.0,54.0,91.0,1.0,0,0.0
195,1,596.0,415.0,27.0,94.0,1.0,0,1.0
195,2,376.0,334.0,270.0,170.0,1.0,3,0.39
195,3,339.0,386.0,42.0,109.0,1.0,0,1.0
195,4,391.0,340.0,178.0,112.0,1.0,3,0.506
195,5,462.0,284.0,54.0,91.0,1.0,0,0.0
196,1,600.0,415.0,27.0,94.0,1.0,0,1.0
196,2,373.0,334.0,270.0,170.0,1.0,3,0.378
196,3,341.0,386.0,42.0,109.0,1.0,0,1.0
196,4,387.0,340.0,178.0,112.0,1.0,3,0.506
196,5,464.0,284.0,54.0,91.0,1.0,0,0.0
197,1,603.0,415.0,27.0,94.0,1.0,0,1.0
197,2,369.0,334.0,270.0,170.0,1.0,3,0.371
197,3,344.0,386.0,42.0,109.0,1.0,0,1.0
197,4,384.0,340.0,176.0,111.0,1.0,3,0.493
197,5,466.0,284.0,54.0,91.0,1.0,0,0.0
198,1,606.0,415.0,27.0,94.0,1.0,0,1.0
198,2,366.0,334.0,270.0,170.0,1.0,3,0.367
198,3,346.0,386.0,42.0,109.0,1.0,0,1.0
198,4,381.0,340.0,176.0,111.0,1.0,3,0.477
198,5,468.0,285.0,54.0,91.0,1.0,0,0.0
199,1,609.0,415.0,27.0,94.0,1.0,0,1.0
199,2,363.0,334.0,270.0,170.0,1.0,3,0.369
199,3,348.0,386.0,42.0,109.0,1.0,0,1.0
199,4,377.0,339.0,176.0,111.0,1.0,3,0.457
199,5,470.0,285.0,54.0,91.0,1.0,0,0.0
200,1,613.0,415.0,27.0,94.0,1.0,0,1.0
200,2,359.0,334.0,270.0,170.0,1.0,3,0.377
200,3,350.0,386.0,42.0,109.0,1.0,0,1.0
200,4,374.0,339.0,176.0,111.0,1.0,3,0.441
200,5,472.0,285.0,54.0,91.0,1.0,0,0.02
201,1,616.0,415.0,27.0,94.0,1.0,0,1.0
201,2,356.0,334.0,271.0,171.0,1.0,3,0.386
201,3,352.0,385.0,42.0,109.0,1.0,0,1.0
201,4,371.0,339.0,176.0,111.0,1.0,3,0.423
201,5,474.0,285.0,54.0,91.0,1.0,0,0.04
202,1,619.0,415.0,27.0,94.0,1.0,0,1.0
202,2,353.0,334.0,271.0,171.0,1.0,3,0.398
202,3,355.0,385.0,42.0,109.0,1.0,0,1.0
202,4,367.0,339.0,176.0,111.0,1.0,3,0.4
202,5,476.0,286.0,55.0,92.0,1.0,0,0.066
203,1,623.0,415.0,27.0,94.0,1.0,0,1.0
203,2,349.0,334.0,271.0,171.0,1.0,3,0.414
203,3,357.0,385.0,42.0,109.0,1.0,0,1.0
203,4,364.0,338.0,176.0,111.0,1.0,3,0.385
203,5,478.0,286.0,55.0,92.0,1.0,0,0.085
204,1,626.0,415.0,27.0,94.0,1.0,0,1.0
204,2,346.0,334.0,271.0,171.0,1.0,3,0.421
204,3,359.0,385.0,42.0,109.0,1.0,0,1.0
204,4,361.0,338.0,176.0,111.0,1.0,3,0.369
204,5,480.0,286.0,55.0,92.0,1.0,0,0.104
205,1,629.0,415.0,27.0,94.0,1.0,0,1.0
205,2,343.0,334.0,271.0,171.0,1.0,3,0.424
205,3,361.0,385.0,42.0,109.0,1.0,0,1.0
205,4,357.0,338.0,176.0,111.0,1.0,3,0.362
205,5,481.0,286.0,55.0,92.0,1.0,0,0.114
206,1,632.0,415.0,27.0,94.0,1.0,0,1.0
206,2,339.0,334.0,271.0,171.0,1.0,3,0.424
206,3,363.0,385.0,42.0,109.0,1.0,0,1.0
206,4,354.0,338.0,176.0,111.0,1.0,3,0.362
206,5,483.0,287.0,55.0,92.0,1.0,0,0.13
207,1,636.0,415.0,27.0,94.0,1.0,0,1.0
207,2,336.0,334.0,271.0,171.0,1.0,3,0.424
207,3,366.0,384.0,42.0,109.0,1.0,0,1.0
207,4,351.0,337.0,176.0,111.0,1.0,3,0.362
207,5,485.0,287.0,55.0,92.0,1.0,0,0.149
208,1,639.0,415.0,27.0,94.0,1.0,0,1.0
208,2,333.0,334.0,271.0,171.0,1.0,3,0.421
208,3,368.0,384.0,42.0,109.0,1.0,0,1.0
208,4,347.0,337.0,176.0,111.0,1.0,3,0.368
208,5,487.0,287.0,55.0,92.0,1.0,0,0.167
209,1,642.0,415.0,27.0,94.0,1.0,0,1.0
209,2,329.0,334.0,271.0,171.0,1.0,3,0.413
209,3,370.0,384.0,42.0,110.0,1.0,0,1.0
209,4,344.0,337.0,176.0,111.0,1.0,3,0.385
209,5,489.0,287.0,55.0,92.0,1.0,0,0.186
210,1,646.0,415.0,27.0,94.0,1.0,0,1.0
210,2,326.0,334.0,271.0,171.0,1.0,3,0.406
210,3,372.0,384.0,42.0,110.0,1.0,0,1.0
210,4,341.0,337.0,176.0,111.0,1.0,3,0.402
210,5,491.0,287.0,55.0,92.0,1.0,0,0.204
211,1,649.0,415.0,27.0,94.0,1.0,0,1.0
211,2,323.0,334.0,271.0,171.0,1.0,3,0.396
211,3,374.0,384.0,42.0,110.0,1.0,0,1.0
211,4,337.0,336.0,176.0,111.0,1.0,3,0.427
211,5,493.0,288.0,55.0,92.0,1.0,0,0.218
212,1,652.0,415.0,27.0,94.0,1.0,0,1.0
212,2,319.0,334.0,271.0,171.0,1.0,3,0.388
212,3,377.0,384.0,42.0,110.0,1.0,0,1.0
212,4,334.0,336.0,176.0,111.0,1.0,3,0.444
212,5,495.0,288.0,55.0,92.0,1.0,0,0.236
213,1,656.0,415.0,27.0,94.0,1.0,0,1.0
213,2,316.0,334.0,271.0,171.0,1.0,3,0.382
213,3,379.0,383.0,42.0,110.0,1.0,0,1.0
213,4,331.0,336.0,176.0,111.0,1.0,3,0.459
213,5,497.0,288.0,55.0,92.0,1.0,0,0.255
214,1,659.0,415.0,27.0,94.0,1.0,0,1.0
214,2,313.0,335.0,271.0,171.0,1.0,3,0.372
214,3,381.0,383.0,42.0,110.0,1.0,0,1.0
214,4,327.0,336.0,176.0,111.0,1.0,3,0.482
214,5,499.0,288.0,55.0,92.0,1.0,0,0.279
215,1,662.0,415.0,27.0,94.0,1.0,0,1.0
215,2,309.0,335.0,271.0,171.0,1.0,3,0.367
215,3,383.0,383.0,42.0,110.0,1.0,0,1.0
215,4,324.0,336.0,175.0,110.0,1.0,3,0.503
215,5,501.0,289.0,55.0,92.0,1.0,0,0.291
216,1,665.0,415.0,27.0,94.0,1.0,0,1.0
216,2,306.0,335.0,271.0,171.0,1.0,3,0.359
216,3,386.0,383.0,42.0,110.0,1.0,0,1.0
216,4,321.0,335.0,175.0,110.0,1.0,3,0.522
216,5,503.0,289.0,55.0,92.0,1.0,0,0.309
217,1,669.0,415.0,27.0,94.0,1.0,0,1.0
217,2,303.0,335.0,271.0,171.0,1.0,3,0.349
217,3,388.0,383.0,42.0,110.0,1.0,0,1.0
217,4,317.0,335.0,175.0,110.0,1.0,3,0.545
217,5,505.0,289.0,55.0,92.0,1.0,0,0.327
218,1,672.0,415.0,27.0,94.0,1.0,0,1.0
218,2,299.0,335.0,271.0,171.0,1.0,3,0.342
218,3,390.0,383.0,42.0,110.0,1.0,0,1.0
218,4,314.0,335.0,175.0,110.0,1.0,3,0.562
218,5,507.0,289.0,55.0,92.0,1.0,0,0.345
219,1,675.0,415.0,27.0,94.0,1.0,0,1.0
219,2,296.0,335.0,273.0,172.0,1.0,3,0.579
219,3,392.0,382.0,42.0,110.0,1.0,0,1.0
219,4,311.0,335.0,175.0,110.0,1.0,3,0.0
219,5,509.0,290.0,55.0,92.0,1.0,0,0.356
220,1,679.0,415.0,27.0,94.0,1.0,0,1.0
220,2,293.0,335.0,273.0,172.0,1.0,3,0.579
220,3,394.0,382.0,42.0,110.0,1.0,0,1.0
220,4,307.0,334.0,175.0,110.0,1.0,3,0.007
220,5,511.0,290.0,55.0,92.0,1.0,0,0.374
221,1,682.0,415.0,27.0,94.0,1.0,0,1.0
221,2,289.0,335.0,273.0,172.0,1.0,3,0.586
221,3,397.0,382.0,42.0,110.0,1.0,0,0.929
221,4,304.0,334.0,175.0,110.0,1.0,3,0.007
221,5,512.0,290.0,55.0,92.0,1.0,0,0.429
222,1,685.0,415.0,27.0,94.0,1.0,0,1.0
222,2,286.0,335.0,273.0,172.0,1.0,3,0.591
222,3,399.0,382.0,42.0,110.0,1.0,0,0.881
222,4,301.0,334.0,175.0,110.0,1.0,3,0.007
222,5,514.0,290.0,55.0,93.0,1.0,0,0.49
223,1,688.0,415.0,27.0,94.0,1.0,0,1.0
223,2,283.0,335.0,273.0,172.0,1.0,3,0.596
223,3,401.0,382.0,42.0,110.0,1.0,0,0.833
223,4,297.0,334.0,175.0,110.0,1.0,3,0.007
223,5,516.0,291.0,55.0,93.0,1.0,0,0.548
224,1,692.0,415.0,27.0,94.0,1.0,0,1.0
224,2,279.0,335.0,273.0,172.0,1.0,3,0.6
224,3,403.0,382.0,42.0,110.0,1.0,0,0.786
224,4,294.0,333.0,175.0,110.0,1.0,3,0.015
224,5,518.0,291.0,55.0,93.0,1.0,0,0.623
225,1,695.0,415.0,27.0,94.0,1.0,0,1.0
225,2,276.0,335.0,273.0,172.0,1.0,3,0.605
225,3,405.0,381.0,42.0,110.0,1.0,0,0.738
225,4,291.0,333.0,175.0,110.0,1.0,3,0.015
225,5,520.0,291.0,55.0,93.0,1.0,0,0.688
226,1,698.0,415.0,27.0,94.0,1.0,0,1.0
226,2,273.0,335.0,273.0,172.0,1.0,3,0.612
226,3,408.0,381.0,42.0,110.0,1.0,0,0.667
226,4,287.0,333.0,175.0,110.0,1.0,3,0.015
226,5,522.0,291.0,55.0,93.0,1.0,0,0.753
227,1,702.0,415.0,27.0,94.0,1.0,0,1.0
227,2,269.0,335.0,273.0,172.0,1.0,3,0.617
227,3,410.0,381.0,42.0,110.0,1.0,0,0.619
227,4,284.0,333.0,175.0,110.0,1.0,3,0.016
227,5,524.0,292.0,55.0,93.0,1.0,0,0.824
228,1,705.0,415.0,27.0,94.0,1.0,0,1.0
228,2,266.0,335.0,273.0,172.0,1.0,3,0.621
228,3,412.0,381.0,42.0,110.0,1.0,0,0.571
228,4,280.0,332.0,175.0,110.0,1.0,3,0.024
228,5,526.0,292.0,55.0,93.0,1.0,0,0.873
229,1,708.0,415.0,27.0,94.0,1.0,0,1.0
229,2,263.0,335.0,273.0,172.0,1.0,3,0.626
229,3,414.0,381.0,42.0,110.0,1.0,0,0.524
229,4,277.0,332.0,175.0,110.0,1.0,3,0.025
229,5,528.0,292.0,55.0,93.0,1.0,0,0.922
230,1,712.0,415.0,27.0,94.0,1.0,0,1.0
230,2,259.0,335.0,273.0,172.0,1.0,3,0.631
230,3,416.0,380.0,42.0,110.0,1.0,0,0.476
230,4,274.0,332.0,175.0,110.0,1.0,3,0.025
230,5,530.0,292.0,55.0,93.0,1.0,0,0.98
231,1,715.0,415.0,27.0,94.0,1.0,0,1.0
231,2,256.0,335.0,273.0,172.0,1.0,3,0.638
231,3,419.0,380.0,42.0,110.0,1.0,0,0.405
231,4,270.0,332.0,175.0,110.0,1.0,3,0.026
231,5,532.0,292.0,55.0,93.0,1.0,0,1.0
232,1,718.0,415.0,27.0,94.0,1.0,0,1.0
232,2,253.0,335.0,273.0,172.0,1.0,3,0.643
232,3,421.0,380.0,42.0,110.0,1.0,0,0.357
232,4,267.0,331.0,175.0,110.0,1.0,3,0.035
232,5,534.0,293.0,55.0,93.0,1.0,0,1.0
233,1,721.0,415.0,27.0,94.0,1.0,0,1.0
233,2,249.0,335.0,273.0,172.0,1.0,3,0.655
233,3,423.0,380.0,42.0,110.0,1.0,0,0.31
233,4,264.0,331.0,173.0,109.0,1.0,3,0.036
233,5,536.0,293.0,55.0,93.0,1.0,0,1.0
234,1,725.0,415.0,27.0,95.0,1.0,0,1.0
234,2,246.0,335.0,273.0,172.0,1.0,3,0.67
234,3,425.0,380.0,42.0,110.0,1.0,0,0.262
234,4,260.0,331.0,173.0,109.0,1.0,3,0.037
234,5,538.0,293.0,55.0,93.0,1.0,0,1.0
235,1,728.0,415.0,27.0,95.0,1.0,0,1.0
235,2,243.0,335.0,273.0,172.0,1.0,3,0.686
235,3,427.0,380.0,42.0,111.0,1.0,0,0.214
235,4,257.0,331.0,173.0,109.0,1.0,3,0.037
235,5,540.0,293.0,55.0,93.0,1.0,0,1.0
236,1,731.0,415.0,27.0,95.0,1.0,0,1.0
236,2,239.0,335.0,273.0,172.0,1.0,3,0.707
236,3,430.0,379.0,42.0,111.0,1.0,0,0.143
236,4,254.0,330.0,173.0,109.0,1.0,3,0.046
236,5,542.0,294.0,55.0,93.0,1.0,0,1.0
237,1,735.0,415.0,27.0,95.0,1.0,0,1.0
237,2,236.0,335.0,275.0,173.0,1.0,3,0.718
237,3,432.0,379.0,42.0,111.0,1.0,0,0.095
237,4,250.0,330.0,173.0,109.0,1.0,3,0.046
237,5,543.0,294.0,55.0,93.0,1.0,0,1.0
238,1,738.0,415.0,27.0,95.0,1.0,0,1.0
238,2,233.0,335.0,275.0,173.0,1.0,3,0.734
238,3,434.0,379.0,42.0,111.0,1.0,0,0.048
238,4,247.0,330.0,173.0,109.0,1.0,3,0.046
238,5,545.0,294.0,55.0,93.0,1.0,0,1.0
239,1,741.0,415.0,27.0,95.0,1.0,0,1.0
239,2,229.0,335.0,275.0,173.0,1.0,3,0.753
239,3,436.0,379.0,42.0,111.0,1.0,0,0.0
239,4,244.0,330.0,173.0,109.0,1.0,3,0.046
239,5,547.0,294.0,55.0,93.0,1.0,0,1.0
240,1,745.0,415.0,27.0,95.0,1.0,0,1.0
240,2,226.0,335.0,275.0,173.0,1.0,3,0.764
240,3,438.0,379.0,42.0,111.0,1.0,0,0.0
240,4,240.0,329.0,173.0,109.0,1.0,3,0.055
240,5,549.0,295.0,55.0,93.0,1.0,0,1.0
241,1,748.0,415.0,27.0,95.0,1.0,0,1.0
241,2,223.0,335.0,275.0,173.0,1.0,3,0.775
241,3,441.0,379.0,42.0,111.0,1.0,0,0.0
241,4,237.0,329.0,173.0,109.0,1.0,3,0.055
241,5,551.0,295.0,56.0,94.0,1.0,0,1.0
242,1,751.0,415.0,27.0,95.0,1.0,0,1.0
242,2,219.0,335.0,275.0,173.0,1.0,3,0.789
242,3,443.0,378.0,42.0,111.0,1.0,0,0.0
242,4,234.0,329.0,173.0,109.0,1.0,3,0.055
242,5,553.0,295.0,56.0,94.0,1.0,0,1.0
243,1,754.0,415.0,27.0,95.0,1.0,0,1.0
243,2,216.0,335.0,275.0,173.0,1.0,3,0.8
243,3,445.0,378.0,42.0,111.0,1.0,0,0.0
243,4,230.0,329.0,173.0,109.0,1.0,3,0.055
243,5,555.0,295.0,56.0,94.0,1.0,0,1.0
244,1,758.0,415.0,27.0,95.0,1.0,0,1.0
244,2,213.0,335.0,275.0,173.0,1.0,3,0.811
244,3,447.0,378.0,42.0,111.0,1.0,0,0.0
244,4,227.0,328.0,173.0,109.0,1.0,3,0.064
244,5,557.0,296.0,56.0,94.0,1.0,0,1.0
245,1,761.0,415.0,27.0,95.0,1.0,0,1.0
245,2,209.0,335.0,275.0,173.0,1.0,3,0.825
245,3,449.0,378.0,42.0,111.0,1.0,0,0.0
245,4,224.0,328.0,173.0,109.0,1.0,3,0.064
245,5,559.0,296.0,56.0,94.0,1.0,0,1.0
246,1,764.0,415.0,27.0,95.0,1.0,0,1.0
246,2,206.0,335.0,275.0,173.0,1.0,3,0.836
246,3,452.0,378.0,42.0,111.0,1.0,0,0.0
246,4,220.0,328.0,173.0,109.0,1.0,3,0.064
246,5,561.0,296.0,56.0,94.0,1.0,0,1.0
247,1,768.0,415.0,27.0,95.0,1.0,0,1.0
247,2,203.0,335.0,275.0,173.0,1.0,3,0.847
247,3,454.0,378.0,42.0,111.0,1.0,0,0.0
247,4,217.0,328.0,173.0,109.0,1.0,3,0.064
247,5,563.0,296.0,56.0,94.0,1.0,0,1.0
248,1,771.0,415.0,27.0,95.0,1.0,0,1.0
248,2,199.0,335.0,275.0,173.0,1.0,3,0.862
248,3,456.0,377.0,42.0,111.0,1.0,0,0.0
248,4,214.0,328.0,173.0,109.0,1.0,3,0.064
248,5,565.0,297.0,56.0,94.0,1.0,0,1.0
249,1,774.0,415.0,27.0,95.0,1.0,0,1.0
249,2,196.0,335.0,275.0,173.0,1.0,3,0.873
249,3,458.0,377.0,42.0,111.0,1.0,0,0.0
249,4,210.0,327.0,173.0,109.0,1.0,3,0.073
249,5,567.0,297.0,56.0,94.0,1.0,0,1.0
250,1,777.0,415.0,27.0,95.0,1.0,0,1.0
250,2,193.0,335.0,275.0,173.0,1.0,3,0.884
250,3,461.0,377.0,42.0,111.0,1.0,0,0.0
250,4,207.0,327.0,173.0,109.0,1.0,3,0.073
250,5,569.0,297.0,56.0,94.0,1.0,0,1.0
251,1,781.0,415.0,27.0,95.0,1.0,0,1.0
251,2,189.0,335.0,275.0,173.0,1.0,3,0.898
251,3,463.0,377.0,42.0,111.0,1.0,0,0.0
251,4,204.0,327.0,171.0,108.0,1.0,3,0.074
251,5,571.0,297.0,56.0,94.0,1.0,0,1.0
252,1,784.0,415.0,27.0,95.0,1.0,0,1.0
252,2,186.0,335.0,275.0,173.0,1.0,3,0.909
252,3,465.0,377.0,42.0,111.0,1.0,0,0.0
252,4,200.0,327.0,171.0,108.0,1.0,3,0.074
252,5,573.0,297.0,56.0,94.0,1.0,0,1.0
253,1,787.0,415.0,27.0,95.0,1.0,0,1.0
253,2,183.0,335.0,275.0,173.0,1.0,3,0.92
253,3,467.0,377.0,42.0,111.0,1.0,0,0.0
253,4,197.0,326.0,171.0,108.0,1.0,3,0.083
253,5,574.0,298.0,56.0,94.0,1.0,0,1.0
254,1,791.0,415.0,27.0,95.0,1.0,0,1.0
254,2,179.0,335.0,276.0,174.0,1.0,3,0.931
254,3,469.0,376.0,42.0,111.0,1.0,0,0.0
254,4,194.0,326.0,171.0,108.0,1.0,3,0.083
254,5,576.0,298.0,56.0,94.0,1.0,0,1.0
255,1,794.0,415.0,27.0,95.0,1.0,0,1.0
255,2,176.0,335.0,276.0,174.0,1.0,3,0.942
255,3,472.0,376.0,42.0,111.0,1.0,0,0.0
255,4,190.0,326.0,171.0,108.0,1.0,3,0.083
255,5,578.0,298.0,56.0,94.0,1.0,0,1.0
256,1,797.0,415.0,27.0,95.0,1.0,0,1.0
256,2,172.0,335.0,276.0,174.0,1.0,3,0.957
256,3,474.0,376.0,42.0,111.0,1.0,0,0.0
256,4,187.0,326.0,171.0,108.0,1.0,3,0.083
256,5,580.0,298.0,56.0,94.0,1.0,0,1.0
257,1,801.0,416.0,27.0,95.0,1.0,0,1.0
257,2,169.0,335.0,276.0,174.0,1.0,3,0.967
257,3,476.0,376.0,42.0,111.0,1.0,0,0.0
257,4,184.0,325.0,171.0,108.0,1.0,3,0.093
257,5,582.0,299.0,56.0,94.0,1.0,0,1.0
258,1,804.0,416.0,27.0,95.0,1.0,0,1.0
258,2,166.0,335.0,276.0,174.0,1.0,3,0.978
258,3,478.0,376.0,42.0,111.0,1.0,0,0.0
258,4,180.0,325.0,171.0,108.0,1.0,3,0.093
258,5,584.0,299.0,56.0,94.0,1.0,0,1.0
259,1,807.0,416.0,27.0,95.0,1.0,0,1.0
259,2,162.0,335.0,276.0,174.0,1.0,3,0.993
259,3,480.0,376.0,42.0,111.0,1.0,0,0.0
259,4,177.0,325.0,171.0,108.0,1.0,3,0.093
259,5,586.0,299.0,56.0,94.0,1.0,0,1.0
260,1,810.0,416.0,27.0,95.0,1.0,0,1.0
260,2,159.0,335.0,276.0,174.0,1.0,3,1.0
260,3,483.0,375.0,42.0,111.0,1.0,0,0.024
260,4,174.0,325.0,171.0,108.0,1.0,3,0.093
260,5,588.0,299.0,56.0,94.0,1.0,0,1.0
261,1,814.0,416.0,27.0,95.0,1.0,0,1.0
261,2,156.0,335.0,276.0,174.0,1.0,3,1.0
261,3,485.0,375.0,43.0,112.0,1.0,0,0.093
261,4,170.0,324.0,171.0,108.0,1.0,3,0.102
261,5,590.0,300.0,57.0,95.0,1.0,0,1.0
262,1,817.0,416.0,27.0,95.0,1.0,0,1.0
262,2,152.0,336.0,276.0,174.0,1.0,3,1.0
262,3,487.0,375.0,43.0,112.0,1.0,0,0.14
262,4,167.0,324.0,171.0,108.0,1.0,3,0.111
262,5,592.0,300.0,57.0,95.0,1.0,0,1.0
263,1,820.0,416.0,27.0,95.0,1.0,0,1.0
263,2,149.0,336.0,276.0,174.0,1.0,3,1.0
263,3,489.0,375.0,43.0,112.0,1.0,0,0.186
263,4,163.0,324.0,171.0,108.0,1.0,3,0.111
263,5,594.0,300.0,57.0,95.0,1.0,0,1.0
264,1,824.0,416.0,27.0,95.0,1.0,0,1.0
264,2,146.0,336.0,276.0,174.0,1.0,3,1.0
264,3,491.0,375.0,43.0,112.0,1.0,0,0.233
264,4,160.0,324.0,171.0,108.0,1.0,3,0.111
264,5,596.0,300.0,57.0,95.0,1.0,0,1.0
265,1,827.0,416.0,27.0,95.0,1.0,0,1.0
265,2,142.0,336.0,276.0,174.0,1.0,3,1.0
265,3,494.0,375.0,43.0,112.0,1.0,0,0.302
265,4,157.0,323.0,171.0,108.0,1.0,3,0.12
265,5,598.0,301.0,57.0,95.0,1.0,0,1.0
266,1,830.0,416.0,27.0,95.0,1.0,0,1.0
266,2,139.0,336.0,276.0,174.0,1.0,3,1.0
266,3,496.0,374.0,43.0,112.0,1.0,0,0.349
266,4,153.0,323.0,171.0,108.0,1.0,3,0.12
266,5,600.0,301.0,57.0,95.0,1.0,0,1.0
267,1,834.0,416.0,27.0,95.0,1.0,0,1.0
267,2,136.0,336.0,276.0,174.0,1.0,3,1.0
267,3,498.0,374.0,43.0,112.0,1.0,0,0.395
267,4,150.0,323.0,171.0,108.0,1.0,3,0.12
267,5,602.0,301.0,57.0,95.0,1.0,0,1.0
268,1,837.0,416.0,27.0,95.0,1.0,0,1.0
268,2,132.0,336.0,276.0,174.0,1.0,3,1.0
268,3,500.0,374.0,43.0,112.0,1.0,0,0.442
268,4,147.0,323.0,171.0,108.0,1.0,3,0.12
268,5,603.0,301.0,57.0,95.0,1.0,0,1.0
269,1,840.0,416.0,27.0,95.0,1.0,0,1.0
269,2,129.0,336.0,276.0,174.0,1.0,3,1.0
269,3,502.0,374.0,43.0,112.0,1.0,0,0.488
269,4,143.0,322.0,170.0,107.0,1.0,3,0.131
269,5,605.0,301.0,57.0,95.0,1.0,0,1.0
270,1,843.0,416.0,27.0,95.0,1.0,0,1.0
270,2,126.0,336.0,276.0,174.0,1.0,3,1.0
270,3,505.0,374.0,43.0,112.0,1.0,0,0.558
270,4,140.0,322.0,170.0,107.0,1.0,3,0.131
270,5,607.0,302.0,57.0,95.0,1.0,0,1.0
271,1,847.0,416.0,27.0,95.0,1.0,0,1.0
271,2,122.0,336.0,276.0,174.0,1.0,3,1.0
271,3,507.0,374.0,43.0,112.0,1.0,0,0.605
271,4,137.0,322.0,170.0,107.0,1.0,3,0.131
271,5,609.0,302.0,57.0,95.0,1.0,0,1.0
272,1,850.0,416.0,27.0,95.0,1.0,0,1.0
272,2,119.0,336.0,278.0,175.0,1.0,3,1.0
272,3,509.0,373.0,43.0,112.0,1.0,0,0.651
272,4,133.0,322.0,170.0,107.0,1.0,3,0.131
272,5,611.0,302.0,57.0,95.0,1.0,0,1.0
273,1,853.0,416.0,27.0,95.0,1.0,0,1.0
273,2,116.0,336.0,278.0,175.0,1.0,3,1.0
273,3,511.0,373.0,43.0,112.0,1.0,0,0.698
273,4,130.0,321.0,170.0,107.0,1.0,3,0.14
273,5,613.0,302.0,57.0,95.0,1.0,0,1.0
274,1,857.0,416.0,27.0,95.0,1.0,0,1.0
274,2,112.0,336.0,278.0,175.0,1.0,3,1.0
274,3,513.0,373.0,43.0,112.0,1.0,0,0.744
274,4,127.0,321.0,170.0,107.0,1.0,3,0.14
274,5,615.0,303.0,57.0,95.0,1.0,0,1.0
275,1,860.0,416.0,27.0,95.0,1.0,0,1.0
275,2,109.0,336.0,278.0,175.0,1.0,3,1.0
275,3,516.0,373.0,43.0,112.0,1.0,0,0.814
275,4,123.0,321.0,170.0,107.0,1.0,3,0.14
275,5,617.0,303.0,57.0,95.0,1.0,0,1.0
276,1,863.0,416.0,27.0,95.0,1.0,0,1.0
276,2,106.0,336.0,278.0,175.0,1.0,3,1.0
276,3,518.0,373.0,43.0,112.0,1.0,0,0.86
276,4,120.0,321.0,170.0,107.0,1.0,3,0.14
276,5,619.0,303.0,57.0,95.0,1.0,0,1.0
277,1,866.0,416.0,27.0,95.0,1.0,0,1.0
277,2,102.0,336.0,278.0,175.0,1.0,3,1.0
277,3,520.0,373.0,43.0,112.0,1.0,0,0.907
277,4,117.0,320.0,170.0,107.0,1.0,3,0.15
277,5,621.0,303.0,57.0,95.0,1.0,0,1.0
278,1,870.0,416.0,28.0,96.0,1.0,0,1.0
278,2,99.0,336.0,278.0,175.0,1.0,3,1.0
278,3,522.0,372.0,43.0,112.0,1.0,0,0.953
278,4,113.0,320.0,170.0,107.0,1.0,3,0.15
278,5,623.0,304.0,57.0,95.0,1.0,0,1.0
279,1,873.0,416.0,28.0,96.0,1.0,0,1.0
279,2,96.0,336.0,278.0,175.0,1.0,3,1.0
279,3,524.0,372.0,43.0,112.0,1.0,0,1.0
279,4,110.0,320.0,170.0,107.0,1.0,3,0.15
279,5,625.0,304.0,57.0,95.0,1.0,0,1.0
280,1,876.0,416.0,28.0,96.0,1.0,0,1.0
280,2,92.0,336.0,278.0,175.0,1.0,3,1.0
280,3,527.0,372.0,43.0,112.0,1.0,0,1.0
280,4,107.0,320.0,170.0,107.0,1.0,3,0.15
280,5,627.0,304.0,57.0,95.0,1.0,0,1.0
281,1,880.0,416.0,28.0,96.0,1.0,0,1.0
281,2,89.0,336.0,278.0,175.0,1.0,3,1.0
281,3,529.0,372.0,43.0,112.0,1.0,0,1.0
281,4,103.0,319.0,170.0,107.0,1.0,3,0.159
281,5,629.0,304.0,57.0,96.0,1.0,0,1.0
282,1,883.0,416.0,28.0,96.0,1.0,0,1.0
282,2,86.0,336.0,278.0,175.0,1.0,3,1.0
282,3,531.0,372.0,43.0,112.0,1.0,0,1.0
282,4,100.0,319.0,170.0,107.0,1.0,3,0.159
282,5,631.0,305.0,57.0,96.0,1.0,0,1.0
283,1,886.0,416.0,28.0,96.0,1.0,0,1.0
283,2,82.0,336.0,278.0,175.0,1.0,3,1.0
283,3,533.0,372.0,43.0,112.0,1.0,0,1.0
283,4,97.0,319.0,170.0,107.0,1.0,3,0.159
283,5,633.0,305.0,57.0,96.0,1.0,0,1.0
284,1,890.0,416.0,28.0,96.0,1.0,0,1.0
284,2,79.0,336.0,278.0,175.0,1.0,3,1.0
284,3,535.0,371.0,43.0,112.0,1.0,0,1.0
284,4,93.0,319.0,170.0,107.0,1.0,3,0.159
284,5,634.0,305.0,57.0,96.0,1.0,0,1.0
285,1,893.0,416.0,28.0,96.0,1.0,0,1.0
285,2,76.0,336.0,278.0,175.0,1.0,3,1.0
285,3,538.0,371.0,43.0,112.0,1.0,0,1.0
285,4,90.0,319.0,170.0,107.0,1.0,3,0.159
285,5,636.0,305.0,57.0,96.0,1.0,0,1.0
286,1,896.0,416.0,28.0,96.0,1.0,0,1.0
286,2,72.0,336.0,278.0,175.0,1.0,3,1.0
286,3,540.0,371.0,43.0,112.0,1.0,0,1.0
286,4,87.0,318.0,170.0,107.0,1.0,3,0.168
286,5,638.0,306.0,57.0,96.0,1.0,0,1.0
287,1,899.0,416.0,28.0,96.0,1.0,0,1.0
287,2,69.0,336.0,278.0,175.0,1.0,3,1.0
287,3,542.0,371.0,43.0,113.0,1.0,0,1.0
287,4,83.0,318.0,168.0,106.0,1.0,3,0.17
287,5,640.0,306.0,57.0,96.0,1.0,0,1.0
288,1,903.0,416.0,28.0,96.0,1.0,0,1.0
288,2,66.0,336.0,278.0,175.0,1.0,3,1.0
288,3,544.0,371.0,43.0,113.0,1.0,0,1.0
288,4,80.0,318.0,168.0,106.0,1.0,3,0.17
288,5,642.0,306.0,57.0,96.0,1.0,0,1.0
289,1,906.0,416.0,28.0,96.0,1.0,0,1.0
289,2,62.0,336.0,278.0,175.0,1.0,3,1.0
289,3,547.0,370.0,43.0,113.0,1.0,0,1.0
289,4,77.0,318.0,168.0,106.0,1.0,3,0.17
289,5,644.0,306.0,57.0,96.0,1.0,0,1.0
290,1,909.0,416.0,28.0,96.0,1.0,0,1.0
290,2,59.0,336.0,279.0,176.0,1.0,3,1.0
290,3,549.0,370.0,43.0,113.0,1.0,0,1.0
290,4,73.0,317.0,168.0,106.0,1.0,3,0.179
290,5,646.0,306.0,57.0,96.0,1.0,0,1.0
291,1,913.0,416.0,28.0,96.0,1.0,0,1.0
291,2,56.0,336.0,279.0,176.0,1.0,3,1.0
291,3,551.0,370.0,43.0,113.0,1.0,0,1.0
291,4,70.0,317.0,168.0,106.0,1.0,3,0.179
291,5,648.0,307.0,57.0,96.0,1.0,0,1.0
292,1,916.0,416.0,28.0,96.0,1.0,0,1.0
292,2,52.0,336.0,279.0,176.0,1.0,3,1.0
292,3,553.0,370.0,43.0,113.0,1.0,0,1.0
292,4,67.0,317.0,168.0,106.0,1.0,3,0.179
292,5,650.0,307.0,57.0,96.0,1.0,0,1.0
293,1,919.0,416.0,28.0,96.0,1.0,0,1.0
293,2,49.0,336.0,279.0,176.0,1.0,3,1.0
293,3,555.0,370.0,43.0,113.0,1.0,0,1.0
293,4,63.0,317.0,168.0,106.0,1.0,3,0.179
293,5,652.0,307.0,57.0,96.0,1.0,0,1.0
294,1,922.0,416.0,28.0,96.0,1.0,0,1.0
294,2,46.0,336.0,279.0,176.0,1.0,3,1.0
294,3,558.0,370.0,43.0,113.0,1.0,0,1.0
294,4,60.0,316.0,168.0,106.0,1.0,3,0.189
294,5,654.0,307.0,57.0,96.0,1.0,0,1.0
295,1,926.0,416.0,28.0,96.0,1.0,0,1.0
295,2,42.0,336.0,279.0,176.0,1.0,3,1.0
295,3,560.0,369.0,43.0,113.0,1.0,0,1.0
295,4,57.0,316.0,168.0,106.0,1.0,3,0.189
295,5,656.0,308.0,57.0,96.0,1.0,0,1.0
296,1,929.0,416.0,28.0,96.0,1.0,0,1.0
296,2,39.0,336.0,279.0,176.0,1.0,3,1.0
296,3,562.0,369.0,43.0,113.0,1.0,0,1.0
296,4,53.0,316.0,168.0,106.0,1.0,3,0.189
296,5,658.0,308.0,57.0,96.0,1.0,0,1.0
297,1,932.0,416.0,28.0,96.0,1.0,0,1.0
297,2,36.0,336.0,279.0,176.0,1.0,3,1.0
297,3,564.0,369.0,43.0,113.0,1.0,0,1.0
297,4,50.0,316.0,168.0,106.0,1.0,3,0.189
297,5,660.0,308.0,57.0,96.0,1.0,0,1.0
298,1,936.0,416.0,28.0,96.0,1.0,0,0.857
298,2,32.0,336.0,279.0,176.0,1.0,3,1.0
298,3,566.0,369.0,43.0,113.0,1.0,0,1.0
298,4,46.0,315.0,168.0,106.0,1.0,3,0.198
298,5,662.0,308.0,57.0,96.0,1.0,0,1.0
299,1,939.0,416.0,28.0,96.0,1.0,0,0.75
299,2,29.0,336.0,279.0,176.0,1.0,3,1.0
299,3,569.0,369.0,43.0,113.0,1.0,0,1.0
299,4,43.0,315.0,168.0,106.0,1.0,3,0.198
299,5,664.0,309.0,57.0,96.0,1.0,0,1.0
300,1,942.0,416.0,28.0,96.0,1.0,0,0.643
300,2,26.0,336.0,279.0,176.0,1.0,3,1.0
300,3,571.0,369.0,43.0,113.0,1.0,0,1.0
300,4,40.0,315.0,168.0,106.0,1.0,3,0.198
300,5,665.0,309.0,57.0,96.0,1.0,0,1.0
301,1,946.0,416.0,28.0,96.0,1.0,0,0.5
301,2,22.0,336.0,279.0,176.0,1.0,3,1.0
301,3,573.0,368.0,43.0,113.0,1.0,0,1.0
301,4,36.0,315.0,168.0,106.0,1.0,3,0.198
301,5,667.0,309.0,58.0,97.0,1.0,0,1.0
302,1,949.0,416.0,28.0,96.0,1.0,0,0.393
302,2,19.0,336.0,279.0,176.0,1.0,3,1.0
302,3,575.0,368.0,43.0,113.0,1.0,0,1.0
302,4,33.0,314.0,168.0,106.0,1.0,3,0.208
302,5,669.0,309.0,58.0,97.0,1.0,0,1.0
303,1,952.0,416.0,28.0,96.0,1.0,0,0.286
303,2,16.0,336.0,279.0,176.0,1.0,3,1.0
303,3,577.0,368.0,43.0,113.0,1.0,0,1.0
303,4,30.0,314.0,168.0,106.0,1.0,3,0.208
303,5,671.0,310.0,58.0,97.0,1.0,0,1.0
304,1,955.0,416.0,28.0,96.0,1.0,0,0.179
304,2,12.0,336.0,279.0,176.0,1.0,3,1.0
304,3,580.0,368.0,43.0,113.0,1.0,0,1.0
304,4,26.0,314.0,168.0,106.0,1.0,3,0.208
304,5,673.0,310.0,58.0,97.0,1.0,0,1.0
305,1,959.0,416.0,28.0,96.0,1.0,0,0.036
305,2,9.0,336.0,279.0,176.0,1.0,3,1.0
305,3,582.0,368.0,43.0,113.0,1.0,0,1.0
305,4,23.0,314.0,167.0,105.0,1.0,3,0.21
305,5,675.0,310.0,58.0,97.0,1.0,0,1.0
306,2,6.0,336.0,279.0,176.0,1.0,3,1.0
306,3,584.0,368.0,43.0,113.0,1.0,0,1.0
306,4,20.0,313.0,167.0,105.0,1.0,3,0.219
306,5,677.0,310.0,58.0,97.0,1.0,0,1.0
307,2,2.0,336.0,281.0,177.0,1.0,3,1.0
307,3,586.0,367.0,43.0,113.0,1.0,0,1.0
307,4,16.0,313.0,167.0,105.0,1.0,3,0.219
307,5,679.0,311.0,58.0,97.0,1.0,0,1.0
308,2,-1.0,336.0,281.0,177.0,1.0,3,0.996
308,3,588.0,367.0,43.0,113.0,1.0,0,1.0
308,4,13.0,313.0,167.0,105.0,1.0,3,0.219
308,5,681.0,311.0,58.0,97.0,1.0,0,1.0
309,2,-4.0,336.0,281.0,177.0,1.0,3,0.986
309,3,591.0,367.0,43.0,113.0,1.0,0,1.0
309,4,10.0,313.0,167.0,105.0,1.0,3,0.219
309,5,683.0,311.0,58.0,97.0,1.0,0,1.0
310,2,-8.0,336.0,281.0,177.0,1.0,3,0.972
310,3,593.0,367.0,43.0,113.0,1.0,0,1.0
310,4,6.0,312.0,167.0,105.0,1.0,3,0.229
310,5,685.0,311.0,58.0,97.0,1.0,0,1.0
311,2,-11.0,337.0,281.0,177.0,1.0,3,0.961
311,3,595.0,367.0,43.0,113.0,1.0,0,1.0
311,4,3.0,312.0,167.0,105.0,1.0,3,0.238
311,5,687.0,311.0,58.0,97.0,1.0,0,1.0
312,2,-14.0,337.0,281.0,177.0,1.0,3,0.95
312,3,597.0,367.0,43.0,113.0,1.0,0,1.0
312,4,0.0,312.0,167.0,105.0,1.0,3,0.238
312,5,689.0,312.0,58.0,97.0,1.0,0,1.0
313,2,-18.0,337.0,281.0,177.0,1.0,3,0.936
313,3,599.0,366.0,43.0,114.0,1.0,0,1.0
313,4,-4.0,312.0,167.0,105.0,1.0,3,0.232
313,5,691.0,312.0,58.0,97.0,1.0,0,1.0
314,2,-21.0,337.0,281.0,177.0,1.0,3,0.925
314,3,602.0,366.0,43.0,114.0,1.0,0,1.0
314,4,-7.0,311.0,167.0,105.0,1.0,3,0.237
314,5,693.0,312.0,58.0,97.0,1.0,0,1.0
315,2,-24.0,337.0,281.0,177.0,1.0,3,0.915
315,3,604.0,366.0,43.0,114.0,1.0,0,1.0
315,4,-10.0,311.0,167.0,105.0,1.0,3,0.233
315,5,695.0,312.0,58.0,97.0,1.0,0,1.0
316,2,-28.0,337.0,281.0,177.0,1.0,3,0.9
316,3,606.0,366.0,43.0,114.0,1.0,0,1.0
316,4,-14.0,311.0,167.0,105.0,1.0,3,0.227
316,5,696.0,313.0,58.0,97.0,1.0,0,1.0
317,2,-31.0,337.0,281.0,177.0,1.0,3,0.89
317,3,608.0,366.0,43.0,114.0,1.0,0,1.0
317,4,-17.0,311.0,167.0,105.0,1.0,3,0.222
317,5,698.0,313.0,58.0,97.0,1.0,0,1.0
318,2,-34.0,337.0,281.0,177.0,1.0,3,0.879
318,3,610.0,366.0,43.0,114.0,1.0,0,1.0
318,4,-20.0,310.0,167.0,105.0,1.0,3,0.226
318,5,700.0,313.0,58.0,97.0,1.0,0,1.0
319,2,-38.0,337.0,281.0,177.0,1.0,3,0.865
319,3,613.0,365.0,43.0,114.0,1.0,0,1.0
319,4,-24.0,310.0,167.0,105.0,1.0,3,0.22
319,5,702.0,313.0,58.0,97.0,1.0,0,1.0
320,2,-41.0,337.0,281.0,177.0,1.0,3,0.854
320,3,615.0,365.0,43.0,114.0,1.0,0,1.0
320,4,-27.0,310.0,167.0,105.0,1.0,3,0.216
320,5,704.0,314.0,58.0,97.0,1.0,0,1.0
321,2,-44.0,337.0,281.0,177.0,1.0,3,0.843
321,3,617.0,365.0,43.0,114.0,1.0,0,1.0
321,4,-30.0,310.0,167.0,105.0,1.0,3,0.211
321,5,706.0,314.0,58.0,98.0,1.0,0,1.0
322,2,-48.0,337.0,281.0,177.0,1.0,3,0.829
322,3,619.0,365.0,43.0,114.0,1.0,0,1.0
322,4,-34.0,310.0,165.0,104.0,1.0,3,0.206
322,5,708.0,314.0,58.0,98.0,1.0,0,1.0
323,2,-51.0,337.0,281.0,177.0,1.0,3,0.819
323,3,621.0,365.0,43.0,114.0,1.0,0,1.0
323,4,-37.0,309.0,165.0,104.0,1.0,3,0.209
323,5,710.0,314.0,58.0,98.0,1.0,0,1.0
324,2,-54.0,337.0,281.0,177.0,1.0,3,0.808
324,3,624.0,365.0,43.0,114.0,1.0,0,1.0
324,4,-40.0,309.0,165.0,104.0,1.0,3,0.204
324,5,712.0,315.0,58.0,98.0,1.0,0,1.0
325,2,-58.0,337.0,283.0,178.0,1.0,3,0.795
325,3,626.0,364.0,43.0,114.0,1.0,0,1.0
325,4,-44.0,309.0,165.0,104.0,1.0,3,0.197
325,5,714.0,315.0,58.0,98.0,1.0,0,1.0
326,2,-61.0,337.0,283.0,178.0,1.0,3,0.784
326,3,628.0,364.0,43.0,114.0,1.0,0,1.0
326,4,-47.0,309.0,165.0,104.0,1.0,3,0.193
326,5,716.0,315.0,58.0,98.0,1.0,0,1.0
327,2,-64.0,337.0,283.0,178.0,1.0,3,0.774
327,3,630.0,364.0,43.0,114.0,1.0,0,1.0
327,4,-50.0,308.0,165.0,104.0,1.0,3,0.194
327,5,718.0,315.0,58.0,98.0,1.0,0,1.0
328,2,-68.0,337.0,283.0,178.0,1.0,3,0.76
328,3,633.0,364.0,43.0,114.0,1.0,0,1.0
328,4,-54.0,308.0,165.0,104.0,1.0,3,0.188
328,5,720.0,316.0,58.0,98.0,1.0,0,1.0
329,2,-71.0,337.0,283.0,178.0,1.0,3,0.749
329,3,635.0,364.0,43.0,114.0,1.0,0,1.0
329,4,-57.0,308.0,165.0,104.0,1.0,3,0.183
329,5,722.0,316.0,58.0,98.0,1.0,0,1.0
330,2,-74.0,337.0,283.0,178.0,1.0,3,0.739
330,3,637.0,364.0,43.0,114.0,1.0,0,1.0
330,4,-60.0,308.0,165.0,104.0,1.0,3,0.177
330,5,724.0,316.0,58.0,98.0,1.0,0,1.0
331,2,-78.0,337.0,283.0,178.0,1.0,3,0.724
331,3,639.0,363.0,43.0,114.0,1.0,0,1.0
331,4,-64.0,307.0,165.0,104.0,1.0,3,0.177
331,5,726.0,316.0,58.0,98.0,1.0,0,1.0
332,2,-81.0,337.0,283.0,178.0,1.0,3,0.714
332,3,641.0,363.0,43.0,114.0,1.0,0,1.0
332,4,-67.0,307.0,165.0,104.0,1.0,3,0.171
332,5,727.0,316.0,58.0,98.0,1.0,0,1.0
333,2,-84.0,337.0,283.0,178.0,1.0,3,0.703
333,3,644.0,363.0,43.0,114.0,1.0,0,1.0
333,4,-71.0,307.0,165.0,104.0,1.0,3,0.164
333,5,729.0,317.0,58.0,98.0,1.0,0,1.0
334,2,-88.0,337.0,283.0,178.0,1.0,3,0.689
334,3,646.0,363.0,43.0,114.0,1.0,0,1.0
334,4,-74.0,307.0,165.0,104.0,1.0,3,0.159
334,5,731.0,317.0,58.0,98.0,1.0,0,1.0
335,2,-91.0,337.0,283.0,178.0,1.0,3,0.678
335,3,648.0,363.0,43.0,114.0,1.0,0,1.0
335,4,-77.0,306.0,165.0,104.0,1.0,3,0.159
335,5,733.0,317.0,58.0,98.0,1.0,0,1.0
336,2,-94.0,337.0,283.0,178.0,1.0,3,0.668
336,3,650.0,363.0,43.0,114.0,1.0,0,1.0
336,4,-81.0,306.0,165.0,104.0,1.0,3,0.152
336,5,735.0,317.0,58.0,98.0,1.0,0,1.0
337,2,-98.0,337.0,283.0,178.0,1.0,3,0.654
337,3,652.0,362.0,43.0,114.0,1.0,0,1.0
337,4,-84.0,306.0,165.0,104.0,1.0,3,0.146
337,5,737.0,318.0,58.0,98.0,1.0,0,1.0
338,2,-101.0,337.0,283.0,178.0,1.0,3,0.643
338,3,655.0,362.0,44.0,115.0,1.0,0,1.0
338,4,-87.0,306.0,165.0,104.0,1.0,3,0.141
338,5,739.0,318.0,58.0,98.0,1.0,0,1.0
339,2,-104.0,337.0,283.0,178.0,1.0,3,0.633
339,3,657.0,362.0,44.0,115.0,1.0,0,1.0
339,4,-91.0,305.0,165.0,104.0,1.0,3,0.138
339,5,741.0,318.0,58.0,98.0,1.0,0,1.0
340,2,-108.0,337.0,283.0,178.0,1.0,3,0.618
340,3,659.0,362.0,44.0,115.0,1.0,0,1.0
340,4,-94.0,305.0,163.0,103.0,1.0,3,0.132
340,5,743.0,318.0,58.0,98.0,1.0,0,1.0
341,2,-111.0,337.0,283.0,178.0,1.0,3,0.608
341,3,661.0,362.0,44.0,115.0,1.0,0,1.0
341,4,-97.0,305.0,163.0,103.0,1.0,3,0.126
341,5,745.0,319.0,59.0,99.0,1.0,0,1.0
342,2,-115.0,337.0,283.0,178.0,1.0,3,0.594
342,3,663.0,361.0,44.0,115.0,1.0,0,1.0
342,4,-101.0,305.0,163.0,103.0,1.0,3,0.118
342,5,747.0,319.0,59.0,99.0,1.0,0,1.0
343,2,-118.0,337.0,284.0,179.0,1.0,3,0.585
343,3,666.0,361.0,44.0,115.0,1.0,0,1.0
343,4,-104.0,304.0,163.0,103.0,1.0,3,0.116
343,5,749.0,319.0,59.0,99.0,1.0,0,1.0
344,2,-121.0,337.0,284.0,179.0,1.0,3,0.574
344,3,668.0,361.0,44.0,115.0,1.0,0,1.0
344,4,-107.0,304.0,163.0,103.0,1.0,3,0.11
344,5,751.0,319.0,59.0,99.0,1.0,0,1.0
345,2,-125.0,337.0,284.0,179.0,1.0,3,0.56
345,3,670.0,361.0,44.0,115.0,1.0,0,1.0
345,4,-111.0,304.0,163.0,103.0,1.0,3,0.102
345,5,753.0,320.0,59.0,99.0,1.0,0,1.0
346,2,-128.0,337.0,284.0,179.0,1.0,3,0.549
346,3,672.0,361.0,44.0,115.0,1.0,0,1.0
346,4,-114.0,304.0,163.0,103.0,1.0,3,0.096
346,5,755.0,320.0,59.0,99.0,1.0,0,1.0
347,2,-131.0,337.0,284.0,179.0,1.0,3,0.539
347,3,674.0,361.0,44.0,115.0,1.0,0,1.0
347,4,-117.0,303.0,163.0,103.0,1.0,3,0.093
347,5,756.0,320.0,59.0,99.0,1.0,0,1.0
348,2,-135.0,337.0,284.0,179.0,1.0,3,0.525
348,3,677.0,360.0,44.0,115.0,1.0,0,1.0
348,4,-121.0,303.0,163.0,103.0,1.0,3,0.085
348,5,758.0,320.0,59.0,99.0,1.0,0,1.0
349,2,-138.0,337.0,284.0,179.0,1.0,3,0.514
349,3,679.0,360.0,44.0,115.0,1.0,0,1.0
349,4,-124.0,303.0,163.0,103.0,1.0,3,0.079
349,5,760.0,321.0,59.0,99.0,1.0,0,1.0
350,2,-141.0,337.0,284.0,179.0,1.0,3,0.504
350,3,681.0,360.0,44.0,115.0,1.0,0,1.0
350,4,-127.0,303.0,163.0,103.0,1.0,3,0.073
350,5,762.0,321.0,59.0,99.0,1.0,0,1.0
351,2,-145.0,337.0,284.0,179.0,1.0,3,0.489
351,3,683.0,360.0,44.0,115.0,1.0,0,1.0
351,4,-131.0,302.0,163.0,103.0,1.0,3,0.067
351,5,764.0,321.0,59.0,99.0,1.0,0,1.0
352,2,-148.0,337.0,284.0,179.0,1.0,3,0.479
352,3,685.0,360.0,44.0,115.0,1.0,0,1.0
352,4,-134.0,302.0,163.0,103.0,1.0,3,0.06
352,5,766.0,321.0,59.0,99.0,1.0,0,1.0
353,2,-151.0,337.0,284.0,179.0,1.0,3,0.468
353,3,688.0,360.0,44.0,115.0,1.0,0,1.0
353,4,-137.0,302.0,163.0,103.0,1.0,3,0.054
353,5,768.0,321.0,59.0,99.0,1.0,0,1.0
354,2,-155.0,337.0,284.0,179.0,1.0,3,0.454
354,3,690.0,359.0,44.0,115.0,1.0,0,1.0
354,4,-141.0,302.0,163.0,103.0,1.0,3,0.046
354,5,770.0,322.0,59.0,99.0,1.0,0,1.0
355,2,-158.0,337.0,284.0,179.0,1.0,3,0.444
355,3,692.0,359.0,44.0,115.0,1.0,0,1.0
355,4,-144.0,302.0,163.0,103.0,1.0,3,0.04
355,5,772.0,322.0,59.0,99.0,1.0,0,1.0
356,2,-161.0,337.0,284.0,179.0,1.0,3,0.433
356,3,694.0,359.0,44.0,115.0,1.0,0,1.0
356,4,-147.0,301.0,163.0,103.0,1.0,3,0.034
356,5,774.0,322.0,59.0,99.0,1.0,0,1.0
357,2,-165.0,337.0,284.0,179.0,1.0,3,0.419
357,3,696.0,359.0,44.0,115.0,1.0,0,1.0
357,4,-151.0,301.0,163.0,103.0,1.0,3,0.026
357,5,776.0,322.0,59.0,99.0,1.0,0,1.0
358,2,-168.0,337.0,284.0,179.0,1.0,3,0.408
358,3,699.0,359.0,44.0,115.0,1.0,0,1.0
358,4,-154.0,301.0,162.0,102.0,1.0,3,0.017
358,5,778.0,323.0,59.0,99.0,1.0,0,1.0
359,2,-171.0,338.0,284.0,179.0,1.0,3,0.398
359,3,701.0,359.0,44.0,115.0,1.0,0,1.0
359,4,-157.0,301.0,162.0,102.0,1.0,3,0.011
359,5,780.0,323.0,59.0,99.0,1.0,0,1.0
360,2,-175.0,338.0,286.0,180.0,1.0,3,0.388
360,3,703.0,358.0,44.0,115.0,1.0,0,1.0
360,4,-161.0,300.0,162.0,102.0,1.0,3,0.002
360,5,782.0,323.0,59.0,99.0,1.0,0,1.0
361,2,-178.0,338.0,286.0,180.0,1.0,3,0.378
361,3,705.0,358.0,44.0,115.0,1.0,0,1.0
361,5,784.0,323.0,60.0,100.0,1.0,0,1.0
362,2,-181.0,338.0,286.0,180.0,1.0,3,0.367
362,3,707.0,358.0,44.0,115.0,1.0,0,1.0
362,5,786.0,324.0,60.0,100.0,1.0,0,1.0
363,2,-185.0,338.0,286.0,180.0,1.0,3,0.353
363,3,710.0,358.0,44.0,115.0,1.0,0,1.0
363,5,787.0,324.0,60.0,100.0,1.0,0,1.0
364,2,-188.0,338.0,286.0,180.0,1.0,3,0.343
364,3,712.0,358.0,44.0,116.0,1.0,0,1.0
364,5,789.0,324.0,60.0,100.0,1.0,0,1.0
365,2,-191.0,338.0,286.0,180.0,1.0,3,0.332
365,3,714.0,358.0,44.0,116.0,1.0,0,1.0
365,5,791.0,324.0,60.0,100.0,1.0,0,1.0
366,2,-195.0,338.0,286.0,180.0,1.0,3,0.318
366,3,716.0,357.0,44.0,116.0,1.0,0,1.0
366,5,793.0,325.0,60.0,100.0,1.0,0,1.0
367,2,-198.0,338.0,286.0,180.0,1.0,3,0.308
367,3,719.0,357.0,44.0,116.0,1.0,0,1.0
367,5,795.0,325.0,60.0,100.0,1.0,0,1.0
368,1,-25.0,417.0,28.0,98.0,1.0,0,0.107
368,2,-201.0,338.0,286.0,180.0,1.0,3,0.291
368,3,721.0,357.0,44.0,116.0,1.0,0,1.0
368,5,797.0,325.0,60.0,100.0,1.0,0,1.0
369,1,-22.0,417.0,28.0,98.0,1.0,0,0.214
369,2,-205.0,338.0,286.0,180.0,1.0,3,0.272
369,3,723.0,357.0,44.0,116.0,1.0,0,1.0
369,5,799.0,325.0,60.0,100.0,1.0,0,1.0
370,1,-19.0,417.0,28.0,98.0,1.0,0,0.321
370,2,-208.0,338.0,286.0,180.0,1.0,3,0.256
370,3,725.0,357.0,44.0,116.0,1.0,0,1.0
370,5,801.0,326.0,60.0,100.0,1.0,0,1.0
371,1,-15.0,417.0,28.0,98.0,1.0,0,0.464
371,2,-211.0,338.0,286.0,180.0,1.0,3,0.237
371,3,727.0,357.0,44.0,116.0,1.0,0,1.0
371,5,803.0,326.0,60.0,100.0,1.0,0,1.0
372,1,-12.0,417.0,28.0,98.0,1.0,0,0.571
372,2,-215.0,338.0,286.0,180.0,1.0,3,0.218
372,3,730.0,356.0,44.0,116.0,1.0,0,1.0
372,5,805.0,326.0,60.0,100.0,1.0,0,1.0
373,1,-9.0,417.0,28.0,98.0,1.0,0,0.679
373,2,-218.0,338.0,286.0,180.0,1.0,3,0.202
373,3,732.0,356.0,44.0,116.0,1.0,0,1.0
373,5,807.0,326.0,60.0,100.0,1.0,0,1.0
374,1,-5.0,417.0,28.0,98.0,1.0,0,0.821
374,2,-221.0,338.0,286.0,180.0,1.0,3,0.183
374,3,734.0,356.0,44.0,116.0,1.0,0,1.0
374,5,809.0,326.0,60.0,100.0,1.0,0,1.0
375,1,-2.0,417.0,28.0,98.0,1.0,0,0.929
375,2,-225.0,338.0,286.0,180.0,1.0,3,0.164
375,3,736.0,356.0,44.0,116.0,1.0,0,1.0
375,5,811.0,327.0,60.0,100.0,1.0,0,1.0
376,1,1.0,417.0,28.0,98.0,1.0,0,1.0
376,2,-228.0,338.0,286.0,180.0,1.0,3,0.149
376,3,738.0,356.0,44.0,116.0,1.0,0,1.0
376,5,813.0,327.0,60.0,100.0,1.0,0,1.0
377,1,5.0,417.0,28.0,98.0,1.0,0,1.0
377,2,-231.0,338.0,286.0,180.0,1.0,3,0.139
377,3,741.0,356.0,44.0,116.0,1.0,0,1.0
377,5,815.0,327.0,60.0,100.0,1.0,0,1.0
378,1,8.0,417.0,28.0,98.0,1.0,0,1.0
378,2,-235.0,338.0,287.0,181.0,1.0,3,0.128
378,3,743.0,355.0,44.0,116.0,1.0,0,1.0
378,5,817.0,327.0,60.0,100.0,1.0,0,1.0
379,1,11.0,417.0,28.0,98.0,1.0,0,1.0
379,2,-238.0,338.0,287.0,181.0,1.0,3,0.118
379,3,745.0,355.0,44.0,116.0,1.0,0,1.0
379,5,818.0,328.0,60.0,100.0,1.0,0,1.0
380,1,14.0,417.0,28.0,98.0,1.0,0,1.0
380,2,-241.0,338.0,287.0,181.0,1.0,3,0.107
380,3,747.0,355.0,44.0,116.0,1.0,0,1.0
380,5,820.0,328.0,60.0,100.0,1.0,0,1.0
381,1,18.0,417.0,28.0,98.0,1.0,0,1.0
381,2,-245.0,338.0,287.0,181.0,1.0,3,0.101
381,3,749.0,355.0,44.0,116.0,1.0,0,1.0
381,5,822.0,328.0,60.0,101.0,1.0,0,1.0
382,1,21.0,418.0,28.0,98.0,1.0,0,1.0
382,2,-248.0,338.0,287.0,181.0,1.0,3,0.102
382,3,752.0,355.0,44.0,116.0,1.0,0,1.0
382,5,824.0,328.0,60.0,101.0,1.0,0,1.0
383,1,24.0,418.0,28.0,98.0,1.0,0,1.0
383,2,-251.0,338.0,287.0,181.0,1.0,3,0.103
383,3,754.0,355.0,44.0,116.0,1.0,0,1.0
383,5,826.0,329.0,60.0,101.0,1.0,0,1.0
384,1,28.0,418.0,28.0,98.0,1.0,0,1.0
384,2,-255.0,338.0,287.0,181.0,1.0,3,0.104
384,3,756.0,354.0,44.0,116.0,1.0,0,1.0
384,5,828.0,329.0,60.0,101.0,1.0,0,1.0
385,1,31.0,418.0,28.0,98.0,1.0,0,1.0
385,2,-258.0,338.0,287.0,181.0,1.0,3,0.101
385,3,758.0,354.0,44.0,116.0,1.0,0,1.0
385,5,830.0,329.0,60.0,101.0,1.0,0,1.0
386,1,34.0,418.0,28.0,98.0,1.0,0,1.0
386,2,-261.0,338.0,287.0,181.0,1.0,3,0.091
386,3,760.0,354.0,44.0,116.0,1.0,0,1.0
386,5,832.0,329.0,60.0,101.0,1.0,0,1.0
387,1,37.0,418.0,28.0,98.0,1.0,0,1.0
387,2,-265.0,338.0,287.0,181.0,1.0,3,0.077
387,3,763.0,354.0,44.0,116.0,1.0,0,1.0
387,5,834.0,330.0,60.0,101.0,1.0,0,1.0
388,1,41.0,418.0,28.0,98.0,1.0,0,1.0
388,2,-268.0,338.0,287.0,181.0,1.0,3,0.066
388,3,765.0,354.0,44.0,116.0,1.0,0,1.0
388,5,836.0,330.0,60.0,101.0,1.0,0,1.0
389,1,44.0,418.0,28.0,98.0,1.0,0,1.0
389,2,-271.0,338.0,287.0,181.0,1.0,3,0.056
389,3,767.0,354.0,44.0,116.0,1.0,0,1.0
389,5,838.0,330.0,60.0,101.0,1.0,0,1.0
390,1,47.0,418.0,28.0,98.0,1.0,0,1.0
390,2,-275.0,338.0,287.0,181.0,1.0,3,0.042
390,3,769.0,353.0,45.0,117.0,1.0,0,1.0
390,5,840.0,330.0,60.0,101.0,1.0,0,1.0
391,1,51.0,418.0,28.0,98.0,1.0,0,1.0
391,2,-278.0,338.0,287.0,181.0,1.0,3,0.031
391,3,771.0,353.0,45.0,117.0,1.0,0,1.0
391,5,842.0,331.0,60.0,101.0,1.0,0,1.0
392,1,54.0,418.0,28.0,98.0,1.0,0,1.0
392,2,-281.0,338.0,287.0,181.0,1.0,3,0.021
392,3,774.0,353.0,45.0,117.0,1.0,0,1.0
392,5,844.0,331.0,60.0,101.0,1.0,0,1.0
393,1,57.0,418.0,28.0,98.0,1.0,0,1.0
393,2,-285.0,338.0,287.0,181.0,1.0,3,0.007
393,3,776.0,353.0,45.0,117.0,1.0,0,1.0
393,5,846.0,331.0,60.0,101.0,1.0,0,1.0
394,1,61.0,418.0,28.0,98.0,1.0,0,1.0
394,3,778.0,353.0,45.0,117.0,1.0,0,1.0
394,5,848.0,331.0,60.0,101.0,1.0,0,1.0
395,1,64.0,418.0,28.0,98.0,1.0,0,1.0
395,3,780.0,352.0,45.0,117.0,1.0,0,1.0
395,5,849.0,331.0,60.0,101.0,1.0,0,1.0
396,1,67.0,418.0,28.0,98.0,1.0,0,1.0
396,3,782.0,352.0,45.0,117.0,1.0,0,1.0
396,5,851.0,332.0,60.0,101.0,1.0,0,1.0
397,1,70.0,418.0,28.0,98.0,1.0,0,1.0
397,3,785.0,352.0,45.0,117.0,1.0,0,1.0
397,5,853.0,332.0,60.0,101.0,1.0,0,1.0
398,1,74.0,418.0,28.0,98.0,1.0,0,1.0
398,3,787.0,352.0,45.0,117.0,1.0,0,1.0
398,5,855.0,332.0,60.0,101.0,1.0,0,1.0
399,1,77.0,418.0,28.0,98.0,1.0,0,1.0
399,3,789.0,352.0,45.0,117.0,1.0,0,1.0
399,5,857.0,332.0,60.0,101.0,1.0,0,1.0
400,1,80.0,418.0,28.0,98.0,1.0,0,1.0
400,3,791.0,352.0,45.0,117.0,1.0,0,1.0
400,5,859.0,333.0,60.0,101.0,1.0,0,1.0
401,1,84.0,418.0,28.0,98.0,1.0,0,1.0
401,3,793.0,351.0,45.0,117.0,1.0,0,1.0
401,5,861.0,333.0,61.0,102.0,1.0,0,1.0
402,1,87.0,418.0,28.0,98.0,1.0,0,1.0
402,3,796.0,351.0,45.0,117.0,1.0,0,1.0
402,5,863.0,333.0,61.0,102.0,1.0,0,1.0
403,1,90.0,418.0,28.0,98.0,1.0,0,1.0
403,3,798.0,351.0,45.0,117.0,1.0,0,1.0
403,5,865.0,333.0,61.0,102.0,1.0,0,1.0
404,1,93.0,418.0,28.0,98.0,1.0,0,1.0
404,3,800.0,351.0,45.0,117.0,1.0,0,1.0
404,5,867.0,334.0,61.0,102.0,1.0,0,1.0
405,1,97.0,418.0,28.0,98.0,1.0,0,1.0
405,3,802.0,351.0,45.0,117.0,1.0,0,1.0
405,5,869.0,334.0,61.0,102.0,1.0,0,1.0
406,1,100.0,418.0,28.0,98.0,1.0,0,1.0
406,3,805.0,351.0,45.0,117.0,1.0,0,1.0
406,5,871.0,334.0,61.0,102.0,1.0,0,1.0
407,1,103.0,418.0,28.0,98.0,1.0,0,1.0
407,3,807.0,350.0,45.0,117.0,1.0,0,1.0
407,5,873.0,334.0,61.0,102.0,1.0,0,1.0
408,1,107.0,418.0,28.0,98.0,1.0,0,1.0
408,3,809.0,350.0,45.0,117.0,1.0,0,1.0
408,5,875.0,335.0,61.0,102.0,1.0,0,1.0
409,1,110.0,418.0,28.0,98.0,1.0,0,1.0
409,3,811.0,350.0,45.0,117.0,1.0,0,1.0
409,5,877.0,335.0,61.0,102.0,1.0,0,1.0
410,1,113.0,418.0,28.0,98.0,1.0,0,1.0
410,3,813.0,350.0,45.0,117.0,1.0,0,1.0
410,5,879.0,335.0,61.0,102.0,1.0,0,1.0
411,1,117.0,418.0,28.0,98.0,1.0,0,1.0
411,3,816.0,350.0,45.0,117.0,1.0,0,1.0
411,5,880.0,335.0,61.0,102.0,1.0,0,1.0
412,1,120.0,418.0,28.0,99.0,1.0,0,1.0
412,3,818.0,350.0,45.0,117.0,1.0,0,1.0
412,5,882.0,336.0,61.0,102.0,1.0,0,1.0
413,1,123.0,418.0,28.0,99.0,1.0,0,1.0
413,3,820.0,349.0,45.0,117.0,1.0,0,1.0
413,5,884.0,336.0,61.0,102.0,1.0,0,1.0
414,1,126.0,418.0,28.0,99.0,1.0,0,1.0
414,3,822.0,349.0,45.0,117.0,1.0,0,1.0
414,5,886.0,336.0,61.0,102.0,1.0,0,1.0
415,1,130.0,418.0,28.0,99.0,1.0,0,1.0
415,3,824.0,349.0,45.0,117.0,1.0,0,1.0
415,5,888.0,336.0,61.0,102.0,1.0,0,1.0
416,1,133.0,418.0,28.0,99.0,1.0,0,1.0
416,3,827.0,349.0,45.0,118.0,1.0,0,1.0
416,5,890.0,336.0,61.0,102.0,1.0,0,1.0
417,1,136.0,418.0,28.0,99.0,1.0,0,1.0
417,3,829.0,349.0,45.0,118.0,1.0,0,1.0
417,5,892.0,337.0,61.0,102.0,1.0,0,1.0
418,1,140.0,418.0,28.0,99.0,1.0,0,1.0
418,3,831.0,349.0,45.0,118.0,1.0,0,1.0
418,5,894.0,337.0,61.0,102.0,1.0,0,1.0
419,1,143.0,418.0,28.0,99.0,1.0,0,1.0
419,3,833.0,348.0,45.0,118.0,1.0,0,1.0
419,5,896.0,337.0,61.0,102.0,1.0,0,1.0
420,1,146.0,418.0,28.0,99.0,1.0,0,1.0
420,3,835.0,348.0,45.0,118.0,1.0,0,1.0
420,5,898.0,337.0,61.0,102.0,1.0,0,1.0
421,1,150.0,418.0,28.0,99.0,1.0,0,1.0
421,3,838.0,348.0,45.0,118.0,1.0,0,1.0
421,4,957.0,285.0,157.0,99.0,1.0,3,0.01
421,5,900.0,338.0,61.0,103.0,1.0,0,0.984
422,1,153.0,418.0,28.0,99.0,1.0,0,1.0
422,3,840.0,348.0,45.0,118.0,1.0,0,1.0
422,4,953.0,285.0,157.0,99.0,1.0,3,0.024
422,5,902.0,338.0,61.0,103.0,1.0,0,0.951
423,1,156.0,418.0,28.0,99.0,1.0,0,1.0
423,3,842.0,348.0,45.0,118.0,1.0,0,1.0
423,4,950.0,285.0,157.0,99.0,1.0,3,0.034
423,5,904.0,338.0,61.0,103.0,1.0,0,0.918
424,1,159.0,418.0,28.0,99.0,1.0,0,1.0
424,3,844.0,348.0,45.0,118.0,1.0,0,1.0
424,4,947.0,285.0,157.0,99.0,1.0,3,0.044
424,5,906.0,338.0,61.0,103.0,1.0,0,0.885
425,1,163.0,418.0,28.0,99.0,1.0,0,1.0
425,3,846.0,347.0,45.0,118.0,1.0,0,1.0
425,4,943.0,284.0,157.0,99.0,1.0,3,0.06
425,5,908.0,339.0,61.0,103.0,1.0,0,0.852
426,1,166.0,418.0,28.0,99.0,1.0,0,1.0
426,3,849.0,347.0,45.0,118.0,1.0,0,1.0
426,4,940.0,284.0,157.0,99.0,1.0,3,0.071
426,5,910.0,339.0,61.0,103.0,1.0,0,0.82
427,1,169.0,418.0,28.0,99.0,1.0,0,1.0
427,3,851.0,347.0,45.0,118.0,1.0,0,1.0
427,4,936.0,284.0,157.0,99.0,1.0,3,0.085
427,5,911.0,339.0,61.0,103.0,1.0,0,0.803
428,1,173.0,418.0,28.0,99.0,1.0,0,1.0
428,3,853.0,347.0,45.0,118.0,1.0,0,1.0
428,4,933.0,284.0,157.0,99.0,1.0,3,0.096
428,5,913.0,339.0,61.0,103.0,1.0,0,0.77
429,1,176.0,418.0,28.0,99.0,1.0,0,1.0
429,3,855.0,347.0,45.0,118.0,1.0,0,1.0
429,4,930.0,284.0,157.0,99.0,1.0,3,0.108
429,5,915.0,340.0,61.0,103.0,1.0,0,0.738
430,1,179.0,418.0,28.0,99.0,1.0,0,1.0
430,3,857.0,347.0,45.0,118.0,1.0,0,1.0
430,4,926.0,283.0,156.0,98.0,1.0,3,0.127
430,5,917.0,340.0,61.0,103.0,1.0,0,0.705
431,1,182.0,418.0,28.0,99.0,1.0,0,1.0
431,3,860.0,346.0,45.0,118.0,1.0,0,1.0
431,4,923.0,283.0,156.0,98.0,1.0,3,0.138
431,5,919.0,340.0,61.0,103.0,1.0,0,0.672
432,1,186.0,418.0,28.0,99.0,1.0,0,1.0
432,3,862.0,346.0,45.0,118.0,1.0,0,1.0
432,4,920.0,283.0,156.0,98.0,1.0,3,0.152
432,5,921.0,340.0,61.0,103.0,1.0,0,0.639
433,1,189.0,418.0,28.0,99.0,1.0,0,1.0
433,3,864.0,346.0,45.0,118.0,1.0,0,1.0
433,4,916.0,283.0,156.0,98.0,1.0,3,0.185
433,5,923.0,341.0,61.0,103.0,1.0,0,0.607
434,1,192.0,418.0,28.0,99.0,1.0,0,1.0
434,3,866.0,346.0,45.0,118.0,1.0,0,1.0
434,4,913.0,282.0,156.0,98.0,1.0,3,0.212
434,5,925.0,341.0,61.0,103.0,1.0,0,0.574
435,1,196.0,418.0,28.0,99.0,1.0,0,1.0
435,3,868.0,346.0,45.0,118.0,1.0,0,1.0
435,4,910.0,282.0,156.0,98.0,1.0,3,0.23
435,5,927.0,341.0,61.0,103.0,1.0,0,0.541
436,1,199.0,418.0,28.0,99.0,1.0,0,1.0
436,3,871.0,346.0,45.0,118.0,1.0,0,1.0
436,4,906.0,282.0,156.0,98.0,1.0,3,0.245
436,5,929.0,341.0,61.0,103.0,1.0,0,0.508
437,1,202.0,418.0,28.0,99.0,1.0,0,1.0
437,3,873.0,345.0,45.0,118.0,1.0,0,1.0
437,4,903.0,282.0,156.0,98.0,1.0,3,0.257
437,5,931.0,341.0,61.0,103.0,1.0,0,0.475
438,1,206.0,418.0,28.0,99.0,1.0,0,1.0
438,3,875.0,345.0,45.0,118.0,1.0,0,1.0
438,4,900.0,281.0,156.0,98.0,1.0,3,0.275
438,5,933.0,342.0,61.0,103.0,1.0,0,0.443
439,1,209.0,418.0,28.0,99.0,1.0,0,1.0
439,3,877.0,345.0,45.0,118.0,1.0,0,1.0
439,4,896.0,281.0,156.0,98.0,1.0,3,0.292
439,5,935.0,342.0,61.0,103.0,1.0,0,0.41
440,1,212.0,418.0,28.0,99.0,1.0,0,1.0
440,3,879.0,345.0,45.0,118.0,1.0,0,1.0
440,4,893.0,281.0,156.0,98.0,1.0,3,0.305
440,5,937.0,342.0,61.0,103.0,1.0,0,0.377
441,1,215.0,418.0,28.0,99.0,1.0,0,1.0
441,3,882.0,345.0,45.0,118.0,1.0,0,1.0
441,4,890.0,281.0,156.0,98.0,1.0,3,0.316
441,5,939.0,342.0,62.0,104.0,1.0,0,0.339
442,1,219.0,418.0,28.0,99.0,1.0,0,1.0
442,3,884.0,345.0,45.0,119.0,1.0,0,1.0
442,4,886.0,280.0,156.0,98.0,1.0,3,0.336
442,5,940.0,343.0,62.0,104.0,1.0,0,0.323
443,1,222.0,418.0,28.0,99.0,1.0,0,1.0
443,3,886.0,344.0,45.0,119.0,1.0,0,1.0
443,4,883.0,280.0,156.0,98.0,1.0,3,0.352
443,5,942.0,343.0,62.0,104.0,1.0,0,0.29
444,1,225.0,419.0,28.0,99.0,1.0,0,1.0
444,3,888.0,344.0,45.0,119.0,1.0,0,1.0
444,4,880.0,280.0,156.0,98.0,1.0,3,0.376
444,5,944.0,343.0,62.0,104.0,1.0,0,0.258
445,1,229.0,419.0,28.0,99.0,1.0,0,1.0
445,3,891.0,344.0,45.0,119.0,1.0,0,1.0
445,4,876.0,280.0,156.0,98.0,1.0,3,0.406
445,5,946.0,343.0,62.0,104.0,1.0,0,0.226
446,1,232.0,419.0,28.0,99.0,1.0,0,1.0
446,3,893.0,344.0,45.0,119.0,1.0,0,1.0
446,4,873.0,279.0,156.0,98.0,1.0,3,0.435
446,5,948.0,344.0,62.0,104.0,1.0,0,0.194
447,1,235.0,419.0,28.0,99.0,1.0,0,1.0
447,3,895.0,344.0,45.0,119.0,1.0,0,1.0
447,4,870.0,279.0,156.0,98.0,1.0,3,0.458
447,5,950.0,344.0,62.0,104.0,1.0,0,0.161
448,1,239.0,419.0,28.0,99.0,1.0,0,1.0
448,3,897.0,343.0,45.0,119.0,1.0,0,1.0
448,4,866.0,279.0,154.0,97.0,1.0,3,0.494
448,5,952.0,344.0,62.0,104.0,1.0,0,0.129
449,1,242.0,419.0,28.0,99.0,1.0,0,1.0
449,3,899.0,343.0,45.0,119.0,1.0,0,1.0
449,4,863.0,279.0,154.0,97.0,1.0,3,0.518
449,5,954.0,344.0,62.0,104.0,1.0,0,0.097
450,1,245.0,419.0,28.0,99.0,1.0,0,1.0
450,3,902.0,343.0,45.0,119.0,1.0,0,1.0
450,4,860.0,278.0,154.0,97.0,1.0,3,0.545
450,5,956.0,345.0,62.0,104.0,1.0,0,0.065
