1,1,64.0,277.0,166.0,87.0,1.0,0,1.0
1,3,0.0,232.0,41.0,143.0,1.0,0,1.0
1,4,926.0,241.0,281.0,177.0,1.0,3,0.121
2,1,67.0,277.0,166.0,87.0,1.0,0,1.0
2,3,2.0,232.0,41.0,143.0,1.0,0,1.0
2,4,922.0,241.0,281.0,177.0,1.0,3,0.135
3,1,70.0,277.0,166.0,87.0,1.0,0,1.0
3,3,4.0,232.0,41.0,143.0,1.0,0,1.0
3,4,919.0,241.0,281.0,177.0,1.0,3,0.146
4,1,74.0,277.0,166.0,87.0,1.0,0,1.0
4,3,6.0,231.0,41.0,143.0,1.0,0,1.0
4,4,915.0,241.0,281.0,177.0,1.0,3,0.16
5,1,77.0,277.0,168.0,88.0,1.0,0,1.0
5,3,8.0,231.0,41.0,143.0,1.0,0,1.0
5,4,911.0,242.0,281.0,177.0,1.0,3,0.174
6,1,81.0,277.0,168.0,88.0,1.0,0,1.0
6,3,10.0,231.0,41.0,143.0,1.0,0,1.0
6,4,908.0,242.0,281.0,177.0,1.0,3,0.185
7,1,84.0,277.0,168.0,88.0,1.0,0,1.0
7,3,12.0,231.0,41.0,143.0,1.0,0,1.0
7,4,904.0,242.0,281.0,177.0,1.0,3,0.199
8,1,87.0,277.0,168.0,88.0,1.0,0,1.0
8,3,14.0,231.0,41.0,143.0,1.0,0,1.0
8,4,901.0,242.0,281.0,177.0,1.0,3,0.21
9,1,91.0,277.0,168.0,88.0,1.0,0,1.0
9,3,16.0,231.0,41.0,144.0,1.0,0,1.0
9,4,897.0,242.0,281.0,177.0,1.0,3,0.224
10,1,94.0,277.0,168.0,88.0,1.0,0,1.0
10,3,18.0,231.0,41.0,144.0,1.0,0,1.0
10,4,894.0,242.0,281.0,177.0,1.0,3,0.235
11,1,98.0,277.0,168.0,88.0,1.0,0,1.0
11,3,20.0,230.0,41.0,144.0,1.0,0,1.0
11,4,890.0,242.0,281.0,177.0,1.0,3,0.249
12,1,101.0,277.0,168.0,88.0,1.0,0,1.0
12,3,22.0,230.0,41.0,144.0,1.0,0,1.0
12,4,887.0,243.0,281.0,177.0,1.0,3,0.26
13,1,104.0,277.0,168.0,88.0,1.0,0,1.0
13,3,24.0,230.0,41.0,144.0,1.0,0,1.0
13,4,883.0,243.0,281.0,177.0,1.0,3,0.274
14,1,108.0,277.0,168.0,88.0,1.0,0,1.0
14,3,26.0,230.0,41.0,144.0,1.0,0,1.0
14,4,879.0,243.0,281.0,177.0,1.0,3,0.288
15,1,111.0,277.0,168.0,88.0,1.0,0,1.0
15,3,28.0,230.0,41.0,144.0,1.0,0,1.0
15,4,876.0,243.0,281.0,177.0,1.0,3,0.299
16,1,115.0,277.0,170.0,89.0,1.0,0,1.0
16,3,30.0,230.0,41.0,144.0,1.0,0,1.0
16,4,872.0,243.0,281.0,177.0,1.0,3,0.313
17,1,118.0,278.0,170.0,89.0,1.0,0,1.0
17,3,32.0,229.0,41.0,144.0,1.0,0,1.0
17,4,869.0,243.0,281.0,177.0,1.0,3,0.324
18,1,121.0,278.0,170.0,89.0,1.0,0,1.0
18,3,34.0,229.0,41.0,144.0,1.0,0,1.0
18,4,865.0,243.0,281.0,177.0,1.0,3,0.338
19,1,125.0,278.0,170.0,89.0,1.0,0,1.0
19,3,36.0,229.0,41.0,144.0,1.0,0,1.0
19,4,862.0,243.0,281.0,177.0,1.0,3,0.349
20,1,128.0,278.0,170.0,89.0,1.0,0,1.0
20,3,38.0,229.0,41.0,144.0,1.0,0,1.0
20,4,858.0,244.0,281.0,177.0,1.0,3,0.363
21,1,132.0,278.0,170.0,89.0,1.0,0,1.0
21,3,40.0,229.0,41.0,144.0,1.0,0,1.0
21,4,855.0,244.0,281.0,177.0,1.0,3,0.374
22,1,135.0,278.0,170.0,89.0,1.0,0,1.0
22,3,42.0,229.0,41.0,144.0,1.0,0,1.0
22,4,851.0,244.0,281.0,177.0,1.0,3,0.388
23,1,139.0,278.0,170.0,89.0,1.0,0,1.0
23,3,44.0,229.0,41.0,144.0,1.0,0,1.0
23,4,847.0,244.0,281.0,177.0,1.0,3,0.402
24,1,142.0,278.0,170.0,89.0,1.0,0,1.0
24,3,47.0,228.0,41.0,144.0,1.0,0,1.0
24,4,844.0,244.0,281.0,177.0,1.0,3,0.413
25,1,145.0,278.0,170.0,89.0,1.0,0,1.0
25,3,49.0,228.0,41.0,144.0,1.0,0,1.0
25,4,840.0,244.0,281.0,177.0,1.0,3,0.427
26,1,149.0,278.0,170.0,89.0,1.0,0,1.0
26,3,51.0,228.0,41.0,144.0,1.0,0,1.0
26,4,837.0,244.0,281.0,177.0,1.0,3,0.438
27,1,152.0,278.0,170.0,89.0,1.0,0,1.0
27,3,53.0,228.0,41.0,144.0,1.0,0,1.0
27,4,833.0,245.0,281.0,177.0,1.0,3,0.452
28,1,156.0,278.0,172.0,90.0,1.0,0,1.0
28,3,55.0,228.0,41.0,144.0,1.0,0,1.0
28,4,830.0,245.0,281.0,177.0,1.0,3,0.463
29,1,159.0,278.0,172.0,90.0,1.0,0,1.0
29,2,957.0,301.0,192.0,121.0,1.0,3,0.016
29,3,57.0,228.0,42.0,145.0,1.0,0,1.0
29,4,826.0,245.0,281.0,177.0,1.0,3,0.47
30,1,162.0,278.0,172.0,90.0,1.0,0,1.0
30,2,954.0,301.0,192.0,121.0,1.0,3,0.031
30,3,59.0,228.0,42.0,145.0,1.0,0,1.0
30,4,823.0,245.0,281.0,177.0,1.0,3,0.473
31,1,166.0,278.0,172.0,90.0,1.0,0,1.0
31,2,951.0,301.0,192.0,121.0,1.0,3,0.047
31,3,61.0,227.0,42.0,145.0,1.0,0,1.0
31,4,819.0,245.0,281.0,177.0,1.0,3,0.48
32,1,169.0,278.0,172.0,90.0,1.0,0,1.0
32,2,947.0,301.0,192.0,121.0,1.0,3,0.068
32,3,63.0,227.0,42.0,145.0,1.0,0,1.0
32,4,816.0,245.0,281.0,177.0,1.0,3,0.481
33,1,173.0,278.0,172.0,90.0,1.0,0,1.0
33,2,944.0,301.0,192.0,121.0,1.0,3,0.083
33,3,65.0,227.0,42.0,145.0,1.0,0,1.0
33,4,812.0,245.0,281.0,177.0,1.0,3,0.488
34,1,176.0,278.0,172.0,90.0,1.0,0,1.0
34,2,941.0,302.0,192.0,121.0,1.0,3,0.099
34,3,67.0,227.0,42.0,145.0,1.0,0,1.0
34,4,808.0,245.0,281.0,177.0,1.0,3,0.495
35,1,179.0,278.0,172.0,90.0,1.0,0,1.0
35,2,937.0,302.0,194.0,122.0,1.0,3,0.119
35,3,69.0,227.0,42.0,145.0,1.0,0,1.0
35,4,805.0,246.0,281.0,177.0,1.0,3,0.496
36,1,183.0,278.0,172.0,90.0,1.0,0,1.0
36,2,934.0,302.0,194.0,122.0,1.0,3,0.134
36,3,71.0,227.0,42.0,145.0,1.0,0,1.0
36,4,801.0,246.0,281.0,177.0,1.0,3,0.503
37,1,186.0,278.0,172.0,90.0,1.0,0,1.0
37,2,931.0,302.0,194.0,122.0,1.0,3,0.149
37,3,73.0,226.0,42.0,145.0,1.0,0,1.0
37,4,798.0,246.0,281.0,177.0,1.0,3,0.506
38,1,190.0,278.0,172.0,90.0,1.0,0,1.0
38,2,927.0,302.0,194.0,122.0,1.0,3,0.17
38,3,75.0,226.0,42.0,145.0,1.0,0,1.0
38,4,794.0,246.0,281.0,177.0,1.0,3,0.51
39,1,193.0,278.0,173.0,91.0,1.0,0,1.0
39,2,924.0,303.0,194.0,122.0,1.0,3,0.186
39,3,77.0,226.0,42.0,145.0,1.0,0,1.0
39,4,791.0,246.0,281.0,177.0,1.0,3,0.515
40,1,196.0,278.0,173.0,91.0,1.0,0,1.0
40,2,921.0,303.0,194.0,122.0,1.0,3,0.201
40,3,79.0,226.0,42.0,145.0,1.0,0,1.0
40,4,787.0,246.0,281.0,177.0,1.0,3,0.522
41,1,200.0,278.0,173.0,91.0,1.0,0,1.0
41,2,917.0,303.0,194.0,122.0,1.0,3,0.222
41,3,81.0,226.0,42.0,145.0,1.0,0,1.0
41,4,784.0,246.0,281.0,177.0,1.0,3,0.523
42,1,203.0,278.0,173.0,91.0,1.0,0,1.0
42,2,914.0,303.0,194.0,122.0,1.0,3,0.237
42,3,83.0,226.0,42.0,145.0,1.0,0,1.0
42,4,780.0,247.0,281.0,177.0,1.0,3,0.529
43,1,207.0,279.0,173.0,91.0,1.0,0,1.0
43,2,911.0,303.0,194.0,122.0,1.0,3,0.253
43,3,85.0,226.0,42.0,145.0,1.0,0,1.0
43,4,776.0,247.0,281.0,177.0,1.0,3,0.536
44,1,210.0,279.0,173.0,91.0,1.0,0,1.0
44,2,907.0,304.0,194.0,122.0,1.0,3,0.273
44,3,87.0,225.0,42.0,145.0,1.0,0,1.0
44,4,773.0,247.0,281.0,177.0,1.0,3,0.538
45,1,213.0,279.0,173.0,91.0,1.0,0,1.0
45,2,904.0,304.0,194.0,122.0,1.0,3,0.289
45,3,89.0,225.0,42.0,145.0,1.0,0,1.0
45,4,769.0,247.0,281.0,177.0,1.0,3,0.545
46,1,217.0,279.0,173.0,91.0,1.0,0,1.0
46,2,901.0,304.0,194.0,122.0,1.0,3,0.304
46,3,91.0,225.0,42.0,145.0,1.0,0,1.0
46,4,766.0,247.0,281.0,177.0,1.0,3,0.548
47,1,220.0,279.0,173.0,91.0,1.0,0,1.0
47,2,897.0,304.0,194.0,122.0,1.0,3,0.325
47,3,93.0,225.0,42.0,145.0,1.0,0,1.0
47,4,762.0,247.0,281.0,177.0,1.0,3,0.553
48,1,224.0,279.0,173.0,91.0,1.0,0,1.0
48,2,894.0,305.0,194.0,122.0,1.0,3,0.34
48,3,96.0,225.0,42.0,145.0,1.0,0,1.0
48,4,759.0,247.0,281.0,177.0,1.0,3,0.557
49,1,227.0,279.0,173.0,91.0,1.0,0,1.0
49,2,891.0,305.0,194.0,122.0,1.0,3,0.356
49,3,98.0,225.0,42.0,146.0,1.0,0,1.0
49,4,755.0,247.0,281.0,177.0,1.0,3,0.564
50,1,230.0,279.0,175.0,92.0,1.0,0,1.0
50,2,887.0,305.0,194.0,122.0,1.0,3,0.376
50,3,100.0,224.0,42.0,146.0,1.0,0,1.0
50,4,752.0,248.0,281.0,177.0,1.0,3,0.564
51,1,234.0,279.0,175.0,92.0,1.0,0,1.0
51,2,884.0,305.0,194.0,122.0,1.0,3,0.392
51,3,102.0,224.0,42.0,146.0,1.0,0,1.0
51,4,748.0,248.0,281.0,177.0,1.0,3,0.571
52,1,237.0,279.0,175.0,92.0,1.0,0,1.0
52,2,881.0,305.0,194.0,122.0,1.0,3,0.407
52,3,104.0,224.0,42.0,146.0,1.0,0,1.0
52,4,744.0,248.0,281.0,177.0,1.0,3,0.578
53,1,241.0,279.0,175.0,92.0,1.0,0,1.0
53,2,877.0,306.0,194.0,122.0,1.0,3,0.428
53,3,106.0,224.0,42.0,146.0,1.0,0,1.0
53,4,741.0,248.0,281.0,177.0,1.0,3,0.581
54,1,244.0,279.0,175.0,92.0,1.0,0,1.0
54,2,874.0,306.0,194.0,122.0,1.0,3,0.443
54,3,108.0,224.0,42.0,146.0,1.0,0,1.0
54,4,737.0,248.0,281.0,177.0,1.0,3,0.588
55,1,247.0,279.0,175.0,92.0,1.0,0,1.0
55,2,871.0,306.0,194.0,122.0,1.0,3,0.459
55,3,110.0,224.0,42.0,146.0,1.0,0,1.0
55,4,734.0,248.0,281.0,177.0,1.0,3,0.591
56,1,251.0,279.0,175.0,92.0,1.0,0,1.0
56,2,867.0,306.0,194.0,122.0,1.0,3,0.479
56,3,112.0,224.0,42.0,146.0,1.0,0,1.0
56,4,730.0,248.0,281.0,177.0,1.0,3,0.596
57,1,254.0,279.0,175.0,92.0,1.0,0,1.0
57,2,864.0,306.0,194.0,122.0,1.0,3,0.495
57,3,114.0,223.0,42.0,146.0,1.0,0,1.0
57,4,727.0,249.0,281.0,177.0,1.0,3,0.598
58,1,258.0,279.0,175.0,92.0,1.0,0,1.0
58,2,861.0,307.0,194.0,122.0,1.0,3,0.51
58,3,116.0,223.0,42.0,146.0,1.0,0,1.0
58,4,723.0,249.0,281.0,177.0,1.0,3,0.607
59,1,261.0,279.0,175.0,92.0,1.0,0,1.0
59,2,857.0,307.0,194.0,122.0,1.0,3,0.531
59,3,118.0,223.0,42.0,146.0,1.0,0,1.0
59,4,720.0,249.0,281.0,177.0,1.0,3,0.608
60,1,264.0,279.0,175.0,92.0,1.0,0,1.0
60,2,854.0,307.0,194.0,122.0,1.0,3,0.546
60,3,120.0,223.0,42.0,146.0,1.0,0,1.0
60,4,716.0,249.0,281.0,177.0,1.0,3,0.615
61,1,268.0,279.0,177.0,93.0,1.0,0,1.0
61,2,851.0,307.0,194.0,122.0,1.0,3,0.562
61,3,122.0,223.0,42.0,146.0,1.0,0,1.0
61,4,712.0,249.0,281.0,177.0,1.0,3,0.622
62,1,271.0,279.0,177.0,93.0,1.0,0,1.0
62,2,847.0,307.0,194.0,122.0,1.0,3,0.582
62,3,124.0,223.0,42.0,146.0,1.0,0,1.0
62,4,709.0,249.0,281.0,177.0,1.0,3,0.623
63,1,275.0,279.0,177.0,93.0,1.0,0,1.0
63,2,844.0,308.0,194.0,122.0,1.0,3,0.598
63,3,126.0,223.0,42.0,146.0,1.0,0,1.0
63,4,705.0,249.0,281.0,177.0,1.0,3,0.632
64,1,278.0,279.0,177.0,93.0,1.0,0,1.0
64,2,841.0,308.0,194.0,122.0,1.0,3,0.613
64,3,128.0,222.0,42.0,146.0,1.0,0,1.0
64,4,702.0,249.0,281.0,177.0,1.0,3,0.636
65,1,282.0,279.0,177.0,93.0,1.0,0,1.0
65,2,837.0,308.0,194.0,122.0,1.0,3,0.634
65,3,130.0,222.0,42.0,146.0,1.0,0,1.0
65,4,698.0,250.0,281.0,177.0,1.0,3,0.638
66,1,285.0,279.0,177.0,93.0,1.0,0,1.0
66,2,834.0,308.0,194.0,122.0,1.0,3,0.649
66,3,132.0,222.0,42.0,146.0,1.0,0,1.0
66,4,695.0,250.0,281.0,177.0,1.0,3,0.642
67,1,288.0,279.0,177.0,93.0,1.0,0,1.0
67,2,831.0,309.0,194.0,122.0,1.0,3,0.665
67,3,134.0,222.0,42.0,146.0,1.0,0,1.0
67,4,691.0,250.0,281.0,177.0,1.0,3,0.651
68,1,292.0,279.0,177.0,93.0,1.0,0,1.0
68,2,827.0,309.0,194.0,122.0,1.0,3,0.686
68,3,136.0,222.0,42.0,146.0,1.0,0,1.0
68,4,688.0,250.0,281.0,177.0,1.0,3,0.652
69,1,295.0,279.0,177.0,93.0,1.0,0,1.0
69,2,824.0,309.0,194.0,122.0,1.0,3,0.701
69,3,138.0,222.0,42.0,147.0,1.0,0,1.0
69,4,684.0,250.0,281.0,177.0,1.0,3,0.66
70,1,299.0,280.0,177.0,93.0,1.0,0,1.0
70,2,821.0,309.0,194.0,122.0,1.0,3,0.716
70,3,140.0,221.0,42.0,147.0,1.0,0,1.0
70,4,681.0,250.0,281.0,177.0,1.0,3,0.663
71,1,302.0,280.0,177.0,93.0,1.0,0,1.0
71,2,817.0,309.0,194.0,122.0,1.0,3,0.737
71,3,142.0,221.0,42.0,147.0,1.0,0,1.0
71,4,677.0,250.0,281.0,177.0,1.0,3,0.665
72,1,305.0,280.0,177.0,93.0,1.0,0,1.0
72,2,814.0,310.0,194.0,122.0,1.0,3,0.753
72,3,145.0,221.0,42.0,147.0,1.0,0,1.0
72,4,673.0,250.0,281.0,177.0,1.0,3,0.671
73,1,309.0,280.0,179.0,94.0,1.0,0,1.0
73,2,811.0,310.0,194.0,122.0,1.0,3,0.768
73,3,147.0,221.0,42.0,147.0,1.0,0,1.0
73,4,670.0,251.0,281.0,177.0,1.0,3,0.668
74,1,312.0,280.0,179.0,94.0,1.0,0,1.0
74,2,807.0,310.0,195.0,123.0,1.0,3,0.785
74,3,149.0,221.0,42.0,147.0,1.0,0,1.0
74,4,666.0,251.0,281.0,177.0,1.0,3,0.668
75,1,316.0,280.0,179.0,94.0,1.0,0,1.0
75,2,804.0,310.0,195.0,123.0,1.0,3,0.8
75,3,151.0,221.0,42.0,147.0,1.0,0,1.0
75,4,663.0,251.0,281.0,177.0,1.0,3,0.668
76,1,319.0,280.0,179.0,94.0,1.0,0,1.0
76,2,801.0,310.0,195.0,123.0,1.0,3,0.815
76,3,153.0,221.0,42.0,147.0,1.0,0,1.0
76,4,659.0,251.0,283.0,178.0,1.0,3,0.667
77,1,322.0,280.0,179.0,94.0,1.0,0,1.0
77,2,797.0,311.0,195.0,123.0,1.0,3,0.836
77,3,155.0,220.0,42.0,147.0,1.0,0,1.0
77,4,656.0,251.0,283.0,178.0,1.0,3,0.667
78,1,326.0,280.0,179.0,94.0,1.0,0,1.0
78,2,794.0,311.0,195.0,123.0,1.0,3,0.851
78,3,157.0,220.0,42.0,147.0,1.0,0,1.0
78,4,652.0,251.0,283.0,178.0,1.0,3,0.67
79,1,329.0,280.0,179.0,94.0,1.0,0,1.0
79,2,791.0,311.0,195.0,123.0,1.0,3,0.867
79,3,159.0,220.0,42.0,147.0,1.0,0,1.0
79,4,649.0,251.0,283.0,178.0,1.0,3,0.67
80,1,333.0,280.0,179.0,94.0,1.0,0,1.0
80,2,787.0,311.0,195.0,123.0,1.0,3,0.887
80,3,161.0,220.0,42.0,147.0,1.0,0,1.0
80,4,645.0,252.0,283.0,178.0,1.0,3,0.667
81,1,336.0,280.0,179.0,94.0,1.0,0,1.0
81,2,784.0,311.0,195.0,123.0,1.0,3,0.903
81,3,163.0,220.0,42.0,147.0,1.0,0,1.0
81,4,641.0,252.0,283.0,178.0,1.0,3,0.669
82,1,339.0,280.0,179.0,94.0,1.0,0,1.0
82,2,781.0,312.0,195.0,123.0,1.0,3,0.918
82,3,165.0,220.0,42.0,147.0,1.0,0,1.0
82,4,638.0,252.0,283.0,178.0,1.0,3,0.672
83,1,343.0,280.0,179.0,94.0,1.0,0,1.0
83,2,777.0,312.0,195.0,123.0,1.0,3,0.938
83,3,167.0,220.0,42.0,147.0,1.0,0,1.0
83,4,634.0,252.0,283.0,178.0,1.0,3,0.672
84,1,346.0,280.0,181.0,95.0,1.0,0,1.0
84,2,774.0,312.0,195.0,123.0,1.0,3,0.954
84,3,169.0,219.0,42.0,147.0,1.0,0,1.0
84,4,631.0,252.0,283.0,178.0,1.0,3,0.672
85,1,350.0,280.0,181.0,95.0,1.0,0,1.0
85,2,771.0,312.0,195.0,123.0,1.0,3,0.969
85,3,171.0,219.0,42.0,147.0,1.0,0,1.0
85,4,627.0,252.0,283.0,178.0,1.0,3,0.674
86,1,353.0,280.0,181.0,95.0,1.0,0,1.0
86,2,767.0,313.0,195.0,123.0,1.0,3,0.99
86,3,173.0,219.0,42.0,147.0,1.0,0,1.0
86,4,624.0,252.0,283.0,178.0,1.0,3,0.675
87,1,356.0,280.0,181.0,95.0,1.0,0,1.0
87,2,764.0,313.0,195.0,123.0,1.0,3,1.0
87,3,175.0,219.0,42.0,147.0,1.0,0,1.0
87,4,620.0,252.0,283.0,178.0,1.0,3,0.677
88,1,360.0,280.0,181.0,95.0,1.0,0,1.0
88,2,761.0,313.0,195.0,123.0,1.0,3,1.0
88,3,177.0,219.0,42.0,147.0,1.0,0,1.0
88,4,617.0,253.0,283.0,178.0,1.0,3,0.674
89,1,363.0,280.0,181.0,95.0,1.0,0,1.0
89,2,757.0,313.0,195.0,123.0,1.0,3,1.0
89,3,179.0,219.0,42.0,147.0,1.0,0,1.0
89,4,613.0,253.0,283.0,178.0,1.0,3,0.674
90,1,367.0,280.0,181.0,95.0,1.0,0,1.0
90,2,754.0,313.0,195.0,123.0,1.0,3,1.0
90,3,181.0,218.0,43.0,148.0,1.0,0,1.0
90,4,609.0,253.0,283.0,178.0,1.0,3,0.677
91,1,370.0,280.0,181.0,95.0,1.0,0,1.0
91,2,751.0,314.0,195.0,123.0,1.0,3,1.0
91,3,183.0,218.0,43.0,148.0,1.0,0,1.0
91,4,606.0,253.0,283.0,178.0,1.0,3,0.679
92,1,373.0,280.0,181.0,95.0,1.0,0,1.0
92,2,747.0,314.0,195.0,123.0,1.0,3,1.0
92,3,185.0,218.0,43.0,148.0,1.0,0,1.0
92,4,602.0,253.0,283.0,178.0,1.0,3,0.679
93,1,377.0,280.0,181.0,95.0,1.0,0,1.0
93,2,744.0,314.0,195.0,123.0,1.0,3,1.0
93,3,187.0,218.0,43.0,148.0,1.0,0,1.0
93,4,599.0,253.0,283.0,178.0,1.0,3,0.679
94,1,380.0,280.0,181.0,95.0,1.0,0,1.0
94,2,741.0,314.0,195.0,123.0,1.0,3,1.0
94,3,189.0,218.0,43.0,148.0,1.0,0,1.0
94,4,595.0,253.0,283.0,178.0,1.0,3,0.682
95,1,384.0,280.0,183.0,96.0,1.0,0,1.0
95,2,737.0,314.0,195.0,123.0,1.0,3,1.0
95,3,191.0,218.0,43.0,148.0,1.0,0,1.0
95,4,592.0,254.0,283.0,178.0,1.0,3,0.677
96,1,387.0,281.0,183.0,96.0,1.0,0,1.0
96,2,734.0,315.0,195.0,123.0,1.0,3,1.0
96,3,194.0,218.0,43.0,148.0,1.0,0,1.0
96,4,588.0,254.0,283.0,178.0,1.0,3,0.682
97,1,390.0,281.0,183.0,96.0,1.0,0,1.0
97,2,731.0,315.0,195.0,123.0,1.0,3,1.0
97,3,196.0,217.0,43.0,148.0,1.0,0,1.0
97,4,585.0,254.0,283.0,178.0,1.0,3,0.682
98,1,394.0,281.0,183.0,96.0,1.0,0,1.0
98,2,727.0,315.0,195.0,123.0,1.0,3,1.0
98,3,198.0,217.0,43.0,148.0,1.0,0,1.0
98,4,581.0,254.0,283.0,178.0,1.0,3,0.682
99,1,397.0,281.0,183.0,96.0,1.0,0,1.0
99,2,724.0,315.0,195.0,123.0,1.0,3,1.0
99,3,200.0,217.0,43.0,148.0,1.0,0,1.0
99,4,578.0,254.0,283.0,178.0,1.0,3,0.678
100,1,401.0,281.0,183.0,96.0,1.0,0,1.0
100,2,721.0,315.0,195.0,123.0,1.0,3,1.0
100,3,202.0,217.0,43.0,148.0,1.0,0,1.0
100,4,574.0,254.0,283.0,178.0,1.0,3,0.665
101,1,404.0,281.0,183.0,96.0,1.0,0,1.0
101,2,717.0,316.0,195.0,123.0,1.0,3,1.0
101,3,204.0,217.0,43.0,148.0,1.0,0,1.0
101,4,570.0,254.0,283.0,178.0,1.0,3,0.654
102,1,407.0,281.0,183.0,96.0,1.0,0,1.0
102,2,714.0,316.0,195.0,123.0,1.0,3,1.0
102,3,206.0,217.0,43.0,148.0,1.0,0,1.0
102,4,567.0,254.0,283.0,178.0,1.0,3,0.643
103,1,411.0,281.0,183.0,96.0,1.0,0,1.0
103,2,711.0,316.0,195.0,123.0,1.0,3,1.0
103,3,208.0,216.0,43.0,148.0,1.0,0,1.0
103,4,563.0,255.0,283.0,178.0,1.0,3,0.627
104,1,414.0,281.0,183.0,96.0,1.0,0,1.0
104,2,707.0,316.0,195.0,123.0,1.0,3,1.0
104,3,210.0,216.0,43.0,148.0,1.0,0,1.0
104,4,560.0,255.0,283.0,178.0,1.0,3,0.614
105,1,418.0,281.0,183.0,96.0,1.0,0,1.0
105,2,704.0,317.0,195.0,123.0,1.0,3,1.0
105,3,212.0,216.0,43.0,148.0,1.0,0,1.0
105,4,556.0,255.0,283.0,178.0,1.0,3,0.603
106,1,421.0,281.0,183.0,96.0,1.0,0,1.0
106,2,701.0,317.0,195.0,123.0,1.0,3,1.0
106,3,214.0,216.0,43.0,148.0,1.0,0,1.0
106,4,553.0,255.0,283.0,178.0,1.0,3,0.592
107,1,425.0,281.0,185.0,97.0,1.0,0,1.0
107,2,697.0,317.0,195.0,123.0,1.0,3,1.0
107,3,216.0,216.0,43.0,148.0,1.0,0,1.0
107,4,549.0,255.0,283.0,178.0,1.0,3,0.572
108,1,428.0,281.0,185.0,97.0,1.0,0,1.0
108,2,694.0,317.0,195.0,123.0,1.0,3,1.0
108,3,218.0,216.0,43.0,148.0,1.0,0,1.0
108,4,546.0,255.0,283.0,178.0,1.0,3,0.56
109,1,431.0,281.0,185.0,97.0,1.0,0,1.0
109,2,691.0,317.0,195.0,123.0,1.0,3,1.0
109,3,220.0,216.0,43.0,148.0,1.0,0,1.0
109,4,542.0,255.0,283.0,178.0,1.0,3,0.549
110,1,435.0,281.0,185.0,97.0,1.0,0,1.0
110,2,687.0,318.0,195.0,123.0,1.0,3,1.0
110,3,222.0,215.0,43.0,149.0,1.0,0,1.0
110,4,538.0,256.0,283.0,178.0,1.0,3,0.534
111,1,438.0,281.0,185.0,97.0,1.0,0,1.0
111,2,684.0,318.0,195.0,123.0,1.0,3,1.0
111,3,224.0,215.0,43.0,149.0,1.0,0,1.0
111,4,535.0,256.0,283.0,178.0,1.0,3,0.522
112,1,442.0,281.0,185.0,97.0,1.0,0,1.0
112,2,681.0,318.0,197.0,124.0,1.0,3,1.0
112,3,226.0,215.0,43.0,149.0,1.0,0,1.0
112,4,531.0,256.0,283.0,178.0,1.0,3,0.509
113,1,445.0,281.0,185.0,97.0,1.0,0,1.0
113,2,677.0,318.0,197.0,124.0,1.0,3,1.0
113,3,228.0,215.0,43.0,149.0,1.0,0,1.0
113,4,528.0,256.0,283.0,178.0,1.0,3,0.495
114,1,448.0,281.0,185.0,97.0,1.0,0,1.0
114,2,674.0,318.0,197.0,124.0,1.0,3,1.0
114,3,230.0,215.0,43.0,149.0,1.0,0,1.0
114,4,524.0,256.0,283.0,178.0,1.0,3,0.484
115,1,452.0,281.0,185.0,97.0,1.0,0,1.0
115,2,671.0,319.0,197.0,124.0,1.0,3,1.0
115,3,232.0,215.0,43.0,149.0,1.0,0,1.0
115,4,521.0,256.0,283.0,178.0,1.0,3,0.473
116,1,455.0,281.0,185.0,97.0,1.0,0,1.0
116,2,667.0,319.0,197.0,124.0,1.0,3,1.0
116,3,234.0,215.0,43.0,149.0,1.0,0,1.0
116,4,517.0,256.0,283.0,178.0,1.0,3,0.46
117,1,459.0,281.0,185.0,97.0,1.0,0,1.0
117,2,664.0,319.0,197.0,124.0,1.0,3,1.0
117,3,236.0,214.0,43.0,149.0,1.0,0,1.0
117,4,514.0,256.0,283.0,178.0,1.0,3,0.446
118,1,462.0,281.0,187.0,98.0,1.0,0,1.0
118,2,661.0,319.0,197.0,124.0,1.0,3,1.0
118,3,238.0,214.0,43.0,149.0,1.0,0,1.0
118,4,510.0,257.0,283.0,178.0,1.0,3,0.426
119,1,465.0,281.0,187.0,98.0,1.0,0,1.0
119,2,657.0,319.0,197.0,124.0,1.0,3,1.0
119,3,240.0,214.0,43.0,149.0,1.0,0,1.0
119,4,506.0,257.0,283.0,178.0,1.0,3,0.412
120,1,469.0,281.0,187.0,98.0,1.0,0,0.994
120,2,654.0,320.0,197.0,124.0,1.0,3,1.0
120,3,243.0,214.0,43.0,149.0,1.0,0,1.0
120,4,503.0,257.0,283.0,178.0,1.0,3,0.403
121,1,472.0,281.0,187.0,98.0,1.0,0,0.974
121,2,651.0,320.0,197.0,124.0,1.0,3,1.0
121,3,245.0,214.0,43.0,149.0,1.0,0,1.0
121,4,499.0,257.0,283.0,178.0,1.0,3,0.399
122,1,476.0,282.0,187.0,98.0,1.0,0,0.948
122,2,647.0,320.0,197.0,124.0,1.0,3,1.0
122,3,247.0,214.0,43.0,149.0,1.0,0,1.0
122,4,496.0,257.0,283.0,178.0,1.0,3,0.393
123,1,479.0,282.0,187.0,98.0,1.0,0,0.928
123,2,644.0,320.0,197.0,124.0,1.0,3,1.0
123,3,249.0,213.0,43.0,149.0,1.0,0,1.0
123,4,492.0,257.0,283.0,178.0,1.0,3,0.389
124,1,482.0,282.0,187.0,98.0,1.0,0,0.91
124,2,641.0,321.0,197.0,124.0,1.0,3,1.0
124,3,251.0,213.0,43.0,149.0,1.0,0,1.0
124,4,489.0,257.0,283.0,178.0,1.0,3,0.386
125,1,486.0,282.0,187.0,98.0,1.0,0,0.884
125,2,637.0,321.0,197.0,124.0,1.0,3,1.0
125,3,253.0,213.0,43.0,149.0,1.0,0,1.0
125,4,485.0,258.0,283.0,178.0,1.0,3,0.379
126,1,489.0,282.0,187.0,98.0,1.0,0,0.865
126,2,634.0,321.0,197.0,124.0,1.0,3,1.0
126,3,255.0,213.0,43.0,149.0,1.0,0,1.0
126,4,482.0,258.0,283.0,178.0,1.0,3,0.386
127,1,493.0,282.0,187.0,98.0,1.0,0,0.842
127,2,631.0,321.0,197.0,124.0,1.0,3,1.0
127,3,257.0,213.0,43.0,149.0,1.0,0,1.0
127,4,478.0,258.0,283.0,178.0,1.0,3,0.397
128,1,496.0,282.0,187.0,98.0,1.0,0,0.82
128,2,627.0,321.0,197.0,124.0,1.0,3,1.0
128,3,259.0,213.0,43.0,149.0,1.0,0,1.0
128,4,474.0,258.0,283.0,178.0,1.0,3,0.405
129,1,499.0,282.0,189.0,99.0,1.0,0,0.798
129,2,624.0,322.0,197.0,124.0,1.0,3,1.0
129,3,261.0,213.0,43.0,149.0,1.0,0,1.0
129,4,471.0,258.0,283.0,178.0,1.0,3,0.409
130,1,503.0,282.0,189.0,99.0,1.0,0,0.776
130,2,621.0,322.0,197.0,124.0,1.0,3,1.0
130,3,263.0,212.0,43.0,150.0,1.0,0,1.0
130,4,467.0,258.0,283.0,178.0,1.0,3,0.42
131,1,506.0,282.0,189.0,99.0,1.0,0,0.754
131,2,617.0,322.0,197.0,124.0,1.0,3,1.0
131,3,265.0,212.0,43.0,150.0,1.0,0,1.0
131,4,464.0,258.0,283.0,178.0,1.0,3,0.426
132,1,510.0,282.0,189.0,99.0,1.0,0,0.732
132,2,614.0,322.0,197.0,124.0,1.0,3,1.0
132,3,267.0,212.0,43.0,150.0,1.0,0,1.0
132,4,460.0,258.0,283.0,178.0,1.0,3,0.436
133,1,513.0,282.0,189.0,99.0,1.0,0,0.713
133,2,611.0,322.0,197.0,124.0,1.0,3,1.0
133,3,269.0,212.0,43.0,150.0,1.0,0,1.0
133,4,457.0,259.0,283.0,178.0,1.0,3,0.441
134,1,516.0,282.0,189.0,99.0,1.0,0,0.696
134,2,607.0,323.0,197.0,124.0,1.0,3,1.0
134,3,271.0,212.0,43.0,150.0,1.0,0,1.0
134,4,453.0,259.0,283.0,178.0,1.0,3,0.449
135,1,520.0,282.0,189.0,99.0,1.0,0,0.675
135,2,604.0,323.0,197.0,124.0,1.0,3,1.0
135,3,273.0,212.0,43.0,150.0,1.0,0,1.0
135,4,450.0,259.0,283.0,178.0,1.0,3,0.458
136,1,523.0,282.0,189.0,99.0,1.0,0,0.656
136,2,601.0,323.0,197.0,124.0,1.0,3,1.0
136,3,275.0,212.0,43.0,150.0,1.0,0,1.0
136,4,446.0,259.0,283.0,178.0,1.0,3,0.467
137,1,527.0,282.0,189.0,99.0,1.0,0,0.631
137,2,597.0,323.0,197.0,124.0,1.0,3,1.0
137,3,277.0,211.0,43.0,150.0,1.0,0,1.0
137,4,443.0,259.0,283.0,178.0,1.0,3,0.474
138,1,530.0,282.0,189.0,99.0,1.0,0,0.613
138,2,594.0,323.0,197.0,124.0,1.0,3,1.0
138,3,279.0,211.0,43.0,150.0,1.0,0,1.0
138,4,439.0,259.0,283.0,178.0,1.0,3,0.483
139,1,533.0,282.0,189.0,99.0,1.0,0,0.601
139,2,591.0,324.0,197.0,124.0,1.0,3,1.0
139,3,281.0,211.0,43.0,150.0,1.0,0,1.0
139,4,435.0,259.0,283.0,178.0,1.0,3,0.495
140,1,537.0,282.0,191.0,100.0,1.0,0,0.572
140,2,587.0,324.0,197.0,124.0,1.0,3,1.0
140,3,283.0,211.0,43.0,150.0,1.0,0,1.0
140,4,432.0,259.0,283.0,178.0,1.0,3,0.507
141,1,540.0,282.0,191.0,100.0,1.0,0,0.554
141,2,584.0,324.0,197.0,124.0,1.0,3,1.0
141,3,285.0,211.0,43.0,150.0,1.0,0,1.0
141,4,428.0,260.0,283.0,178.0,1.0,3,0.519
142,1,544.0,282.0,191.0,100.0,1.0,0,0.529
142,2,580.0,324.0,197.0,124.0,1.0,3,1.0
142,3,287.0,211.0,43.0,150.0,1.0,0,1.0
142,4,425.0,260.0,283.0,178.0,1.0,3,0.532
143,1,547.0,282.0,191.0,100.0,1.0,0,0.52
143,2,577.0,325.0,197.0,124.0,1.0,3,1.0
143,3,290.0,210.0,43.0,150.0,1.0,0,1.0
143,4,421.0,260.0,283.0,178.0,1.0,3,0.547
144,1,550.0,282.0,191.0,100.0,1.0,0,0.502
144,2,574.0,325.0,197.0,124.0,1.0,3,1.0
144,3,292.0,210.0,43.0,150.0,1.0,0,1.0
144,4,418.0,260.0,283.0,178.0,1.0,3,0.559
145,1,554.0,282.0,191.0,100.0,1.0,0,0.478
145,2,570.0,325.0,197.0,124.0,1.0,3,1.0
145,3,294.0,210.0,43.0,150.0,1.0,0,1.0
145,4,414.0,260.0,283.0,178.0,1.0,3,0.575
146,1,557.0,282.0,191.0,100.0,1.0,0,0.46
146,2,567.0,325.0,197.0,124.0,1.0,3,1.0
146,3,296.0,210.0,43.0,150.0,1.0,0,1.0
146,4,411.0,260.0,283.0,178.0,1.0,3,0.587
147,1,561.0,282.0,191.0,100.0,1.0,0,0.439
147,2,564.0,325.0,197.0,124.0,1.0,3,1.0
147,3,298.0,210.0,43.0,150.0,1.0,0,1.0
147,4,407.0,260.0,283.0,178.0,1.0,3,0.604
148,1,564.0,283.0,191.0,100.0,1.0,0,0.43
148,2,560.0,326.0,197.0,124.0,1.0,3,1.0
148,3,300.0,210.0,43.0,150.0,1.0,0,1.0
148,4,403.0,261.0,283.0,178.0,1.0,3,0.613
149,1,568.0,283.0,191.0,100.0,1.0,0,0.445
149,2,557.0,326.0,197.0,124.0,1.0,3,1.0
149,3,302.0,210.0,43.0,150.0,1.0,0,1.0
149,4,400.0,261.0,283.0,178.0,1.0,3,0.619
150,1,571.0,283.0,191.0,100.0,1.0,0,0.463
150,2,554.0,326.0,197.0,124.0,1.0,3,1.0
150,3,304.0,209.0,43.0,151.0,1.0,0,1.0
150,4,396.0,261.0,283.0,178.0,1.0,3,0.627
151,1,574.0,283.0,191.0,100.0,1.0,0,0.481
151,2,550.0,326.0,198.0,125.0,1.0,3,1.0
151,3,306.0,209.0,43.0,151.0,1.0,0,1.0
151,4,393.0,261.0,283.0,178.0,1.0,3,0.63
152,1,578.0,283.0,193.0,101.0,1.0,0,0.503
152,2,547.0,326.0,198.0,125.0,1.0,3,1.0
152,3,308.0,209.0,43.0,151.0,1.0,0,1.0
152,4,389.0,261.0,283.0,178.0,1.0,3,0.639
153,1,581.0,283.0,193.0,101.0,1.0,0,0.529
153,2,544.0,327.0,198.0,125.0,1.0,3,1.0
153,3,310.0,209.0,43.0,151.0,1.0,0,1.0
153,4,386.0,261.0,283.0,178.0,1.0,3,0.645
154,1,585.0,283.0,193.0,101.0,1.0,0,0.553
154,2,540.0,327.0,198.0,125.0,1.0,3,1.0
154,3,312.0,209.0,43.0,151.0,1.0,0,1.0
154,4,382.0,261.0,283.0,178.0,1.0,3,0.652
155,1,588.0,283.0,193.0,101.0,1.0,0,0.57
155,2,537.0,327.0,198.0,125.0,1.0,3,1.0
155,3,314.0,209.0,43.0,151.0,1.0,0,1.0
155,4,379.0,261.0,283.0,178.0,1.0,3,0.657
156,1,591.0,283.0,193.0,101.0,1.0,0,0.588
156,2,534.0,327.0,198.0,125.0,1.0,3,1.0
156,3,316.0,208.0,43.0,151.0,1.0,0,1.0
156,4,375.0,262.0,284.0,179.0,1.0,3,0.661
157,1,595.0,283.0,193.0,101.0,1.0,0,0.611
157,2,530.0,327.0,198.0,125.0,1.0,3,1.0
157,3,318.0,208.0,43.0,151.0,1.0,0,1.0
157,4,371.0,262.0,284.0,179.0,1.0,3,0.668
158,1,598.0,283.0,193.0,101.0,1.0,0,0.635
158,2,527.0,328.0,198.0,125.0,1.0,3,1.0
158,3,320.0,208.0,43.0,151.0,1.0,0,1.0
158,4,368.0,262.0,284.0,179.0,1.0,3,0.674
159,1,602.0,283.0,193.0,101.0,1.0,0,0.655
159,2,524.0,328.0,198.0,125.0,1.0,3,1.0
159,3,322.0,208.0,43.0,151.0,1.0,0,0.985
159,4,364.0,262.0,284.0,179.0,1.0,3,0.684
160,1,605.0,283.0,193.0,101.0,1.0,0,0.675
160,2,520.0,328.0,198.0,125.0,1.0,3,1.0
160,3,324.0,208.0,43.0,151.0,1.0,0,0.91
160,4,361.0,262.0,284.0,179.0,1.0,3,0.687
161,1,608.0,283.0,193.0,101.0,1.0,0,0.693
161,2,517.0,328.0,198.0,125.0,1.0,3,1.0
161,3,326.0,208.0,43.0,151.0,1.0,0,0.821
161,4,357.0,262.0,284.0,179.0,1.0,3,0.695
162,1,612.0,283.0,193.0,101.0,1.0,0,0.718
162,2,514.0,329.0,198.0,125.0,1.0,3,1.0
162,3,328.0,208.0,43.0,151.0,1.0,0,0.746
162,4,354.0,262.0,284.0,179.0,1.0,3,0.703
163,1,615.0,283.0,194.0,102.0,1.0,0,0.737
163,2,510.0,329.0,198.0,125.0,1.0,3,1.0
163,3,330.0,207.0,43.0,151.0,1.0,0,0.663
163,4,350.0,263.0,284.0,179.0,1.0,3,0.707
164,1,619.0,283.0,194.0,102.0,1.0,0,0.757
164,2,507.0,329.0,198.0,125.0,1.0,3,1.0
164,3,332.0,207.0,43.0,151.0,1.0,0,0.59
164,4,347.0,263.0,284.0,179.0,1.0,3,0.714
165,1,622.0,283.0,194.0,102.0,1.0,0,0.774
165,2,504.0,329.0,198.0,125.0,1.0,3,1.0
165,3,334.0,207.0,43.0,151.0,1.0,0,0.503
165,4,343.0,263.0,284.0,179.0,1.0,3,0.722
166,1,625.0,283.0,194.0,102.0,1.0,0,0.793
166,2,500.0,329.0,198.0,125.0,1.0,3,1.0
166,3,336.0,207.0,43.0,151.0,1.0,0,0.415
166,4,339.0,263.0,284.0,179.0,1.0,3,0.727
167,1,629.0,283.0,194.0,102.0,1.0,0,0.817
167,2,497.0,330.0,198.0,125.0,1.0,3,1.0
167,3,339.0,207.0,43.0,151.0,1.0,0,0.371
167,4,336.0,263.0,284.0,179.0,1.0,3,0.729
168,1,632.0,283.0,194.0,102.0,1.0,0,0.833
168,2,494.0,330.0,198.0,125.0,1.0,3,1.0
168,3,341.0,207.0,43.0,151.0,1.0,0,0.371
168,4,332.0,263.0,284.0,179.0,1.0,3,0.731
169,1,636.0,283.0,194.0,102.0,1.0,0,0.855
169,2,490.0,330.0,198.0,125.0,1.0,3,1.0
169,3,343.0,207.0,43.0,151.0,1.0,0,0.371
169,4,329.0,263.0,284.0,179.0,1.0,3,0.729
170,1,639.0,283.0,194.0,102.0,1.0,0,0.872
170,2,487.0,330.0,198.0,125.0,1.0,3,1.0
170,3,345.0,206.0,44.0,152.0,1.0,0,0.375
170,4,325.0,263.0,284.0,179.0,1.0,3,0.731
171,1,642.0,283.0,194.0,102.0,1.0,0,0.889
171,2,484.0,330.0,198.0,125.0,1.0,3,1.0
171,3,347.0,206.0,44.0,152.0,1.0,0,0.382
171,4,322.0,264.0,284.0,179.0,1.0,3,0.729
172,1,646.0,283.0,194.0,102.0,1.0,0,0.913
172,2,480.0,331.0,198.0,125.0,1.0,3,1.0
172,3,349.0,206.0,44.0,152.0,1.0,0,0.382
172,4,318.0,264.0,284.0,179.0,1.0,3,0.731
173,1,649.0,283.0,194.0,102.0,1.0,0,0.929
173,2,477.0,331.0,198.0,125.0,1.0,3,1.0
173,3,351.0,206.0,44.0,152.0,1.0,0,0.382
173,4,315.0,264.0,284.0,179.0,1.0,3,0.731
174,1,653.0,283.0,196.0,103.0,1.0,0,0.948
174,2,474.0,331.0,198.0,125.0,1.0,3,1.0
174,3,353.0,206.0,44.0,152.0,1.0,0,0.382
174,4,311.0,264.0,284.0,179.0,1.0,3,0.733
175,1,656.0,284.0,196.0,103.0,1.0,0,0.967
175,2,470.0,331.0,198.0,125.0,1.0,3,1.0
175,3,355.0,206.0,44.0,152.0,1.0,0,0.382
175,4,308.0,264.0,284.0,179.0,1.0,3,0.731
176,1,659.0,284.0,196.0,103.0,1.0,0,0.983
176,2,467.0,331.0,198.0,125.0,1.0,3,1.0
176,3,357.0,205.0,44.0,152.0,1.0,0,0.388
176,4,304.0,264.0,284.0,179.0,1.0,3,0.733
177,1,663.0,284.0,196.0,103.0,1.0,0,1.0
177,2,464.0,332.0,198.0,125.0,1.0,3,1.0
177,3,359.0,205.0,44.0,152.0,1.0,0,0.388
177,4,300.0,264.0,284.0,179.0,1.0,3,0.738
178,1,666.0,284.0,196.0,103.0,1.0,0,1.0
178,2,460.0,332.0,198.0,125.0,1.0,3,1.0
178,3,361.0,205.0,44.0,152.0,1.0,0,0.395
178,4,297.0,265.0,284.0,179.0,1.0,3,0.733
179,1,670.0,284.0,196.0,103.0,1.0,0,1.0
179,2,457.0,332.0,198.0,125.0,1.0,3,1.0
179,3,363.0,205.0,44.0,152.0,1.0,0,0.395
179,4,293.0,265.0,284.0,179.0,1.0,3,0.736
180,1,673.0,284.0,196.0,103.0,1.0,0,1.0
180,2,454.0,332.0,198.0,125.0,1.0,3,1.0
180,3,365.0,205.0,44.0,152.0,1.0,0,0.395
180,4,290.0,265.0,284.0,179.0,1.0,3,0.736
181,1,676.0,284.0,196.0,103.0,1.0,0,1.0
181,2,450.0,333.0,198.0,125.0,1.0,3,1.0
181,3,367.0,205.0,44.0,152.0,1.0,0,0.395
181,4,286.0,265.0,284.0,179.0,1.0,3,0.738
182,1,680.0,284.0,196.0,103.0,1.0,0,1.0
182,2,447.0,333.0,198.0,125.0,1.0,3,1.0
182,3,369.0,205.0,44.0,152.0,1.0,0,0.395
182,4,283.0,265.0,284.0,179.0,1.0,3,0.738
183,1,683.0,284.0,196.0,103.0,1.0,0,1.0
183,2,444.0,333.0,198.0,125.0,1.0,3,1.0
183,3,371.0,204.0,44.0,152.0,1.0,0,0.401
183,4,279.0,265.0,284.0,179.0,1.0,3,0.74
184,1,687.0,284.0,196.0,103.0,1.0,0,1.0
184,2,440.0,333.0,198.0,125.0,1.0,3,1.0
184,3,373.0,204.0,44.0,152.0,1.0,0,0.401
184,4,276.0,265.0,284.0,179.0,1.0,3,0.738
185,1,690.0,284.0,198.0,104.0,1.0,0,1.0
185,2,437.0,333.0,198.0,125.0,1.0,3,1.0
185,3,375.0,204.0,44.0,152.0,1.0,0,0.401
185,4,272.0,265.0,284.0,179.0,1.0,3,0.74
186,1,694.0,284.0,198.0,104.0,1.0,0,1.0
186,2,434.0,334.0,198.0,125.0,1.0,3,1.0
186,3,377.0,204.0,44.0,152.0,1.0,0,0.408
186,4,268.0,266.0,284.0,179.0,1.0,3,0.742
187,1,697.0,284.0,198.0,104.0,1.0,0,1.0
187,2,430.0,334.0,198.0,125.0,1.0,3,1.0
187,3,379.0,204.0,44.0,152.0,1.0,0,0.408
187,4,265.0,266.0,284.0,179.0,1.0,3,0.74
188,1,700.0,284.0,198.0,104.0,1.0,0,1.0
188,2,427.0,334.0,198.0,125.0,1.0,3,1.0
188,3,381.0,204.0,44.0,152.0,1.0,0,0.408
188,4,261.0,266.0,284.0,179.0,1.0,3,0.742
189,1,704.0,284.0,198.0,104.0,1.0,0,1.0
189,2,424.0,334.0,198.0,125.0,1.0,3,1.0
189,3,383.0,204.0,44.0,152.0,1.0,0,0.408
189,4,258.0,266.0,284.0,179.0,1.0,3,0.742
190,1,707.0,284.0,198.0,104.0,1.0,0,1.0
190,2,420.0,334.0,200.0,126.0,1.0,3,1.0
190,3,385.0,203.0,44.0,153.0,1.0,0,0.412
190,4,254.0,266.0,284.0,179.0,1.0,3,0.742
191,1,711.0,284.0,198.0,104.0,1.0,0,1.0
191,2,417.0,335.0,200.0,126.0,1.0,3,1.0
191,3,388.0,203.0,44.0,153.0,1.0,0,0.412
191,4,251.0,266.0,284.0,179.0,1.0,3,0.745
192,1,714.0,284.0,198.0,104.0,1.0,0,1.0
192,2,414.0,335.0,200.0,126.0,1.0,3,1.0
192,3,390.0,203.0,44.0,153.0,1.0,0,0.412
192,4,247.0,266.0,284.0,179.0,1.0,3,0.747
193,1,717.0,284.0,198.0,104.0,1.0,0,1.0
193,2,410.0,335.0,200.0,126.0,1.0,3,1.0
193,3,392.0,203.0,44.0,153.0,1.0,0,0.418
193,4,244.0,267.0,284.0,179.0,1.0,3,0.742
194,1,721.0,284.0,198.0,104.0,1.0,0,1.0
194,2,407.0,335.0,200.0,126.0,1.0,3,1.0
194,3,394.0,203.0,44.0,153.0,1.0,0,0.418
194,4,240.0,267.0,284.0,179.0,1.0,3,0.745
195,1,724.0,284.0,198.0,104.0,1.0,0,1.0
195,2,404.0,335.0,200.0,126.0,1.0,3,1.0
195,3,396.0,203.0,44.0,153.0,1.0,0,0.418
195,4,236.0,267.0,284.0,179.0,1.0,3,0.747
196,1,728.0,284.0,198.0,104.0,1.0,0,1.0
196,2,400.0,336.0,200.0,126.0,1.0,3,1.0
196,3,398.0,202.0,44.0,153.0,1.0,0,0.425
196,4,233.0,267.0,284.0,179.0,1.0,3,0.747
197,1,731.0,284.0,200.0,105.0,1.0,0,1.0
197,2,397.0,336.0,200.0,126.0,1.0,3,1.0
197,3,400.0,202.0,44.0,153.0,1.0,0,0.425
197,4,229.0,267.0,284.0,179.0,1.0,3,0.749
198,1,734.0,284.0,200.0,105.0,1.0,0,1.0
198,2,394.0,336.0,200.0,126.0,1.0,3,1.0
198,3,402.0,202.0,44.0,153.0,1.0,0,0.425
198,4,226.0,267.0,284.0,179.0,1.0,3,0.749
199,1,738.0,284.0,200.0,105.0,1.0,0,1.0
199,2,390.0,336.0,200.0,126.0,1.0,3,1.0
199,3,404.0,202.0,44.0,153.0,1.0,0,0.425
199,4,222.0,267.0,284.0,179.0,1.0,3,0.749
200,1,741.0,284.0,200.0,105.0,1.0,0,1.0
200,2,387.0,337.0,200.0,126.0,1.0,3,1.0
200,3,406.0,202.0,44.0,153.0,1.0,0,0.425
200,4,219.0,267.0,284.0,179.0,1.0,3,0.751
201,1,745.0,285.0,200.0,105.0,1.0,0,1.0
201,2,384.0,337.0,200.0,126.0,1.0,3,1.0
201,3,408.0,202.0,44.0,153.0,1.0,0,0.431
201,4,215.0,268.0,284.0,179.0,1.0,3,0.751
202,1,748.0,285.0,200.0,105.0,1.0,0,1.0
202,2,380.0,337.0,200.0,126.0,1.0,3,1.0
202,3,410.0,202.0,44.0,153.0,1.0,0,0.431
202,4,212.0,268.0,284.0,179.0,1.0,3,0.749
203,1,751.0,285.0,200.0,105.0,1.0,0,1.0
203,2,377.0,337.0,200.0,126.0,1.0,3,1.0
203,3,412.0,201.0,44.0,153.0,1.0,0,0.438
203,4,208.0,268.0,284.0,179.0,1.0,3,0.751
204,1,755.0,285.0,200.0,105.0,1.0,0,1.0
204,2,374.0,337.0,200.0,126.0,1.0,3,1.0
204,3,414.0,201.0,44.0,153.0,1.0,0,0.438
204,4,204.0,268.0,284.0,179.0,1.0,3,0.753
205,1,758.0,285.0,200.0,105.0,1.0,0,1.0
205,2,370.0,338.0,200.0,126.0,1.0,3,1.0
205,3,416.0,201.0,44.0,153.0,1.0,0,0.438
205,4,201.0,268.0,284.0,179.0,1.0,3,0.753
206,1,762.0,285.0,200.0,105.0,1.0,0,0.99
206,2,367.0,338.0,200.0,126.0,1.0,3,1.0
206,3,418.0,201.0,44.0,153.0,1.0,0,0.438
206,4,197.0,268.0,284.0,179.0,1.0,3,0.756
207,1,765.0,285.0,200.0,105.0,1.0,0,0.975
207,2,364.0,338.0,200.0,126.0,1.0,3,1.0
207,3,420.0,201.0,44.0,153.0,1.0,0,0.438
207,4,194.0,268.0,284.0,179.0,1.0,3,0.756
208,1,768.0,285.0,202.0,106.0,1.0,0,0.95
208,2,360.0,338.0,200.0,126.0,1.0,3,1.0
208,3,422.0,201.0,44.0,153.0,1.0,0,0.444
208,4,190.0,269.0,284.0,179.0,1.0,3,0.753
209,1,772.0,285.0,202.0,106.0,1.0,0,0.931
209,2,357.0,338.0,200.0,126.0,1.0,3,1.0
209,3,424.0,200.0,44.0,153.0,1.0,0,0.451
209,4,187.0,269.0,284.0,179.0,1.0,3,0.753
210,1,775.0,285.0,202.0,106.0,1.0,0,0.916
210,2,354.0,339.0,200.0,126.0,1.0,3,1.0
210,3,426.0,200.0,44.0,154.0,1.0,0,0.479
210,4,183.0,269.0,284.0,179.0,1.0,3,0.758
211,1,779.0,285.0,202.0,106.0,1.0,0,0.896
211,2,350.0,339.0,200.0,126.0,1.0,3,1.0
211,3,428.0,200.0,44.0,154.0,1.0,0,0.531
211,4,180.0,269.0,284.0,179.0,1.0,3,0.756
212,1,782.0,285.0,202.0,106.0,1.0,0,0.881
212,2,347.0,339.0,200.0,126.0,1.0,3,1.0
212,3,430.0,200.0,44.0,154.0,1.0,0,0.593
212,4,176.0,269.0,284.0,179.0,1.0,3,0.758
213,1,785.0,285.0,202.0,106.0,1.0,0,0.866
213,2,344.0,339.0,200.0,126.0,1.0,3,1.0
213,3,432.0,200.0,44.0,154.0,1.0,0,0.644
213,4,173.0,269.0,284.0,179.0,1.0,3,0.758
214,1,789.0,285.0,202.0,106.0,1.0,0,0.847
214,2,340.0,339.0,200.0,126.0,1.0,3,1.0
214,3,434.0,200.0,44.0,154.0,1.0,0,0.706
214,4,169.0,269.0,284.0,179.0,1.0,3,0.758
215,1,792.0,285.0,202.0,106.0,1.0,0,0.832
215,2,337.0,340.0,200.0,126.0,1.0,3,1.0
215,3,437.0,200.0,44.0,154.0,1.0,0,0.783
215,4,165.0,269.0,284.0,179.0,1.0,3,0.762
216,1,796.0,285.0,202.0,106.0,1.0,0,0.812
216,2,334.0,340.0,200.0,126.0,1.0,3,1.0
216,3,439.0,199.0,44.0,154.0,1.0,0,0.843
216,4,162.0,270.0,284.0,179.0,1.0,3,0.76
217,1,799.0,285.0,202.0,106.0,1.0,0,0.797
217,2,330.0,340.0,200.0,126.0,1.0,3,1.0
217,3,441.0,199.0,44.0,154.0,1.0,0,0.905
217,4,158.0,270.0,284.0,179.0,1.0,3,0.76
218,1,802.0,285.0,202.0,106.0,1.0,0,0.782
218,2,327.0,340.0,200.0,126.0,1.0,3,1.0
218,3,443.0,199.0,44.0,154.0,1.0,0,0.916
218,4,155.0,270.0,284.0,179.0,1.0,3,0.76
219,1,806.0,285.0,204.0,107.0,1.0,0,0.755
219,2,324.0,341.0,200.0,126.0,1.0,3,1.0
219,3,445.0,199.0,44.0,154.0,1.0,0,0.922
219,4,151.0,270.0,284.0,179.0,1.0,3,0.764
220,1,809.0,285.0,204.0,107.0,1.0,0,0.74
220,2,320.0,341.0,200.0,126.0,1.0,3,1.0
220,3,447.0,199.0,44.0,154.0,1.0,0,0.922
220,4,148.0,270.0,284.0,179.0,1.0,3,0.762
221,1,813.0,285.0,204.0,107.0,1.0,0,0.721
221,2,317.0,341.0,200.0,126.0,1.0,3,1.0
221,3,449.0,199.0,44.0,154.0,1.0,0,0.922
221,4,144.0,270.0,284.0,179.0,1.0,3,0.764
222,1,816.0,285.0,204.0,107.0,1.0,0,0.706
222,2,314.0,341.0,200.0,126.0,1.0,3,1.0
222,3,451.0,199.0,44.0,154.0,1.0,0,0.922
222,4,141.0,270.0,284.0,179.0,1.0,3,0.764
223,1,819.0,285.0,204.0,107.0,1.0,0,0.691
223,2,310.0,341.0,200.0,126.0,1.0,3,1.0
223,3,453.0,198.0,44.0,154.0,1.0,0,0.929
223,4,137.0,270.0,284.0,179.0,1.0,3,0.764
224,1,823.0,285.0,204.0,107.0,1.0,0,0.672
224,2,307.0,342.0,200.0,126.0,1.0,3,1.0
224,3,455.0,198.0,44.0,154.0,1.0,0,0.935
224,4,133.0,271.0,284.0,179.0,1.0,3,0.766
225,1,826.0,285.0,204.0,107.0,1.0,0,0.657
225,2,304.0,342.0,200.0,126.0,1.0,3,1.0
225,3,457.0,198.0,44.0,154.0,1.0,0,0.935
225,4,130.0,271.0,284.0,179.0,1.0,3,0.766
226,1,830.0,285.0,204.0,107.0,1.0,0,0.637
226,2,300.0,342.0,200.0,126.0,1.0,3,1.0
226,3,459.0,198.0,44.0,154.0,1.0,0,0.939
226,4,126.0,271.0,284.0,179.0,1.0,3,0.766
227,1,833.0,286.0,204.0,107.0,1.0,0,0.623
227,2,297.0,342.0,200.0,126.0,1.0,3,1.0
227,3,461.0,198.0,44.0,154.0,1.0,0,0.947
227,4,123.0,271.0,284.0,179.0,1.0,3,0.766
228,1,837.0,286.0,204.0,107.0,1.0,0,0.603
228,2,294.0,342.0,200.0,126.0,1.0,3,1.0
228,3,463.0,198.0,44.0,154.0,1.0,0,0.954
228,4,119.0,271.0,284.0,179.0,1.0,3,0.768
229,1,840.0,286.0,204.0,107.0,1.0,0,0.588
229,2,290.0,343.0,202.0,127.0,1.0,3,1.0
229,3,465.0,197.0,44.0,154.0,1.0,0,0.968
229,4,116.0,271.0,284.0,179.0,1.0,3,0.768
230,1,843.0,286.0,206.0,108.0,1.0,0,0.568
230,2,287.0,343.0,202.0,127.0,1.0,3,1.0
230,3,467.0,197.0,44.0,154.0,1.0,0,0.974
230,4,112.0,271.0,284.0,179.0,1.0,3,0.771
231,1,847.0,286.0,206.0,108.0,1.0,0,0.549
231,2,284.0,343.0,202.0,127.0,1.0,3,1.0
231,3,469.0,197.0,45.0,155.0,1.0,0,0.978
231,4,109.0,272.0,284.0,179.0,1.0,3,0.768
232,1,850.0,286.0,206.0,108.0,1.0,0,0.534
232,2,280.0,343.0,202.0,127.0,1.0,3,1.0
232,3,471.0,197.0,45.0,155.0,1.0,0,0.986
232,4,105.0,272.0,284.0,179.0,1.0,3,0.768
233,1,854.0,286.0,206.0,108.0,1.0,0,0.515
233,2,277.0,343.0,202.0,127.0,1.0,3,1.0
233,3,473.0,197.0,45.0,155.0,1.0,0,0.992
233,4,101.0,272.0,284.0,179.0,1.0,3,0.771
234,1,857.0,286.0,206.0,108.0,1.0,0,0.5
234,2,274.0,344.0,202.0,127.0,1.0,3,1.0
234,3,475.0,197.0,45.0,155.0,1.0,0,0.999
234,4,98.0,272.0,284.0,179.0,1.0,3,0.773
235,1,860.0,286.0,206.0,108.0,1.0,0,0.485
235,2,270.0,344.0,202.0,127.0,1.0,3,1.0
235,3,477.0,197.0,45.0,155.0,1.0,0,1.0
235,4,94.0,272.0,284.0,179.0,1.0,3,0.773
236,1,864.0,286.0,206.0,108.0,1.0,0,0.466
236,2,267.0,344.0,202.0,127.0,1.0,3,1.0
236,3,479.0,196.0,45.0,155.0,1.0,0,1.0
236,4,91.0,272.0,286.0,180.0,1.0,3,0.769
237,1,867.0,286.0,206.0,108.0,1.0,0,0.451
237,2,264.0,344.0,202.0,127.0,1.0,3,1.0
237,3,481.0,196.0,45.0,155.0,1.0,0,1.0
237,4,87.0,272.0,286.0,180.0,1.0,3,0.771
238,1,871.0,286.0,206.0,108.0,1.0,0,0.432
238,2,260.0,345.0,202.0,127.0,1.0,3,1.0
238,3,483.0,196.0,45.0,155.0,1.0,0,1.0
238,4,84.0,272.0,286.0,180.0,1.0,3,0.771
239,1,874.0,286.0,206.0,108.0,1.0,0,0.417
239,2,257.0,345.0,202.0,127.0,1.0,3,1.0
239,3,486.0,196.0,45.0,155.0,1.0,0,1.0
239,4,80.0,273.0,286.0,180.0,1.0,3,0.771
240,1,877.0,286.0,206.0,108.0,1.0,0,0.403
240,2,254.0,345.0,202.0,127.0,1.0,3,1.0
240,3,488.0,196.0,45.0,155.0,1.0,0,1.0
240,4,77.0,273.0,286.0,180.0,1.0,3,0.771
241,1,881.0,286.0,206.0,108.0,1.0,0,0.383
241,2,250.0,345.0,202.0,127.0,1.0,3,1.0
241,3,490.0,196.0,45.0,155.0,1.0,0,1.0
241,4,73.0,273.0,286.0,180.0,1.0,3,0.771
242,1,884.0,286.0,208.0,109.0,1.0,0,0.365
242,2,247.0,345.0,202.0,127.0,1.0,3,1.0
242,3,492.0,196.0,45.0,155.0,1.0,0,1.0
242,4,69.0,273.0,286.0,180.0,1.0,3,0.773
243,1,888.0,286.0,208.0,109.0,1.0,0,0.346
243,2,244.0,346.0,202.0,127.0,1.0,3,1.0
243,3,494.0,195.0,45.0,155.0,1.0,0,1.0
243,4,66.0,273.0,286.0,180.0,1.0,3,0.776
244,1,891.0,286.0,208.0,109.0,1.0,0,0.332
244,2,240.0,346.0,202.0,127.0,1.0,3,1.0
244,3,496.0,195.0,45.0,155.0,1.0,0,1.0
244,4,62.0,273.0,286.0,180.0,1.0,3,0.776
245,1,894.0,286.0,208.0,109.0,1.0,0,0.317
245,2,237.0,346.0,202.0,127.0,1.0,3,1.0
245,3,498.0,195.0,45.0,155.0,1.0,0,1.0
245,4,59.0,273.0,286.0,180.0,1.0,3,0.776
246,1,898.0,286.0,208.0,109.0,1.0,0,0.298
246,2,234.0,346.0,202.0,127.0,1.0,3,1.0
246,3,500.0,195.0,45.0,155.0,1.0,0,1.0
246,4,55.0,274.0,286.0,180.0,1.0,3,0.776
247,1,901.0,286.0,208.0,109.0,1.0,0,0.284
247,2,230.0,346.0,202.0,127.0,1.0,3,1.0
247,3,502.0,195.0,45.0,155.0,1.0,0,1.0
247,4,52.0,274.0,286.0,180.0,1.0,3,0.773
248,1,905.0,286.0,208.0,109.0,1.0,0,0.264
248,2,227.0,347.0,202.0,127.0,1.0,3,1.0
248,3,504.0,195.0,45.0,155.0,1.0,0,1.0
248,4,48.0,274.0,286.0,180.0,1.0,3,0.778
249,1,908.0,286.0,208.0,109.0,1.0,0,0.25
249,2,224.0,347.0,202.0,127.0,1.0,3,1.0
249,3,506.0,194.0,45.0,155.0,1.0,0,1.0
249,4,45.0,274.0,286.0,180.0,1.0,3,0.778
250,1,911.0,286.0,208.0,109.0,1.0,0,0.236
250,2,220.0,347.0,202.0,127.0,1.0,3,1.0
250,3,508.0,194.0,45.0,155.0,1.0,0,1.0
250,4,41.0,274.0,286.0,180.0,1.0,3,0.778
251,1,915.0,286.0,208.0,109.0,1.0,0,0.216
251,2,217.0,347.0,202.0,127.0,1.0,3,1.0
251,3,510.0,194.0,45.0,156.0,1.0,0,1.0
251,4,38.0,274.0,286.0,180.0,1.0,3,0.778
252,1,918.0,286.0,208.0,109.0,1.0,0,0.202
252,2,214.0,347.0,202.0,127.0,1.0,3,1.0
252,3,512.0,194.0,45.0,156.0,1.0,0,1.0
252,4,34.0,274.0,286.0,180.0,1.0,3,0.78
253,1,922.0,287.0,210.0,110.0,1.0,0,0.181
253,2,210.0,348.0,202.0,127.0,1.0,3,1.0
253,3,514.0,194.0,45.0,156.0,1.0,0,1.0
253,4,30.0,274.0,286.0,180.0,1.0,3,0.782
254,1,925.0,287.0,210.0,110.0,1.0,0,0.167
254,2,207.0,348.0,202.0,127.0,1.0,3,1.0
254,3,516.0,194.0,45.0,156.0,1.0,0,1.0
254,4,27.0,275.0,286.0,180.0,1.0,3,0.78
255,1,928.0,287.0,210.0,110.0,1.0,0,0.152
255,2,204.0,348.0,202.0,127.0,1.0,3,1.0
255,3,518.0,194.0,45.0,156.0,1.0,0,1.0
255,4,23.0,275.0,286.0,180.0,1.0,3,0.782
256,1,932.0,287.0,210.0,110.0,1.0,0,0.133
256,2,200.0,348.0,202.0,127.0,1.0,3,1.0
256,3,520.0,193.0,45.0,156.0,1.0,0,1.0
256,4,20.0,275.0,286.0,180.0,1.0,3,0.78
257,1,935.0,287.0,210.0,110.0,1.0,0,0.119
257,2,197.0,349.0,202.0,127.0,1.0,3,1.0
257,3,522.0,193.0,45.0,156.0,1.0,0,1.0
257,4,16.0,275.0,286.0,180.0,1.0,3,0.784
258,1,939.0,287.0,210.0,110.0,1.0,0,0.1
258,2,194.0,349.0,202.0,127.0,1.0,3,1.0
258,3,524.0,193.0,45.0,156.0,1.0,0,1.0
258,4,13.0,275.0,286.0,180.0,1.0,3,0.784
259,1,942.0,287.0,210.0,110.0,1.0,0,0.086
259,2,190.0,349.0,202.0,127.0,1.0,3,1.0
259,3,526.0,193.0,45.0,156.0,1.0,0,1.0
259,4,9.0,275.0,286.0,180.0,1.0,3,0.784
260,1,945.0,287.0,210.0,110.0,1.0,0,0.071
260,2,187.0,349.0,202.0,127.0,1.0,3,1.0
260,3,528.0,193.0,45.0,156.0,1.0,0,1.0
260,4,6.0,275.0,286.0,180.0,1.0,3,0.784
261,1,949.0,287.0,210.0,110.0,1.0,0,0.052
261,2,184.0,349.0,202.0,127.0,1.0,3,1.0
261,3,530.0,193.0,45.0,156.0,1.0,0,1.0
261,4,2.0,276.0,286.0,180.0,1.0,3,0.784
262,1,952.0,287.0,210.0,110.0,1.0,0,0.038
262,2,180.0,350.0,202.0,127.0,1.0,3,1.0
262,3,532.0,192.0,45.0,156.0,1.0,0,1.0
262,4,-2.0,276.0,286.0,180.0,1.0,3,0.779
263,1,956.0,287.0,210.0,110.0,1.0,0,0.019
263,2,177.0,350.0,202.0,127.0,1.0,3,1.0
263,3,535.0,192.0,45.0,156.0,1.0,0,1.0
263,4,-5.0,276.0,286.0,180.0,1.0,3,0.768
264,1,959.0,287.0,212.0,111.0,1.0,0,0.005
264,2,174.0,350.0,202.0,127.0,1.0,3,1.0
264,3,537.0,192.0,45.0,156.0,1.0,0,1.0
264,4,-9.0,276.0,286.0,180.0,1.0,3,0.756
265,2,170.0,350.0,202.0,127.0,1.0,3,1.0
265,3,539.0,192.0,45.0,156.0,1.0,0,1.0
265,4,-12.0,276.0,286.0,180.0,1.0,3,0.744
266,2,167.0,350.0,202.0,127.0,1.0,3,1.0
266,3,541.0,192.0,45.0,156.0,1.0,0,1.0
266,4,-16.0,276.0,286.0,180.0,1.0,3,0.732
267,2,164.0,351.0,203.0,128.0,1.0,3,1.0
267,3,543.0,192.0,45.0,156.0,1.0,0,1.0
267,4,-19.0,276.0,286.0,180.0,1.0,3,0.723
268,2,160.0,351.0,203.0,128.0,1.0,3,1.0
268,3,545.0,192.0,45.0,156.0,1.0,0,1.0
268,4,-23.0,276.0,286.0,180.0,1.0,3,0.709
269,2,157.0,351.0,203.0,128.0,1.0,3,1.0
269,3,547.0,191.0,45.0,156.0,1.0,0,1.0
269,4,-26.0,277.0,286.0,180.0,1.0,3,0.697
270,2,154.0,351.0,203.0,128.0,1.0,3,1.0
270,3,549.0,191.0,45.0,156.0,1.0,0,1.0
270,4,-30.0,277.0,286.0,180.0,1.0,3,0.685
271,2,150.0,351.0,203.0,128.0,1.0,3,1.0
271,3,551.0,191.0,45.0,157.0,1.0,0,1.0
271,4,-34.0,277.0,286.0,180.0,1.0,3,0.671
272,2,147.0,352.0,203.0,128.0,1.0,3,1.0
272,3,553.0,191.0,45.0,157.0,1.0,0,1.0
272,4,-37.0,277.0,286.0,180.0,1.0,3,0.663
273,2,144.0,352.0,203.0,128.0,1.0,3,1.0
273,3,555.0,191.0,45.0,157.0,1.0,0,1.0
273,4,-41.0,277.0,286.0,180.0,1.0,3,0.651
274,2,140.0,352.0,203.0,128.0,1.0,3,1.0
274,3,557.0,191.0,45.0,157.0,1.0,0,1.0
274,4,-44.0,277.0,286.0,180.0,1.0,3,0.638
275,2,137.0,352.0,203.0,128.0,1.0,3,1.0
275,3,559.0,191.0,45.0,157.0,1.0,0,1.0
275,4,-48.0,277.0,286.0,180.0,1.0,3,0.626
276,2,134.0,353.0,203.0,128.0,1.0,3,1.0
276,3,561.0,190.0,45.0,157.0,1.0,0,1.0
276,4,-51.0,278.0,286.0,180.0,1.0,3,0.616
277,2,130.0,353.0,203.0,128.0,1.0,3,1.0
277,3,563.0,190.0,45.0,157.0,1.0,0,1.0
277,4,-55.0,278.0,286.0,180.0,1.0,3,0.602
278,2,127.0,353.0,203.0,128.0,1.0,3,1.0
278,3,565.0,190.0,45.0,157.0,1.0,0,1.0
278,4,-58.0,278.0,286.0,180.0,1.0,3,0.591
279,2,124.0,353.0,203.0,128.0,1.0,3,1.0
279,3,567.0,190.0,45.0,157.0,1.0,0,1.0
279,4,-62.0,278.0,286.0,180.0,1.0,3,0.579
280,2,120.0,353.0,203.0,128.0,1.0,3,1.0
280,3,569.0,190.0,45.0,157.0,1.0,0,1.0
280,4,-66.0,278.0,286.0,180.0,1.0,3,0.565
281,2,117.0,354.0,203.0,128.0,1.0,3,1.0
281,3,571.0,190.0,45.0,157.0,1.0,0,1.0
281,4,-69.0,278.0,286.0,180.0,1.0,3,0.557
282,2,114.0,354.0,203.0,128.0,1.0,3,1.0
282,3,573.0,189.0,45.0,157.0,1.0,0,1.0
282,4,-73.0,278.0,286.0,180.0,1.0,3,0.545
283,2,110.0,354.0,203.0,128.0,1.0,3,1.0
283,3,575.0,189.0,45.0,157.0,1.0,0,1.0
283,4,-76.0,278.0,286.0,180.0,1.0,3,0.532
284,2,107.0,354.0,203.0,128.0,1.0,3,1.0
284,3,577.0,189.0,45.0,157.0,1.0,0,1.0
284,4,-80.0,279.0,286.0,180.0,1.0,3,0.518
285,2,104.0,354.0,203.0,128.0,1.0,3,1.0
285,3,579.0,189.0,45.0,157.0,1.0,0,1.0
285,4,-83.0,279.0,286.0,180.0,1.0,3,0.508
286,2,100.0,355.0,203.0,128.0,1.0,3,1.0
286,3,581.0,189.0,45.0,157.0,1.0,0,1.0
286,4,-87.0,279.0,286.0,180.0,1.0,3,0.496
287,2,97.0,355.0,203.0,128.0,1.0,3,1.0
287,3,584.0,189.0,45.0,157.0,1.0,0,1.0
287,4,-90.0,279.0,286.0,180.0,1.0,3,0.485
288,2,94.0,355.0,203.0,128.0,1.0,3,1.0
288,3,586.0,189.0,45.0,157.0,1.0,0,1.0
288,4,-94.0,279.0,286.0,180.0,1.0,3,0.473
289,2,90.0,355.0,203.0,128.0,1.0,3,1.0
289,3,588.0,188.0,45.0,157.0,1.0,0,1.0
289,4,-97.0,279.0,286.0,180.0,1.0,3,0.461
290,2,87.0,355.0,203.0,128.0,1.0,3,1.0
290,3,590.0,188.0,45.0,157.0,1.0,0,1.0
290,4,-101.0,279.0,286.0,180.0,1.0,3,0.449
291,2,84.0,356.0,203.0,128.0,1.0,3,1.0
291,3,592.0,188.0,45.0,158.0,1.0,0,1.0
291,4,-105.0,280.0,286.0,180.0,1.0,3,0.437
292,2,80.0,356.0,203.0,128.0,1.0,3,1.0
292,3,594.0,188.0,45.0,158.0,1.0,0,1.0
292,4,-108.0,280.0,286.0,180.0,1.0,3,0.424
293,2,77.0,356.0,203.0,128.0,1.0,3,1.0
293,3,596.0,188.0,45.0,158.0,1.0,0,1.0
293,4,-112.0,280.0,286.0,180.0,1.0,3,0.412
294,2,74.0,356.0,203.0,128.0,1.0,3,1.0
294,3,598.0,188.0,45.0,158.0,1.0,0,1.0
294,4,-115.0,280.0,286.0,180.0,1.0,3,0.402
295,2,70.0,357.0,203.0,128.0,1.0,3,1.0
295,3,600.0,188.0,45.0,158.0,1.0,0,1.0
295,4,-119.0,280.0,286.0,180.0,1.0,3,0.39
296,2,67.0,357.0,203.0,128.0,1.0,3,1.0
296,3,602.0,187.0,45.0,158.0,1.0,0,1.0
296,4,-122.0,280.0,286.0,180.0,1.0,3,0.379
297,2,63.0,357.0,203.0,128.0,1.0,3,1.0
297,3,604.0,187.0,45.0,158.0,1.0,0,1.0
297,4,-126.0,280.0,286.0,180.0,1.0,3,0.365
298,2,60.0,357.0,203.0,128.0,1.0,3,1.0
298,3,606.0,187.0,45.0,158.0,1.0,0,1.0
298,4,-129.0,280.0,286.0,180.0,1.0,3,0.355
299,2,57.0,357.0,203.0,128.0,1.0,3,1.0
299,3,608.0,187.0,45.0,158.0,1.0,0,1.0
299,4,-133.0,281.0,286.0,180.0,1.0,3,0.341
300,2,53.0,358.0,203.0,128.0,1.0,3,1.0
300,3,610.0,187.0,45.0,158.0,1.0,0,1.0
300,4,-137.0,281.0,286.0,180.0,1.0,3,0.329
301,2,50.0,358.0,203.0,128.0,1.0,3,1.0
301,3,612.0,187.0,45.0,158.0,1.0,0,1.0
301,4,-140.0,281.0,286.0,180.0,1.0,3,0.318
302,2,47.0,358.0,203.0,128.0,1.0,3,1.0
302,3,614.0,186.0,45.0,158.0,1.0,0,1.0
302,4,-144.0,281.0,286.0,180.0,1.0,3,0.306
303,2,43.0,358.0,203.0,128.0,1.0,3,1.0
303,3,616.0,186.0,45.0,158.0,1.0,0,1.0
303,4,-147.0,281.0,286.0,180.0,1.0,3,0.294
304,2,40.0,358.0,203.0,128.0,1.0,3,1.0
304,3,618.0,186.0,45.0,158.0,1.0,0,1.0
304,4,-151.0,281.0,286.0,180.0,1.0,3,0.282
305,2,37.0,359.0,203.0,128.0,1.0,3,1.0
305,3,620.0,186.0,45.0,158.0,1.0,0,1.0
305,4,-154.0,281.0,286.0,180.0,1.0,3,0.273
306,2,33.0,359.0,205.0,129.0,1.0,3,1.0
306,3,622.0,186.0,45.0,158.0,1.0,0,1.0
306,4,-158.0,281.0,286.0,180.0,1.0,3,0.259
307,2,30.0,359.0,205.0,129.0,1.0,3,1.0
307,3,624.0,186.0,45.0,158.0,1.0,0,1.0
307,4,-161.0,282.0,286.0,180.0,1.0,3,0.247
308,2,27.0,359.0,205.0,129.0,1.0,3,1.0
308,3,626.0,186.0,45.0,158.0,1.0,0,1.0
308,4,-165.0,282.0,286.0,180.0,1.0,3,0.235
309,2,23.0,359.0,205.0,129.0,1.0,3,1.0
309,3,628.0,185.0,45.0,158.0,1.0,0,1.0
309,4,-169.0,282.0,286.0,180.0,1.0,3,0.221
310,2,20.0,360.0,205.0,129.0,1.0,3,1.0
310,3,630.0,185.0,45.0,158.0,1.0,0,1.0
310,4,-172.0,282.0,286.0,180.0,1.0,3,0.212
311,2,17.0,360.0,205.0,129.0,1.0,3,1.0
311,3,633.0,185.0,46.0,159.0,1.0,0,1.0
311,4,-176.0,282.0,286.0,180.0,1.0,3,0.2
312,2,13.0,360.0,205.0,129.0,1.0,3,1.0
312,3,635.0,185.0,46.0,159.0,1.0,0,1.0
312,4,-179.0,282.0,286.0,180.0,1.0,3,0.188
313,2,10.0,360.0,205.0,129.0,1.0,3,1.0
313,3,637.0,185.0,46.0,159.0,1.0,0,1.0
313,4,-183.0,282.0,286.0,180.0,1.0,3,0.176
314,2,7.0,361.0,205.0,129.0,1.0,3,1.0
314,3,639.0,185.0,46.0,159.0,1.0,0,1.0
314,4,-186.0,283.0,286.0,180.0,1.0,3,0.165
315,2,3.0,361.0,205.0,129.0,1.0,3,1.0
315,3,641.0,184.0,46.0,159.0,1.0,0,1.0
315,4,-190.0,283.0,286.0,180.0,1.0,3,0.151
316,2,0.0,361.0,205.0,129.0,1.0,3,1.0
316,3,643.0,184.0,46.0,159.0,1.0,0,1.0
316,4,-193.0,283.0,287.0,181.0,1.0,3,0.141
317,2,-3.0,361.0,205.0,129.0,1.0,3,0.985
317,3,645.0,184.0,46.0,159.0,1.0,0,1.0
317,4,-197.0,283.0,287.0,181.0,1.0,3,0.135
318,2,-7.0,361.0,205.0,129.0,1.0,3,0.966
318,3,647.0,184.0,46.0,159.0,1.0,0,1.0
318,4,-200.0,283.0,287.0,181.0,1.0,3,0.131
319,2,-10.0,362.0,205.0,129.0,1.0,3,0.951
319,3,649.0,184.0,46.0,159.0,1.0,0,1.0
319,4,-204.0,283.0,287.0,181.0,1.0,3,0.126
320,2,-13.0,362.0,205.0,129.0,1.0,3,0.937
320,3,651.0,184.0,46.0,159.0,1.0,0,1.0
320,4,-208.0,283.0,287.0,181.0,1.0,3,0.12
321,2,-17.0,362.0,205.0,129.0,1.0,3,0.917
321,3,653.0,184.0,46.0,159.0,1.0,0,1.0
321,4,-211.0,283.0,287.0,181.0,1.0,3,0.116
322,2,-20.0,362.0,205.0,129.0,1.0,3,0.902
322,3,655.0,183.0,46.0,159.0,1.0,0,1.0
322,4,-215.0,284.0,287.0,181.0,1.0,3,0.108
323,2,-23.0,362.0,205.0,129.0,1.0,3,0.888
323,3,657.0,183.0,46.0,159.0,1.0,0,1.0
323,4,-218.0,284.0,287.0,181.0,1.0,3,0.104
324,1,-218.0,289.0,221.0,116.0,1.0,0,0.009
324,2,-27.0,363.0,205.0,129.0,1.0,3,0.868
324,3,659.0,183.0,46.0,159.0,1.0,0,1.0
324,4,-222.0,284.0,287.0,181.0,1.0,3,0.095
325,1,-215.0,289.0,221.0,116.0,1.0,0,0.017
325,2,-30.0,363.0,205.0,129.0,1.0,3,0.854
325,3,661.0,183.0,46.0,159.0,1.0,0,1.0
325,4,-225.0,284.0,287.0,181.0,1.0,3,0.086
326,1,-211.0,289.0,221.0,116.0,1.0,0,0.029
326,2,-33.0,363.0,205.0,129.0,1.0,3,0.839
326,3,663.0,183.0,46.0,159.0,1.0,0,1.0
326,4,-229.0,284.0,287.0,181.0,1.0,3,0.074
327,1,-208.0,289.0,221.0,116.0,1.0,0,0.038
327,2,-37.0,363.0,205.0,129.0,1.0,3,0.82
327,3,665.0,183.0,46.0,159.0,1.0,0,1.0
327,4,-232.0,284.0,287.0,181.0,1.0,3,0.065
328,1,-205.0,289.0,221.0,116.0,1.0,0,0.046
328,2,-40.0,363.0,205.0,129.0,1.0,3,0.805
328,3,667.0,183.0,46.0,159.0,1.0,0,1.0
328,4,-236.0,284.0,287.0,181.0,1.0,3,0.055
329,1,-201.0,289.0,221.0,116.0,1.0,0,0.059
329,2,-43.0,364.0,205.0,129.0,1.0,3,0.79
329,3,669.0,182.0,46.0,159.0,1.0,0,1.0
329,4,-240.0,285.0,287.0,181.0,1.0,3,0.043
330,1,-198.0,289.0,221.0,116.0,1.0,0,0.067
330,2,-47.0,364.0,205.0,129.0,1.0,3,0.771
330,3,671.0,182.0,46.0,159.0,1.0,0,1.0
330,4,-243.0,285.0,287.0,181.0,1.0,3,0.034
331,1,-194.0,289.0,221.0,116.0,1.0,0,0.079
331,2,-50.0,364.0,205.0,129.0,1.0,3,0.756
331,3,673.0,182.0,46.0,160.0,1.0,0,1.0
331,4,-247.0,285.0,287.0,181.0,1.0,3,0.022
332,1,-191.0,290.0,223.0,117.0,1.0,0,0.091
332,2,-53.0,364.0,205.0,129.0,1.0,3,0.741
332,3,675.0,182.0,46.0,160.0,1.0,0,1.0
332,4,-250.0,285.0,287.0,181.0,1.0,3,0.011
333,1,-187.0,290.0,223.0,117.0,1.0,0,0.103
333,2,-57.0,365.0,205.0,129.0,1.0,3,0.722
333,3,677.0,182.0,46.0,160.0,1.0,0,1.0
333,4,-254.0,285.0,287.0,181.0,1.0,3,0.003
334,1,-184.0,290.0,223.0,117.0,1.0,0,0.112
334,2,-60.0,365.0,205.0,129.0,1.0,3,0.707
334,3,679.0,182.0,46.0,160.0,1.0,0,1.0
334,4,-257.0,285.0,287.0,181.0,1.0,3,0.003
335,1,-181.0,290.0,223.0,117.0,1.0,0,0.121
335,2,-63.0,365.0,205.0,129.0,1.0,3,0.693
335,3,682.0,181.0,46.0,160.0,1.0,0,1.0
335,4,-261.0,285.0,287.0,181.0,1.0,3,0.003
336,1,-177.0,290.0,223.0,117.0,1.0,0,0.132
336,2,-67.0,365.0,205.0,129.0,1.0,3,0.673
336,3,684.0,181.0,46.0,160.0,1.0,0,1.0
336,4,-264.0,285.0,287.0,181.0,1.0,3,0.002
337,1,-174.0,290.0,223.0,117.0,1.0,0,0.141
337,2,-70.0,365.0,205.0,129.0,1.0,3,0.659
337,3,686.0,181.0,46.0,160.0,1.0,0,1.0
337,4,-268.0,286.0,287.0,181.0,1.0,3,0.001
338,1,-170.0,290.0,223.0,117.0,1.0,0,0.154
338,2,-73.0,366.0,205.0,129.0,1.0,3,0.644
338,3,688.0,181.0,46.0,160.0,1.0,0,1.0
338,4,-272.0,286.0,287.0,181.0,1.0,3,0.001
339,1,-167.0,290.0,223.0,117.0,1.0,0,0.163
339,2,-77.0,366.0,205.0,129.0,1.0,3,0.624
339,3,690.0,181.0,46.0,160.0,1.0,0,1.0
339,4,-275.0,286.0,287.0,181.0,1.0,3,0.001
340,1,-164.0,290.0,223.0,117.0,1.0,0,0.172
340,2,-80.0,366.0,205.0,129.0,1.0,3,0.61
340,3,692.0,181.0,46.0,160.0,1.0,0,1.0
340,4,-279.0,286.0,287.0,181.0,1.0,3,0.001
341,1,-160.0,290.0,223.0,117.0,1.0,0,0.184
341,2,-83.0,366.0,205.0,129.0,1.0,3,0.595
341,3,694.0,181.0,46.0,160.0,1.0,0,1.0
341,4,-282.0,286.0,287.0,181.0,1.0,3,0.0
342,1,-157.0,290.0,223.0,117.0,1.0,0,0.192
342,2,-87.0,366.0,205.0,129.0,1.0,3,0.576
342,3,696.0,180.0,46.0,160.0,1.0,0,1.0
342,4,-286.0,286.0,287.0,181.0,1.0,3,0.0
343,1,-153.0,290.0,225.0,118.0,1.0,0,0.209
343,2,-90.0,367.0,205.0,129.0,1.0,3,0.561
343,3,698.0,180.0,46.0,160.0,1.0,0,1.0
344,1,-150.0,290.0,225.0,118.0,1.0,0,0.218
344,2,-93.0,367.0,205.0,129.0,1.0,3,0.546
344,3,700.0,180.0,46.0,160.0,1.0,0,1.0
345,1,-147.0,290.0,225.0,118.0,1.0,0,0.226
345,2,-97.0,367.0,206.0,130.0,1.0,3,0.529
345,3,702.0,180.0,46.0,160.0,1.0,0,1.0
346,1,-143.0,290.0,225.0,118.0,1.0,0,0.238
346,2,-100.0,367.0,206.0,130.0,1.0,3,0.515
346,3,704.0,180.0,46.0,160.0,1.0,0,1.0
347,1,-140.0,290.0,225.0,118.0,1.0,0,0.247
347,2,-103.0,367.0,206.0,130.0,1.0,3,0.5
347,3,706.0,180.0,46.0,160.0,1.0,0,1.0
348,1,-136.0,290.0,225.0,118.0,1.0,0,0.261
348,2,-107.0,368.0,206.0,130.0,1.0,3,0.481
348,3,708.0,180.0,46.0,160.0,1.0,0,1.0
349,1,-133.0,290.0,225.0,118.0,1.0,0,0.27
349,2,-110.0,368.0,206.0,130.0,1.0,3,0.466
349,3,710.0,179.0,46.0,160.0,1.0,0,1.0
350,1,-130.0,290.0,225.0,118.0,1.0,0,0.282
350,2,-113.0,368.0,206.0,130.0,1.0,3,0.451
350,3,712.0,179.0,46.0,160.0,1.0,0,1.0
351,1,-126.0,290.0,225.0,118.0,1.0,0,0.306
351,2,-117.0,368.0,206.0,130.0,1.0,3,0.432
351,3,714.0,179.0,46.0,161.0,1.0,0,1.0
352,1,-123.0,290.0,225.0,118.0,1.0,0,0.327
352,2,-120.0,369.0,206.0,130.0,1.0,3,0.417
352,3,716.0,179.0,46.0,161.0,1.0,0,1.0
353,1,-119.0,290.0,225.0,118.0,1.0,0,0.349
353,2,-123.0,369.0,206.0,130.0,1.0,3,0.403
353,3,718.0,179.0,46.0,161.0,1.0,0,1.0
354,1,-116.0,290.0,227.0,119.0,1.0,0,0.372
354,2,-127.0,369.0,206.0,130.0,1.0,3,0.383
354,3,720.0,179.0,46.0,161.0,1.0,0,1.0
355,1,-113.0,290.0,227.0,119.0,1.0,0,0.39
355,2,-130.0,369.0,206.0,130.0,1.0,3,0.369
355,3,722.0,178.0,46.0,161.0,1.0,0,1.0
356,1,-109.0,290.0,227.0,119.0,1.0,0,0.412
356,2,-133.0,369.0,206.0,130.0,1.0,3,0.354
356,3,724.0,178.0,46.0,161.0,1.0,0,1.0
357,1,-106.0,290.0,227.0,119.0,1.0,0,0.433
357,2,-137.0,370.0,206.0,130.0,1.0,3,0.335
357,3,726.0,178.0,46.0,161.0,1.0,0,1.0
358,1,-102.0,291.0,227.0,119.0,1.0,0,0.453
358,2,-140.0,370.0,206.0,130.0,1.0,3,0.32
358,3,728.0,178.0,46.0,161.0,1.0,0,1.0
359,1,-99.0,291.0,227.0,119.0,1.0,0,0.471
359,2,-143.0,370.0,206.0,130.0,1.0,3,0.306
359,3,731.0,178.0,46.0,161.0,1.0,0,1.0
360,1,-96.0,291.0,227.0,119.0,1.0,0,0.49
360,2,-147.0,370.0,206.0,130.0,1.0,3,0.286
360,3,733.0,178.0,46.0,161.0,1.0,0,1.0
361,1,-92.0,291.0,227.0,119.0,1.0,0,0.512
361,2,-150.0,370.0,206.0,130.0,1.0,3,0.272
361,3,735.0,178.0,46.0,161.0,1.0,0,1.0
362,1,-89.0,291.0,227.0,119.0,1.0,0,0.531
362,2,-153.0,371.0,206.0,130.0,1.0,3,0.257
362,3,737.0,177.0,46.0,161.0,1.0,0,1.0
363,1,-85.0,291.0,227.0,119.0,1.0,0,0.555
363,2,-157.0,371.0,206.0,130.0,1.0,3,0.238
363,3,739.0,177.0,46.0,161.0,1.0,0,1.0
364,1,-82.0,291.0,227.0,119.0,1.0,0,0.572
364,2,-160.0,371.0,206.0,130.0,1.0,3,0.223
364,3,741.0,177.0,46.0,161.0,1.0,0,1.0
365,1,-79.0,291.0,227.0,119.0,1.0,0,0.59
365,2,-163.0,371.0,206.0,130.0,1.0,3,0.209
365,3,743.0,177.0,46.0,161.0,1.0,0,1.0
366,1,-75.0,291.0,229.0,120.0,1.0,0,0.616
366,2,-167.0,371.0,206.0,130.0,1.0,3,0.189
366,3,745.0,177.0,46.0,161.0,1.0,0,1.0
367,1,-72.0,291.0,229.0,120.0,1.0,0,0.634
367,2,-170.0,372.0,206.0,130.0,1.0,3,0.175
367,3,747.0,177.0,46.0,161.0,1.0,0,1.0
368,1,-68.0,291.0,229.0,120.0,1.0,0,0.656
368,2,-173.0,372.0,206.0,130.0,1.0,3,0.16
368,3,749.0,176.0,46.0,161.0,1.0,0,1.0
369,1,-65.0,291.0,229.0,120.0,1.0,0,0.675
369,2,-177.0,372.0,206.0,130.0,1.0,3,0.141
369,3,751.0,176.0,46.0,161.0,1.0,0,1.0
370,1,-62.0,291.0,229.0,120.0,1.0,0,0.692
370,2,-180.0,372.0,206.0,130.0,1.0,3,0.126
370,3,753.0,176.0,46.0,161.0,1.0,0,1.0
371,1,-58.0,291.0,229.0,120.0,1.0,0,0.715
371,2,-183.0,373.0,206.0,130.0,1.0,3,0.112
371,3,755.0,176.0,46.0,161.0,1.0,0,1.0
372,1,-55.0,291.0,229.0,120.0,1.0,0,0.734
372,2,-187.0,373.0,206.0,130.0,1.0,3,0.092
372,3,757.0,176.0,47.0,162.0,1.0,0,1.0
373,1,-51.0,291.0,229.0,120.0,1.0,0,0.755
373,2,-190.0,373.0,206.0,130.0,1.0,3,0.078
373,3,759.0,176.0,47.0,162.0,1.0,0,1.0
374,1,-48.0,291.0,229.0,120.0,1.0,0,0.772
374,2,-193.0,373.0,206.0,130.0,1.0,3,0.063
374,3,761.0,176.0,47.0,162.0,1.0,0,1.0
375,1,-44.0,291.0,229.0,120.0,1.0,0,0.795
375,2,-197.0,373.0,206.0,130.0,1.0,3,0.044
375,3,763.0,175.0,47.0,162.0,1.0,0,1.0
376,1,-41.0,291.0,229.0,120.0,1.0,0,0.813
376,2,-200.0,374.0,206.0,130.0,1.0,3,0.029
376,3,765.0,175.0,47.0,162.0,1.0,0,1.0
377,1,-38.0,291.0,231.0,121.0,1.0,0,0.831
377,2,-203.0,374.0,206.0,130.0,1.0,3,0.015
377,3,767.0,175.0,47.0,162.0,1.0,0,1.0
378,1,-34.0,291.0,231.0,121.0,1.0,0,0.853
378,3,769.0,175.0,47.0,162.0,1.0,0,1.0
379,1,-31.0,291.0,231.0,121.0,1.0,0,0.866
379,3,771.0,175.0,47.0,162.0,1.0,0,1.0
380,1,-27.0,291.0,231.0,121.0,1.0,0,0.883
380,3,773.0,175.0,47.0,162.0,1.0,0,1.0
381,1,-24.0,291.0,231.0,121.0,1.0,0,0.896
381,3,775.0,175.0,47.0,162.0,1.0,0,1.0
382,1,-21.0,291.0,231.0,121.0,1.0,0,0.909
382,3,777.0,174.0,47.0,162.0,1.0,0,1.0
383,1,-17.0,291.0,231.0,121.0,1.0,0,0.926
383,3,780.0,174.0,47.0,162.0,1.0,0,1.0
384,1,-14.0,291.0,231.0,121.0,1.0,0,0.939
384,3,782.0,174.0,47.0,162.0,1.0,0,1.0
385,1,-10.0,292.0,231.0,121.0,1.0,0,0.957
385,3,784.0,174.0,47.0,162.0,1.0,0,1.0
386,1,-7.0,292.0,231.0,121.0,1.0,0,0.97
386,3,786.0,174.0,47.0,162.0,1.0,0,1.0
387,1,-4.0,292.0,231.0,121.0,1.0,0,0.983
387,3,788.0,174.0,47.0,162.0,1.0,0,1.0
388,1,0.0,292.0,233.0,122.0,1.0,0,1.0
388,3,790.0,173.0,47.0,162.0,1.0,0,1.0
389,1,3.0,292.0,233.0,122.0,1.0,0,1.0
389,3,792.0,173.0,47.0,162.0,1.0,0,1.0
390,1,7.0,292.0,233.0,122.0,1.0,0,1.0
390,3,794.0,173.0,47.0,162.0,1.0,0,1.0
391,1,10.0,292.0,233.0,122.0,1.0,0,1.0
391,3,796.0,173.0,47.0,162.0,1.0,0,1.0
392,1,13.0,292.0,233.0,122.0,1.0,0,1.0
392,3,798.0,173.0,47.0,163.0,1.0,0,1.0
393,1,17.0,292.0,233.0,122.0,1.0,0,1.0
393,3,800.0,173.0,47.0,163.0,1.0,0,1.0
394,1,20.0,292.0,233.0,122.0,1.0,0,1.0
394,3,802.0,173.0,47.0,163.0,1.0,0,1.0
395,1,24.0,292.0,233.0,122.0,1.0,0,1.0
395,3,804.0,172.0,47.0,163.0,1.0,0,1.0
396,1,27.0,292.0,233.0,122.0,1.0,0,1.0
396,3,806.0,172.0,47.0,163.0,1.0,0,1.0
397,1,30.0,292.0,233.0,122.0,1.0,0,1.0
397,3,808.0,172.0,47.0,163.0,1.0,0,1.0
398,1,34.0,292.0,233.0,122.0,1.0,0,1.0
398,3,810.0,172.0,47.0,163.0,1.0,0,1.0
399,1,37.0,292.0,233.0,122.0,1.0,0,1.0
399,3,812.0,172.0,47.0,163.0,1.0,0,1.0
400,1,41.0,292.0,234.0,123.0,1.0,0,1.0
400,3,814.0,172.0,47.0,163.0,1.0,0,1.0
400,4,957.0,294.0,289.0,182.0,1.0,3,0.01
401,1,44.0,292.0,234.0,123.0,1.0,0,1.0
401,3,816.0,172.0,47.0,163.0,1.0,0,1.0
401,4,954.0,294.0,289.0,182.0,1.0,3,0.021
402,1,47.0,292.0,234.0,123.0,1.0,0,1.0
402,3,818.0,171.0,47.0,163.0,1.0,0,1.0
402,4,950.0,294.0,289.0,182.0,1.0,3,0.035
403,1,51.0,292.0,234.0,123.0,1.0,0,1.0
403,3,820.0,171.0,47.0,163.0,1.0,0,1.0
403,4,947.0,294.0,289.0,182.0,1.0,3,0.045
404,1,54.0,292.0,234.0,123.0,1.0,0,1.0
404,3,822.0,171.0,47.0,163.0,1.0,0,1.0
404,4,943.0,294.0,289.0,182.0,1.0,3,0.059
405,1,58.0,292.0,234.0,123.0,1.0,0,1.0
405,3,824.0,171.0,47.0,163.0,1.0,0,1.0
405,4,940.0,295.0,289.0,182.0,1.0,3,0.069
406,1,61.0,292.0,234.0,123.0,1.0,0,1.0
406,3,826.0,171.0,47.0,163.0,1.0,0,1.0
406,4,936.0,295.0,289.0,182.0,1.0,3,0.083
407,1,64.0,292.0,234.0,123.0,1.0,0,1.0
407,3,829.0,171.0,47.0,163.0,1.0,0,1.0
407,4,933.0,295.0,289.0,182.0,1.0,3,0.093
408,1,68.0,292.0,234.0,123.0,1.0,0,1.0
408,3,831.0,170.0,47.0,163.0,1.0,0,1.0
408,4,929.0,295.0,289.0,182.0,1.0,3,0.107
409,1,71.0,292.0,234.0,123.0,1.0,0,1.0
409,3,833.0,170.0,47.0,163.0,1.0,0,1.0
409,4,925.0,295.0,289.0,182.0,1.0,3,0.121
410,1,75.0,292.0,234.0,123.0,1.0,0,1.0
410,3,835.0,170.0,47.0,163.0,1.0,0,1.0
410,4,922.0,295.0,289.0,182.0,1.0,3,0.131
411,1,78.0,293.0,236.0,124.0,1.0,0,1.0
411,3,837.0,170.0,47.0,163.0,1.0,0,1.0
411,4,918.0,295.0,289.0,182.0,1.0,3,0.145
412,1,81.0,293.0,236.0,124.0,1.0,0,1.0
412,3,839.0,170.0,47.0,164.0,1.0,0,1.0
412,4,915.0,296.0,289.0,182.0,1.0,3,0.156
413,1,85.0,293.0,236.0,124.0,1.0,0,1.0
413,3,841.0,170.0,47.0,164.0,1.0,0,1.0
413,4,911.0,296.0,289.0,182.0,1.0,3,0.17
414,1,88.0,293.0,236.0,124.0,1.0,0,1.0
414,3,843.0,170.0,47.0,164.0,1.0,0,1.0
414,4,908.0,296.0,289.0,182.0,1.0,3,0.18
415,1,92.0,293.0,236.0,124.0,1.0,0,1.0
415,3,845.0,169.0,47.0,164.0,1.0,0,1.0
415,4,904.0,296.0,289.0,182.0,1.0,3,0.194
416,1,95.0,293.0,236.0,124.0,1.0,0,1.0
416,3,847.0,169.0,47.0,164.0,1.0,0,1.0
416,4,901.0,296.0,289.0,182.0,1.0,3,0.204
417,1,99.0,293.0,236.0,124.0,1.0,0,1.0
417,3,849.0,169.0,47.0,164.0,1.0,0,1.0
417,4,897.0,296.0,289.0,182.0,1.0,3,0.218
418,1,102.0,293.0,236.0,124.0,1.0,0,1.0
418,3,851.0,169.0,47.0,164.0,1.0,0,0.976
418,4,893.0,296.0,289.0,182.0,1.0,3,0.232
419,1,105.0,293.0,236.0,124.0,1.0,0,1.0
419,3,853.0,169.0,47.0,164.0,1.0,0,0.952
419,4,890.0,296.0,289.0,182.0,1.0,3,0.242
420,1,109.0,293.0,236.0,124.0,1.0,0,1.0
420,3,855.0,169.0,47.0,164.0,1.0,0,0.925
420,4,886.0,297.0,289.0,182.0,1.0,3,0.256
421,1,112.0,293.0,236.0,124.0,1.0,0,1.0
421,3,857.0,168.0,47.0,164.0,1.0,0,0.905
421,4,883.0,297.0,289.0,182.0,1.0,3,0.266
422,1,116.0,293.0,238.0,125.0,1.0,0,1.0
422,3,859.0,168.0,47.0,164.0,1.0,0,0.877
422,4,879.0,297.0,289.0,182.0,1.0,3,0.28
423,1,119.0,293.0,238.0,125.0,1.0,0,1.0
423,3,861.0,168.0,47.0,164.0,1.0,0,0.855
423,4,876.0,297.0,289.0,182.0,1.0,3,0.291
424,1,122.0,293.0,238.0,125.0,1.0,0,1.0
424,3,863.0,168.0,47.0,164.0,1.0,0,0.827
424,4,872.0,297.0,289.0,182.0,1.0,3,0.304
425,1,126.0,293.0,238.0,125.0,1.0,0,1.0
425,3,865.0,168.0,47.0,164.0,1.0,0,0.805
425,4,869.0,297.0,289.0,182.0,1.0,3,0.315
426,1,129.0,293.0,238.0,125.0,1.0,0,1.0
426,3,867.0,168.0,47.0,164.0,1.0,0,0.787
426,4,865.0,297.0,289.0,182.0,1.0,3,0.329
427,1,133.0,293.0,238.0,125.0,1.0,0,1.0
427,3,869.0,168.0,47.0,164.0,1.0,0,0.793
427,4,861.0,298.0,289.0,182.0,1.0,3,0.343
428,1,136.0,293.0,238.0,125.0,1.0,0,1.0
428,3,871.0,167.0,47.0,164.0,1.0,0,0.799
428,4,858.0,298.0,289.0,182.0,1.0,3,0.353
429,1,139.0,293.0,238.0,125.0,1.0,0,1.0
429,3,873.0,167.0,47.0,164.0,1.0,0,0.799
429,4,854.0,298.0,289.0,182.0,1.0,3,0.367
430,1,143.0,293.0,238.0,125.0,1.0,0,1.0
430,3,875.0,167.0,47.0,164.0,1.0,0,0.799
430,4,851.0,298.0,289.0,182.0,1.0,3,0.377
431,1,146.0,293.0,238.0,125.0,1.0,0,1.0
431,3,878.0,167.0,47.0,164.0,1.0,0,0.799
431,4,847.0,298.0,289.0,182.0,1.0,3,0.391
432,1,150.0,293.0,238.0,125.0,1.0,0,1.0
432,3,880.0,167.0,47.0,165.0,1.0,0,0.794
432,4,844.0,298.0,289.0,182.0,1.0,3,0.401
433,1,153.0,293.0,240.0,126.0,1.0,0,1.0
433,3,882.0,167.0,47.0,165.0,1.0,0,0.794
433,4,840.0,298.0,289.0,182.0,1.0,3,0.415
434,1,156.0,293.0,240.0,126.0,1.0,0,1.0
434,3,884.0,167.0,47.0,165.0,1.0,0,0.794
434,4,837.0,298.0,289.0,182.0,1.0,3,0.426
435,1,160.0,293.0,240.0,126.0,1.0,0,1.0
435,3,886.0,166.0,47.0,165.0,1.0,0,0.806
435,4,833.0,299.0,289.0,182.0,1.0,3,0.439
436,1,163.0,293.0,240.0,126.0,1.0,0,1.0
436,3,888.0,166.0,47.0,165.0,1.0,0,0.806
436,4,829.0,299.0,289.0,182.0,1.0,3,0.453
437,1,167.0,294.0,240.0,126.0,1.0,0,1.0
437,3,890.0,166.0,47.0,165.0,1.0,0,0.806
437,4,826.0,299.0,289.0,182.0,1.0,3,0.464
438,1,170.0,294.0,240.0,126.0,1.0,0,1.0
438,3,892.0,166.0,47.0,165.0,1.0,0,0.806
438,4,822.0,299.0,289.0,182.0,1.0,3,0.478
439,1,173.0,294.0,240.0,126.0,1.0,0,1.0
439,3,894.0,166.0,47.0,165.0,1.0,0,0.806
439,4,819.0,299.0,289.0,182.0,1.0,3,0.488
440,1,177.0,294.0,240.0,126.0,1.0,0,1.0
440,3,896.0,166.0,47.0,165.0,1.0,0,0.806
440,4,815.0,299.0,289.0,182.0,1.0,3,0.502
441,1,180.0,294.0,240.0,126.0,1.0,0,1.0
441,2,957.0,387.0,210.0,132.0,1.0,3,0.014
441,3,898.0,165.0,47.0,165.0,1.0,0,0.812
441,4,812.0,299.0,289.0,182.0,1.0,3,0.507
442,1,184.0,294.0,240.0,126.0,1.0,0,1.0
442,2,953.0,387.0,210.0,132.0,1.0,3,0.033
442,3,900.0,165.0,47.0,165.0,1.0,0,0.818
442,4,808.0,300.0,289.0,182.0,1.0,3,0.513
443,1,187.0,294.0,240.0,126.0,1.0,0,1.0
443,2,950.0,388.0,210.0,132.0,1.0,3,0.048
443,3,902.0,165.0,47.0,165.0,1.0,0,0.818
443,4,805.0,300.0,289.0,182.0,1.0,3,0.518
444,1,190.0,294.0,240.0,126.0,1.0,0,1.0
444,2,947.0,388.0,210.0,132.0,1.0,3,0.062
444,3,904.0,165.0,47.0,165.0,1.0,0,0.818
444,4,801.0,300.0,289.0,182.0,1.0,3,0.527
445,1,194.0,294.0,242.0,127.0,1.0,0,1.0
445,2,943.0,388.0,210.0,132.0,1.0,3,0.081
445,3,906.0,165.0,47.0,165.0,1.0,0,0.818
445,4,798.0,300.0,289.0,182.0,1.0,3,0.53
446,1,197.0,294.0,242.0,127.0,1.0,0,1.0
446,2,940.0,388.0,210.0,132.0,1.0,3,0.095
446,3,908.0,165.0,47.0,165.0,1.0,0,0.818
446,4,794.0,300.0,289.0,182.0,1.0,3,0.539
447,1,201.0,294.0,242.0,127.0,1.0,0,1.0
447,2,937.0,389.0,210.0,132.0,1.0,3,0.11
447,3,910.0,165.0,47.0,165.0,1.0,0,0.818
447,4,790.0,300.0,289.0,182.0,1.0,3,0.548
448,1,204.0,294.0,242.0,127.0,1.0,0,1.0
448,2,933.0,389.0,210.0,132.0,1.0,3,0.129
448,3,912.0,164.0,47.0,165.0,1.0,0,0.824
448,4,787.0,300.0,289.0,182.0,1.0,3,0.551
449,1,207.0,294.0,242.0,127.0,1.0,0,1.0
449,2,930.0,389.0,210.0,132.0,1.0,3,0.143
449,3,914.0,164.0,47.0,165.0,1.0,0,0.807
449,4,783.0,300.0,289.0,182.0,1.0,3,0.559
450,1,211.0,294.0,242.0,127.0,1.0,0,1.0
450,2,927.0,389.0,210.0,132.0,1.0,3,0.157
450,3,916.0,164.0,47.0,165.0,1.0,0,0.777
450,4,780.0,301.0,289.0,182.0,1.0,3,0.564
