1,1,20.0,415.0,27.0,101.0,1.0,0,1.0
1,3,91.0,355.0,198.0,104.0,1.0,0,1.0
1,4,942.0,305.0,275.0,173.0,1.0,3,0.065
2,1,23.0,415.0,27.0,101.0,1.0,0,1.0
2,3,94.0,355.0,198.0,104.0,1.0,0,1.0
2,4,939.0,305.0,275.0,173.0,1.0,3,0.076
3,1,26.0,415.0,27.0,101.0,1.0,0,1.0
3,3,97.0,355.0,198.0,104.0,1.0,0,1.0
3,4,936.0,305.0,275.0,173.0,1.0,3,0.087
4,1,30.0,415.0,27.0,101.0,1.0,0,1.0
4,3,100.0,355.0,198.0,104.0,1.0,0,1.0
4,4,933.0,305.0,275.0,173.0,1.0,3,0.098
5,1,33.0,415.0,27.0,101.0,1.0,0,1.0
5,3,103.0,355.0,198.0,104.0,1.0,0,1.0
5,4,929.0,306.0,275.0,173.0,1.0,3,0.113
6,1,36.0,415.0,27.0,101.0,1.0,0,1.0
6,3,106.0,355.0,198.0,104.0,1.0,0,1.0
6,4,926.0,306.0,275.0,173.0,1.0,3,0.124
7,1,40.0,415.0,27.0,101.0,1.0,0,1.0
7,3,109.0,355.0,198.0,104.0,1.0,0,1.0
7,4,923.0,306.0,275.0,173.0,1.0,3,0.135
8,1,43.0,415.0,27.0,100.0,1.0,0,1.0
8,3,112.0,355.0,198.0,104.0,1.0,0,1.0
8,4,920.0,306.0,275.0,173.0,1.0,3,0.145
9,1,47.0,415.0,27.0,100.0,1.0,0,1.0
9,2,959.0,354.0,235.0,148.0,1.0,3,0.004
9,3,116.0,355.0,198.0,104.0,1.0,0,1.0
9,4,917.0,307.0,276.0,174.0,1.0,3,0.153
10,1,50.0,416.0,27.0,100.0,1.0,0,1.0
10,2,955.0,354.0,235.0,148.0,1.0,3,0.021
10,3,119.0,355.0,198.0,104.0,1.0,0,1.0
10,4,914.0,307.0,276.0,174.0,1.0,3,0.153
11,1,53.0,416.0,27.0,100.0,1.0,0,1.0
11,2,952.0,354.0,235.0,148.0,1.0,3,0.034
11,3,122.0,354.0,198.0,104.0,1.0,0,1.0
11,4,911.0,307.0,276.0,174.0,1.0,3,0.156
12,1,57.0,416.0,27.0,100.0,1.0,0,1.0
12,2,949.0,354.0,235.0,148.0,1.0,3,0.047
12,3,125.0,354.0,198.0,104.0,1.0,0,1.0
12,4,907.0,307.0,276.0,174.0,1.0,3,0.163
13,1,60.0,416.0,27.0,100.0,1.0,0,1.0
13,2,945.0,354.0,235.0,148.0,1.0,3,0.064
13,3,128.0,354.0,198.0,104.0,1.0,0,1.0
13,4,904.0,308.0,276.0,174.0,1.0,3,0.163
14,1,63.0,416.0,27.0,100.0,1.0,0,1.0
14,2,942.0,354.0,235.0,148.0,1.0,3,0.077
14,3,131.0,354.0,198.0,104.0,1.0,0,1.0
14,4,901.0,308.0,276.0,174.0,1.0,3,0.166
15,1,67.0,416.0,27.0,100.0,1.0,0,1.0
15,2,939.0,354.0,235.0,148.0,1.0,3,0.089
15,3,134.0,354.0,200.0,105.0,1.0,0,1.0
15,4,898.0,308.0,276.0,174.0,1.0,3,0.169
16,1,70.0,416.0,27.0,100.0,1.0,0,1.0
16,2,935.0,354.0,235.0,148.0,1.0,3,0.106
16,3,137.0,354.0,200.0,105.0,1.0,0,1.0
16,4,895.0,308.0,276.0,174.0,1.0,3,0.169
17,1,74.0,416.0,27.0,100.0,1.0,0,1.0
17,2,932.0,354.0,235.0,148.0,1.0,3,0.119
17,3,140.0,354.0,200.0,105.0,1.0,0,1.0
17,4,892.0,309.0,276.0,174.0,1.0,3,0.171
18,1,77.0,416.0,27.0,100.0,1.0,0,1.0
18,2,929.0,354.0,235.0,148.0,1.0,3,0.132
18,3,143.0,354.0,200.0,105.0,1.0,0,1.0
18,4,889.0,309.0,276.0,174.0,1.0,3,0.174
19,1,80.0,416.0,27.0,100.0,1.0,0,1.0
19,2,925.0,355.0,235.0,148.0,1.0,3,0.149
19,3,146.0,354.0,200.0,105.0,1.0,0,1.0
19,4,885.0,309.0,276.0,174.0,1.0,3,0.178
20,1,84.0,416.0,27.0,100.0,1.0,0,1.0
20,2,922.0,355.0,235.0,148.0,1.0,3,0.162
20,3,149.0,354.0,200.0,105.0,1.0,0,1.0
20,4,882.0,309.0,276.0,174.0,1.0,3,0.181
21,1,87.0,416.0,27.0,100.0,1.0,0,1.0
21,2,919.0,355.0,235.0,148.0,1.0,3,0.174
21,3,152.0,354.0,200.0,105.0,1.0,0,1.0
21,4,879.0,310.0,276.0,174.0,1.0,3,0.183
22,1,90.0,416.0,27.0,100.0,1.0,0,1.0
22,2,915.0,355.0,235.0,148.0,1.0,3,0.191
22,3,155.0,354.0,200.0,105.0,1.0,0,1.0
22,4,876.0,310.0,278.0,175.0,1.0,3,0.182
23,1,94.0,417.0,27.0,100.0,1.0,0,1.0
23,2,912.0,355.0,235.0,148.0,1.0,3,0.204
23,3,158.0,354.0,200.0,105.0,1.0,0,1.0
23,4,873.0,310.0,278.0,175.0,1.0,3,0.185
24,1,97.0,417.0,27.0,100.0,1.0,0,1.0
24,2,909.0,355.0,236.0,149.0,1.0,3,0.216
24,3,161.0,354.0,200.0,105.0,1.0,0,1.0
24,4,870.0,310.0,278.0,175.0,1.0,3,0.187
25,1,101.0,417.0,27.0,100.0,1.0,0,1.0
25,2,905.0,355.0,236.0,149.0,1.0,3,0.233
25,3,164.0,354.0,200.0,105.0,1.0,0,1.0
25,4,867.0,311.0,278.0,175.0,1.0,3,0.186
26,1,104.0,417.0,27.0,100.0,1.0,0,1.0
26,2,902.0,355.0,236.0,149.0,1.0,3,0.246
26,3,167.0,354.0,200.0,105.0,1.0,0,1.0
26,4,863.0,311.0,278.0,175.0,1.0,3,0.193
27,1,107.0,417.0,27.0,100.0,1.0,0,1.0
27,2,899.0,355.0,236.0,149.0,1.0,3,0.258
27,3,170.0,353.0,200.0,105.0,1.0,0,1.0
27,4,860.0,311.0,278.0,175.0,1.0,3,0.195
28,1,111.0,417.0,27.0,100.0,1.0,0,1.0
28,2,895.0,355.0,236.0,149.0,1.0,3,0.275
28,3,173.0,353.0,200.0,105.0,1.0,0,1.0
28,4,857.0,311.0,278.0,175.0,1.0,3,0.195
29,1,114.0,417.0,27.0,100.0,1.0,0,1.0
29,2,892.0,355.0,236.0,149.0,1.0,3,0.288
29,3,176.0,353.0,200.0,105.0,1.0,0,1.0
29,4,854.0,312.0,278.0,175.0,1.0,3,0.197
30,1,117.0,417.0,27.0,100.0,1.0,0,1.0
30,2,889.0,356.0,236.0,149.0,1.0,3,0.301
30,3,179.0,353.0,202.0,106.0,1.0,0,1.0
30,4,851.0,312.0,278.0,175.0,1.0,3,0.201
31,1,121.0,417.0,27.0,100.0,1.0,0,1.0
31,2,886.0,356.0,236.0,149.0,1.0,3,0.314
31,3,182.0,353.0,202.0,106.0,1.0,0,1.0
31,4,848.0,312.0,278.0,175.0,1.0,3,0.204
32,1,124.0,417.0,27.0,100.0,1.0,0,1.0
32,2,882.0,356.0,236.0,149.0,1.0,3,0.331
32,3,185.0,353.0,202.0,106.0,1.0,0,1.0
32,4,845.0,312.0,278.0,175.0,1.0,3,0.204
33,1,128.0,417.0,27.0,100.0,1.0,0,1.0
33,2,879.0,356.0,236.0,149.0,1.0,3,0.343
33,3,188.0,353.0,202.0,106.0,1.0,0,1.0
33,4,841.0,313.0,278.0,175.0,1.0,3,0.208
34,1,131.0,417.0,27.0,100.0,1.0,0,1.0
34,2,876.0,356.0,236.0,149.0,1.0,3,0.356
34,3,191.0,353.0,202.0,106.0,1.0,0,1.0
34,4,838.0,313.0,278.0,175.0,1.0,3,0.211
35,1,134.0,417.0,27.0,100.0,1.0,0,1.0
35,2,872.0,356.0,236.0,149.0,1.0,3,0.373
35,3,194.0,353.0,202.0,106.0,1.0,0,1.0
35,4,835.0,313.0,278.0,175.0,1.0,3,0.211
36,1,138.0,418.0,27.0,100.0,1.0,0,1.0
36,2,869.0,356.0,236.0,149.0,1.0,3,0.386
36,3,197.0,353.0,202.0,106.0,1.0,0,1.0
36,4,832.0,313.0,279.0,176.0,1.0,3,0.212
37,1,141.0,418.0,27.0,100.0,1.0,0,1.0
37,2,866.0,356.0,236.0,149.0,1.0,3,0.398
37,3,200.0,353.0,202.0,106.0,1.0,0,1.0
37,4,829.0,314.0,279.0,176.0,1.0,3,0.213
38,1,144.0,418.0,27.0,100.0,1.0,0,1.0
38,2,862.0,356.0,236.0,149.0,1.0,3,0.415
38,3,203.0,353.0,202.0,106.0,1.0,0,1.0
38,4,826.0,314.0,279.0,176.0,1.0,3,0.213
39,1,148.0,418.0,27.0,100.0,1.0,0,1.0
39,2,859.0,356.0,236.0,149.0,1.0,3,0.428
39,3,206.0,353.0,202.0,106.0,1.0,0,1.0
39,4,823.0,314.0,279.0,176.0,1.0,3,0.215
40,1,151.0,418.0,27.0,100.0,1.0,0,1.0
40,2,856.0,357.0,236.0,149.0,1.0,3,0.441
40,3,209.0,353.0,202.0,106.0,1.0,0,1.0
40,4,819.0,314.0,279.0,176.0,1.0,3,0.224
41,1,155.0,418.0,27.0,100.0,1.0,0,1.0
41,2,852.0,357.0,236.0,149.0,1.0,3,0.458
41,3,212.0,353.0,202.0,106.0,1.0,0,1.0
41,4,816.0,315.0,279.0,176.0,1.0,3,0.221
42,1,158.0,418.0,27.0,100.0,1.0,0,1.0
42,2,849.0,357.0,236.0,149.0,1.0,3,0.47
42,3,215.0,353.0,202.0,106.0,1.0,0,1.0
42,4,813.0,315.0,279.0,176.0,1.0,3,0.224
43,1,161.0,418.0,27.0,100.0,1.0,0,1.0
43,2,846.0,357.0,236.0,149.0,1.0,3,0.483
43,3,218.0,352.0,202.0,106.0,1.0,0,1.0
43,4,810.0,315.0,279.0,176.0,1.0,3,0.227
44,1,165.0,418.0,27.0,100.0,1.0,0,1.0
44,2,842.0,357.0,236.0,149.0,1.0,3,0.5
44,3,221.0,352.0,202.0,106.0,1.0,0,1.0
44,4,807.0,315.0,279.0,176.0,1.0,3,0.226
45,1,168.0,418.0,27.0,99.0,1.0,0,1.0
45,2,839.0,357.0,236.0,149.0,1.0,3,0.513
45,3,224.0,352.0,202.0,106.0,1.0,0,1.0
45,4,804.0,316.0,279.0,176.0,1.0,3,0.226
46,1,171.0,418.0,27.0,99.0,1.0,0,1.0
46,2,836.0,357.0,236.0,149.0,1.0,3,0.525
46,3,227.0,352.0,204.0,107.0,1.0,0,1.0
46,4,801.0,316.0,279.0,176.0,1.0,3,0.229
47,1,175.0,418.0,27.0,99.0,1.0,0,1.0
47,2,832.0,357.0,238.0,150.0,1.0,3,0.538
47,3,230.0,352.0,204.0,107.0,1.0,0,1.0
47,4,797.0,316.0,279.0,176.0,1.0,3,0.232
48,1,178.0,419.0,27.0,99.0,1.0,0,1.0
48,2,829.0,357.0,238.0,150.0,1.0,3,0.55
48,3,233.0,352.0,204.0,107.0,1.0,0,0.995
48,4,794.0,316.0,279.0,176.0,1.0,3,0.235
49,1,182.0,419.0,27.0,99.0,1.0,0,1.0
49,2,826.0,357.0,238.0,150.0,1.0,3,0.563
49,3,236.0,352.0,204.0,107.0,1.0,0,0.98
49,4,791.0,317.0,281.0,177.0,1.0,3,0.232
50,1,185.0,419.0,27.0,99.0,1.0,0,1.0
50,2,822.0,357.0,238.0,150.0,1.0,3,0.58
50,3,239.0,352.0,204.0,107.0,1.0,0,0.966
50,4,788.0,317.0,281.0,177.0,1.0,3,0.232
51,1,188.0,419.0,27.0,99.0,1.0,0,1.0
51,2,819.0,358.0,238.0,150.0,1.0,3,0.592
51,3,242.0,352.0,204.0,107.0,1.0,0,0.951
51,4,785.0,317.0,281.0,177.0,1.0,3,0.237
52,1,192.0,419.0,27.0,99.0,1.0,0,1.0
52,2,816.0,358.0,238.0,150.0,1.0,3,0.605
52,3,245.0,352.0,204.0,107.0,1.0,0,0.936
52,4,782.0,317.0,281.0,177.0,1.0,3,0.24
53,1,195.0,419.0,27.0,99.0,1.0,0,1.0
53,2,812.0,358.0,238.0,150.0,1.0,3,0.622
53,3,248.0,352.0,204.0,107.0,1.0,0,0.922
53,4,778.0,318.0,281.0,177.0,1.0,3,0.24
54,1,198.0,419.0,27.0,99.0,1.0,0,1.0
54,2,809.0,358.0,238.0,150.0,1.0,3,0.634
54,3,252.0,352.0,204.0,107.0,1.0,0,0.902
54,4,775.0,318.0,281.0,177.0,1.0,3,0.242
55,1,202.0,419.0,27.0,99.0,1.0,0,1.0
55,2,806.0,358.0,238.0,150.0,1.0,3,0.647
55,3,255.0,352.0,204.0,107.0,1.0,0,0.887
55,4,772.0,318.0,281.0,177.0,1.0,3,0.245
56,1,205.0,419.0,27.0,99.0,1.0,0,1.0
56,2,803.0,358.0,238.0,150.0,1.0,3,0.66
56,3,258.0,352.0,204.0,107.0,1.0,0,0.873
56,4,769.0,318.0,281.0,177.0,1.0,3,0.247
57,1,209.0,419.0,27.0,99.0,1.0,0,1.0
57,2,799.0,358.0,238.0,150.0,1.0,3,0.676
57,3,261.0,352.0,204.0,107.0,1.0,0,0.858
57,4,766.0,319.0,281.0,177.0,1.0,3,0.244
58,1,212.0,419.0,27.0,99.0,1.0,0,1.0
58,2,796.0,358.0,238.0,150.0,1.0,3,0.689
58,3,264.0,351.0,204.0,107.0,1.0,0,0.843
58,4,763.0,319.0,281.0,177.0,1.0,3,0.246
59,1,215.0,419.0,27.0,99.0,1.0,0,1.0
59,2,793.0,358.0,238.0,150.0,1.0,3,0.702
59,3,267.0,351.0,204.0,107.0,1.0,0,0.828
59,4,760.0,319.0,281.0,177.0,1.0,3,0.248
60,1,219.0,419.0,27.0,99.0,1.0,0,1.0
60,2,789.0,358.0,238.0,150.0,1.0,3,0.718
60,3,270.0,351.0,204.0,107.0,1.0,0,0.814
60,4,756.0,319.0,281.0,177.0,1.0,3,0.252
61,1,222.0,420.0,27.0,99.0,1.0,0,1.0
61,2,786.0,359.0,238.0,150.0,1.0,3,0.731
61,3,273.0,351.0,204.0,107.0,1.0,0,0.799
61,4,753.0,320.0,281.0,177.0,1.0,3,0.254
62,1,225.0,420.0,27.0,99.0,1.0,0,1.0
62,2,783.0,359.0,238.0,150.0,1.0,3,0.744
62,3,276.0,351.0,206.0,108.0,1.0,0,0.777
62,4,750.0,320.0,283.0,178.0,1.0,3,0.254
63,1,229.0,420.0,27.0,99.0,1.0,0,1.0
63,2,779.0,359.0,238.0,150.0,1.0,3,0.761
63,3,279.0,351.0,206.0,108.0,1.0,0,0.762
63,4,747.0,320.0,283.0,178.0,1.0,3,0.253
64,1,232.0,420.0,27.0,99.0,1.0,0,1.0
64,2,776.0,359.0,238.0,150.0,1.0,3,0.773
64,3,282.0,351.0,206.0,108.0,1.0,0,0.748
64,4,744.0,320.0,283.0,178.0,1.0,3,0.256
65,1,236.0,420.0,27.0,99.0,1.0,0,1.0
65,2,773.0,359.0,238.0,150.0,1.0,3,0.786
65,3,285.0,351.0,206.0,108.0,1.0,0,0.733
65,4,741.0,321.0,283.0,178.0,1.0,3,0.254
66,1,239.0,420.0,27.0,99.0,1.0,0,1.0
66,2,769.0,359.0,238.0,150.0,1.0,3,0.803
66,3,288.0,351.0,206.0,108.0,1.0,0,0.718
66,4,738.0,321.0,283.0,178.0,1.0,3,0.254
67,1,242.0,420.0,27.0,99.0,1.0,0,1.0
67,2,766.0,359.0,238.0,150.0,1.0,3,0.815
67,3,291.0,351.0,206.0,108.0,1.0,0,0.704
67,4,734.0,321.0,283.0,178.0,1.0,3,0.259
68,1,246.0,420.0,27.0,99.0,1.0,0,1.0
68,2,763.0,359.0,238.0,150.0,1.0,3,0.828
68,3,294.0,351.0,206.0,108.0,1.0,0,0.689
68,4,731.0,321.0,283.0,178.0,1.0,3,0.262
69,1,249.0,420.0,27.0,99.0,1.0,0,1.0
69,2,759.0,359.0,238.0,150.0,1.0,3,0.845
69,3,297.0,351.0,206.0,108.0,1.0,0,0.675
69,4,728.0,322.0,283.0,178.0,1.0,3,0.257
70,1,252.0,420.0,27.0,99.0,1.0,0,1.0
70,2,756.0,359.0,240.0,151.0,1.0,3,0.85
70,3,300.0,351.0,206.0,108.0,1.0,0,0.66
70,4,725.0,322.0,283.0,178.0,1.0,3,0.259
71,1,256.0,420.0,27.0,99.0,1.0,0,1.0
71,2,753.0,359.0,240.0,151.0,1.0,3,0.863
71,3,303.0,351.0,206.0,108.0,1.0,0,0.646
71,4,722.0,322.0,283.0,178.0,1.0,3,0.262
72,1,259.0,420.0,27.0,99.0,1.0,0,1.0
72,2,749.0,360.0,240.0,151.0,1.0,3,0.879
72,3,306.0,351.0,206.0,108.0,1.0,0,0.631
72,4,719.0,322.0,283.0,178.0,1.0,3,0.265
73,1,263.0,420.0,27.0,99.0,1.0,0,1.0
73,2,746.0,360.0,240.0,151.0,1.0,3,0.892
73,3,309.0,351.0,206.0,108.0,1.0,0,0.617
73,4,716.0,323.0,283.0,178.0,1.0,3,0.263
74,1,266.0,421.0,27.0,99.0,1.0,0,1.0
74,2,743.0,360.0,240.0,151.0,1.0,3,0.904
74,3,312.0,350.0,206.0,108.0,1.0,0,0.602
74,4,712.0,323.0,283.0,178.0,1.0,3,0.269
75,1,269.0,421.0,27.0,99.0,1.0,0,1.0
75,2,739.0,360.0,240.0,151.0,1.0,3,0.921
75,3,315.0,350.0,206.0,108.0,1.0,0,0.587
75,4,709.0,323.0,283.0,178.0,1.0,3,0.268
76,1,273.0,421.0,27.0,99.0,1.0,0,1.0
76,2,736.0,360.0,240.0,151.0,1.0,3,0.933
76,3,318.0,350.0,206.0,108.0,1.0,0,0.573
76,4,706.0,323.0,284.0,179.0,1.0,3,0.269
77,1,276.0,421.0,27.0,99.0,1.0,0,1.0
77,2,733.0,360.0,240.0,151.0,1.0,3,0.946
77,3,321.0,350.0,206.0,108.0,1.0,0,0.573
77,4,703.0,324.0,284.0,179.0,1.0,3,0.266
78,1,279.0,421.0,27.0,99.0,1.0,0,1.0
78,2,729.0,360.0,240.0,151.0,1.0,3,0.963
78,3,324.0,350.0,208.0,109.0,1.0,0,0.577
78,4,700.0,324.0,284.0,179.0,1.0,3,0.266
79,1,283.0,421.0,27.0,99.0,1.0,0,1.0
79,2,726.0,360.0,240.0,151.0,1.0,3,0.975
79,3,327.0,350.0,208.0,109.0,1.0,0,0.577
79,4,697.0,324.0,284.0,179.0,1.0,3,0.268
80,1,286.0,421.0,27.0,99.0,1.0,0,1.0
80,2,723.0,360.0,240.0,151.0,1.0,3,0.988
80,3,330.0,350.0,208.0,109.0,1.0,0,0.577
80,4,694.0,324.0,284.0,179.0,1.0,3,0.27
81,1,290.0,421.0,27.0,99.0,1.0,0,1.0
81,2,720.0,360.0,240.0,151.0,1.0,3,1.0
81,3,333.0,350.0,208.0,109.0,1.0,0,0.577
81,4,690.0,325.0,284.0,179.0,1.0,3,0.271
82,1,293.0,421.0,26.0,98.0,1.0,0,1.0
82,2,716.0,361.0,240.0,151.0,1.0,3,1.0
82,3,336.0,350.0,208.0,109.0,1.0,0,0.577
82,4,687.0,325.0,284.0,179.0,1.0,3,0.286
83,1,296.0,421.0,26.0,98.0,1.0,0,1.0
83,2,713.0,361.0,240.0,151.0,1.0,3,1.0
83,3,339.0,350.0,208.0,109.0,1.0,0,0.577
83,4,684.0,325.0,284.0,179.0,1.0,3,0.297
84,1,300.0,421.0,26.0,98.0,1.0,0,1.0
84,2,710.0,361.0,240.0,151.0,1.0,3,1.0
84,3,342.0,350.0,208.0,109.0,1.0,0,0.577
84,4,681.0,325.0,284.0,179.0,1.0,3,0.307
85,1,303.0,421.0,26.0,98.0,1.0,0,1.0
85,2,706.0,361.0,240.0,151.0,1.0,3,1.0
85,3,345.0,350.0,208.0,109.0,1.0,0,0.577
85,4,678.0,326.0,284.0,179.0,1.0,3,0.313
86,1,306.0,421.0,26.0,98.0,1.0,0,1.0
86,2,703.0,361.0,240.0,151.0,1.0,3,1.0
86,3,348.0,350.0,208.0,109.0,1.0,0,0.577
86,4,675.0,326.0,284.0,179.0,1.0,3,0.32
87,1,310.0,422.0,26.0,98.0,1.0,0,1.0
87,2,700.0,361.0,240.0,151.0,1.0,3,1.0
87,3,351.0,350.0,208.0,109.0,1.0,0,0.577
87,4,672.0,326.0,284.0,179.0,1.0,3,0.32
88,1,313.0,422.0,26.0,98.0,1.0,0,1.0
88,2,696.0,361.0,240.0,151.0,1.0,3,1.0
88,3,354.0,350.0,208.0,109.0,1.0,0,0.577
88,4,668.0,326.0,284.0,179.0,1.0,3,0.32
89,1,317.0,422.0,26.0,98.0,1.0,0,1.0
89,2,693.0,361.0,240.0,151.0,1.0,3,1.0
89,3,357.0,350.0,208.0,109.0,1.0,0,0.577
89,4,665.0,327.0,286.0,180.0,1.0,3,0.319
90,1,320.0,422.0,26.0,98.0,1.0,0,1.0
90,2,690.0,361.0,240.0,151.0,1.0,3,1.0
90,3,360.0,349.0,208.0,109.0,1.0,0,0.577
90,4,662.0,327.0,286.0,180.0,1.0,3,0.319
91,1,323.0,422.0,26.0,98.0,1.0,0,1.0
91,2,686.0,361.0,240.0,151.0,1.0,3,1.0
91,3,363.0,349.0,208.0,109.0,1.0,0,0.577
91,4,659.0,327.0,286.0,180.0,1.0,3,0.319
92,1,327.0,422.0,26.0,98.0,1.0,0,1.0
92,2,683.0,361.0,240.0,151.0,1.0,3,1.0
92,3,366.0,349.0,208.0,109.0,1.0,0,0.577
92,4,656.0,327.0,286.0,180.0,1.0,3,0.319
93,1,330.0,422.0,26.0,98.0,1.0,0,1.0
93,2,680.0,362.0,240.0,151.0,1.0,3,1.0
93,3,369.0,349.0,208.0,109.0,1.0,0,0.577
93,4,653.0,328.0,286.0,180.0,1.0,3,0.319
94,1,333.0,422.0,26.0,98.0,1.0,0,1.0
94,2,676.0,362.0,241.0,152.0,1.0,3,1.0
94,3,372.0,349.0,210.0,110.0,1.0,0,0.581
94,4,650.0,328.0,286.0,180.0,1.0,3,0.317
95,1,337.0,422.0,26.0,98.0,1.0,0,1.0
95,2,673.0,362.0,241.0,152.0,1.0,3,1.0
95,3,375.0,349.0,210.0,110.0,1.0,0,0.581
95,4,646.0,328.0,286.0,180.0,1.0,3,0.317
96,1,340.0,422.0,26.0,98.0,1.0,0,1.0
96,2,670.0,362.0,241.0,152.0,1.0,3,1.0
96,3,378.0,349.0,210.0,110.0,1.0,0,0.581
96,4,643.0,328.0,286.0,180.0,1.0,3,0.317
97,1,344.0,422.0,26.0,98.0,1.0,0,1.0
97,2,666.0,362.0,241.0,152.0,1.0,3,1.0
97,3,381.0,349.0,210.0,110.0,1.0,0,0.581
97,4,640.0,329.0,286.0,180.0,1.0,3,0.312
98,1,347.0,422.0,26.0,98.0,1.0,0,1.0
98,2,663.0,362.0,241.0,152.0,1.0,3,1.0
98,3,384.0,349.0,210.0,110.0,1.0,0,0.581
98,4,637.0,329.0,286.0,180.0,1.0,3,0.312
99,1,350.0,423.0,26.0,98.0,1.0,0,1.0
99,2,660.0,362.0,241.0,152.0,1.0,3,1.0
99,3,388.0,349.0,210.0,110.0,1.0,0,0.581
99,4,634.0,329.0,286.0,180.0,1.0,3,0.312
100,1,354.0,423.0,26.0,98.0,1.0,0,1.0
100,2,656.0,362.0,241.0,152.0,1.0,3,1.0
100,3,391.0,349.0,210.0,110.0,1.0,0,0.581
100,4,631.0,329.0,286.0,180.0,1.0,3,0.312
101,1,357.0,423.0,26.0,98.0,1.0,0,1.0
101,2,653.0,362.0,241.0,152.0,1.0,3,1.0
101,3,394.0,349.0,210.0,110.0,1.0,0,0.581
101,4,628.0,330.0,286.0,180.0,1.0,3,0.307
102,1,360.0,423.0,26.0,98.0,1.0,0,1.0
102,2,650.0,362.0,241.0,152.0,1.0,3,1.0
102,3,397.0,349.0,210.0,110.0,1.0,0,0.581
102,4,624.0,330.0,287.0,181.0,1.0,3,0.309
103,1,364.0,423.0,26.0,98.0,1.0,0,1.0
103,2,646.0,363.0,241.0,152.0,1.0,3,1.0
103,3,400.0,349.0,210.0,110.0,1.0,0,0.581
103,4,621.0,330.0,287.0,181.0,1.0,3,0.313
104,1,367.0,423.0,26.0,98.0,1.0,0,1.0
104,2,643.0,363.0,241.0,152.0,1.0,3,1.0
104,3,403.0,349.0,210.0,110.0,1.0,0,0.581
104,4,618.0,330.0,287.0,181.0,1.0,3,0.313
105,1,371.0,423.0,26.0,98.0,1.0,0,1.0
105,2,640.0,363.0,241.0,152.0,1.0,3,1.0
105,3,406.0,349.0,210.0,110.0,1.0,0,0.581
105,4,615.0,331.0,287.0,181.0,1.0,3,0.307
106,1,374.0,423.0,26.0,98.0,1.0,0,1.0
106,2,637.0,363.0,241.0,152.0,1.0,3,1.0
106,3,409.0,348.0,210.0,110.0,1.0,0,0.581
106,4,612.0,331.0,287.0,181.0,1.0,3,0.294
107,1,377.0,423.0,26.0,98.0,1.0,0,1.0
107,2,633.0,363.0,241.0,152.0,1.0,3,1.0
107,3,412.0,348.0,210.0,110.0,1.0,0,0.581
107,4,609.0,331.0,287.0,181.0,1.0,3,0.281
108,1,381.0,423.0,26.0,98.0,1.0,0,1.0
108,2,630.0,363.0,241.0,152.0,1.0,3,1.0
108,3,415.0,348.0,210.0,110.0,1.0,0,0.581
108,4,606.0,331.0,287.0,181.0,1.0,3,0.269
109,1,384.0,423.0,26.0,98.0,1.0,0,1.0
109,2,627.0,363.0,241.0,152.0,1.0,3,1.0
109,3,418.0,348.0,212.0,111.0,1.0,0,0.573
109,4,602.0,331.0,287.0,181.0,1.0,3,0.254
110,1,387.0,423.0,26.0,98.0,1.0,0,1.0
110,2,623.0,363.0,241.0,152.0,1.0,3,1.0
110,3,421.0,348.0,212.0,111.0,1.0,0,0.544
110,4,599.0,332.0,287.0,181.0,1.0,3,0.25
111,1,391.0,423.0,26.0,98.0,1.0,0,1.0
111,2,620.0,363.0,241.0,152.0,1.0,3,1.0
111,3,424.0,348.0,212.0,111.0,1.0,0,0.52
111,4,596.0,332.0,287.0,181.0,1.0,3,0.248
112,1,394.0,424.0,26.0,98.0,1.0,0,1.0
112,2,617.0,363.0,241.0,152.0,1.0,3,1.0
112,3,427.0,348.0,212.0,111.0,1.0,0,0.495
112,4,593.0,332.0,287.0,181.0,1.0,3,0.246
113,1,398.0,424.0,26.0,98.0,1.0,0,1.0
113,2,613.0,364.0,241.0,152.0,1.0,3,1.0
113,3,430.0,348.0,212.0,111.0,1.0,0,0.468
113,4,590.0,332.0,287.0,181.0,1.0,3,0.251
114,1,401.0,424.0,26.0,98.0,1.0,0,1.0
114,2,610.0,364.0,241.0,152.0,1.0,3,1.0
114,3,433.0,348.0,212.0,111.0,1.0,0,0.444
114,4,587.0,333.0,287.0,181.0,1.0,3,0.244
115,1,404.0,424.0,26.0,98.0,1.0,0,1.0
115,2,607.0,364.0,241.0,152.0,1.0,3,1.0
115,3,436.0,348.0,212.0,111.0,1.0,0,0.419
115,4,583.0,333.0,287.0,181.0,1.0,3,0.24
116,1,408.0,424.0,26.0,98.0,1.0,0,1.0
116,2,603.0,364.0,241.0,152.0,1.0,3,1.0
116,3,439.0,348.0,212.0,111.0,1.0,0,0.405
116,4,580.0,333.0,289.0,182.0,1.0,3,0.245
117,1,411.0,424.0,26.0,98.0,1.0,0,0.962
117,2,600.0,364.0,243.0,153.0,1.0,3,1.0
117,3,442.0,348.0,212.0,111.0,1.0,0,0.395
117,4,577.0,333.0,289.0,182.0,1.0,3,0.237
118,1,414.0,424.0,26.0,98.0,1.0,0,0.846
118,2,597.0,364.0,243.0,153.0,1.0,3,1.0
118,3,445.0,348.0,212.0,111.0,1.0,0,0.385
118,4,574.0,334.0,289.0,182.0,1.0,3,0.231
119,1,418.0,424.0,26.0,97.0,1.0,0,0.692
119,2,593.0,364.0,243.0,153.0,1.0,3,1.0
119,3,448.0,348.0,212.0,111.0,1.0,0,0.371
119,4,571.0,334.0,289.0,182.0,1.0,3,0.231
120,1,421.0,424.0,26.0,97.0,1.0,0,0.577
120,2,590.0,364.0,243.0,153.0,1.0,3,1.0
120,3,451.0,348.0,212.0,111.0,1.0,0,0.361
120,4,568.0,334.0,289.0,182.0,1.0,3,0.229
121,1,425.0,424.0,26.0,97.0,1.0,0,0.423
121,2,587.0,364.0,243.0,153.0,1.0,3,1.0
121,3,454.0,347.0,212.0,111.0,1.0,0,0.354
121,4,565.0,334.0,289.0,182.0,1.0,3,0.226
122,1,428.0,424.0,26.0,97.0,1.0,0,0.308
122,2,583.0,364.0,243.0,153.0,1.0,3,1.0
122,3,457.0,347.0,212.0,111.0,1.0,0,0.34
122,4,561.0,335.0,289.0,182.0,1.0,3,0.219
123,1,431.0,424.0,26.0,97.0,1.0,0,0.192
123,2,580.0,364.0,243.0,153.0,1.0,3,1.0
123,3,460.0,347.0,212.0,111.0,1.0,0,0.331
123,4,558.0,335.0,289.0,182.0,1.0,3,0.217
124,1,435.0,424.0,26.0,97.0,1.0,0,0.038
124,2,577.0,365.0,243.0,153.0,1.0,3,1.0
124,3,463.0,347.0,212.0,111.0,1.0,0,0.325
124,4,555.0,335.0,289.0,182.0,1.0,3,0.218
125,1,438.0,425.0,26.0,97.0,1.0,0,0.0
125,2,573.0,365.0,243.0,153.0,1.0,3,1.0
125,3,466.0,347.0,214.0,112.0,1.0,0,0.309
125,4,552.0,335.0,289.0,182.0,1.0,3,0.216
126,1,441.0,425.0,26.0,97.0,1.0,0,0.0
126,2,570.0,365.0,243.0,153.0,1.0,3,1.0
126,3,469.0,347.0,214.0,112.0,1.0,0,0.3
126,4,549.0,336.0,289.0,182.0,1.0,3,0.21
127,1,445.0,425.0,26.0,97.0,1.0,0,0.0
127,2,567.0,365.0,243.0,153.0,1.0,3,1.0
127,3,472.0,347.0,214.0,112.0,1.0,0,0.29
127,4,546.0,336.0,289.0,182.0,1.0,3,0.208
128,1,448.0,425.0,26.0,97.0,1.0,0,0.0
128,2,563.0,365.0,243.0,153.0,1.0,3,1.0
128,3,475.0,347.0,214.0,112.0,1.0,0,0.277
128,4,543.0,336.0,289.0,182.0,1.0,3,0.207
129,1,452.0,425.0,26.0,97.0,1.0,0,0.0
129,2,560.0,365.0,243.0,153.0,1.0,3,1.0
129,3,478.0,347.0,214.0,112.0,1.0,0,0.267
129,4,539.0,336.0,290.0,183.0,1.0,3,0.21
130,1,455.0,425.0,26.0,97.0,1.0,0,0.0
130,2,557.0,365.0,243.0,153.0,1.0,3,1.0
130,3,481.0,347.0,214.0,112.0,1.0,0,0.258
130,4,536.0,337.0,290.0,183.0,1.0,3,0.208
131,1,458.0,425.0,26.0,97.0,1.0,0,0.0
131,2,553.0,365.0,243.0,153.0,1.0,3,1.0
131,3,484.0,347.0,214.0,112.0,1.0,0,0.244
131,4,533.0,337.0,290.0,183.0,1.0,3,0.208
132,1,462.0,425.0,26.0,97.0,1.0,0,0.0
132,2,550.0,365.0,243.0,153.0,1.0,3,1.0
132,3,487.0,347.0,214.0,112.0,1.0,0,0.235
132,4,530.0,337.0,290.0,183.0,1.0,3,0.206
133,1,465.0,425.0,26.0,97.0,1.0,0,0.0
133,2,547.0,365.0,243.0,153.0,1.0,3,1.0
133,3,490.0,347.0,214.0,112.0,1.0,0,0.225
133,4,527.0,337.0,290.0,183.0,1.0,3,0.204
134,1,468.0,425.0,26.0,97.0,1.0,0,0.0
134,2,544.0,366.0,243.0,153.0,1.0,3,1.0
134,3,493.0,347.0,214.0,112.0,1.0,0,0.223
134,4,524.0,338.0,290.0,183.0,1.0,3,0.199
135,1,472.0,425.0,26.0,97.0,1.0,0,0.0
135,2,540.0,366.0,243.0,153.0,1.0,3,1.0
135,3,496.0,347.0,214.0,112.0,1.0,0,0.21
135,4,521.0,338.0,290.0,183.0,1.0,3,0.194
136,1,475.0,425.0,26.0,97.0,1.0,0,0.0
136,2,537.0,366.0,243.0,153.0,1.0,3,1.0
136,3,499.0,347.0,214.0,112.0,1.0,0,0.2
136,4,517.0,338.0,290.0,183.0,1.0,3,0.185
137,1,479.0,425.0,26.0,97.0,1.0,0,0.0
137,2,534.0,366.0,243.0,153.0,1.0,3,1.0
137,3,502.0,346.0,214.0,112.0,1.0,0,0.199
137,4,514.0,338.0,290.0,183.0,1.0,3,0.175
138,1,482.0,426.0,26.0,97.0,1.0,0,0.0
138,2,530.0,366.0,243.0,153.0,1.0,3,1.0
138,3,505.0,346.0,214.0,112.0,1.0,0,0.186
138,4,511.0,339.0,290.0,183.0,1.0,3,0.171
139,1,485.0,426.0,26.0,97.0,1.0,0,0.0
139,2,527.0,366.0,243.0,153.0,1.0,3,1.0
139,3,508.0,346.0,214.0,112.0,1.0,0,0.177
139,4,508.0,339.0,290.0,183.0,1.0,3,0.164
140,1,489.0,426.0,26.0,97.0,1.0,0,0.0
140,2,524.0,366.0,244.0,154.0,1.0,3,1.0
140,3,511.0,346.0,214.0,112.0,1.0,0,0.168
140,4,505.0,339.0,290.0,183.0,1.0,3,0.151
141,1,492.0,426.0,26.0,97.0,1.0,0,0.0
141,2,520.0,366.0,244.0,154.0,1.0,3,0.984
141,3,514.0,346.0,215.0,113.0,1.0,0,0.169
141,4,502.0,339.0,290.0,183.0,1.0,3,0.15
142,1,495.0,426.0,26.0,97.0,1.0,0,0.0
142,2,517.0,366.0,244.0,154.0,1.0,3,0.971
142,3,517.0,346.0,215.0,113.0,1.0,0,0.171
142,4,499.0,340.0,292.0,184.0,1.0,3,0.158
143,1,499.0,426.0,26.0,97.0,1.0,0,0.038
143,2,514.0,366.0,244.0,154.0,1.0,3,0.957
143,3,520.0,346.0,215.0,113.0,1.0,0,0.174
143,4,495.0,340.0,292.0,184.0,1.0,3,0.151
144,1,502.0,426.0,26.0,97.0,1.0,0,0.154
144,2,510.0,366.0,244.0,154.0,1.0,3,0.933
144,3,524.0,346.0,215.0,113.0,1.0,0,0.177
144,4,492.0,340.0,292.0,184.0,1.0,3,0.151
145,1,506.0,426.0,26.0,97.0,1.0,0,0.308
145,2,507.0,367.0,244.0,154.0,1.0,3,0.91
145,3,527.0,346.0,215.0,113.0,1.0,0,0.186
145,4,489.0,340.0,292.0,184.0,1.0,3,0.145
146,1,509.0,426.0,26.0,97.0,1.0,0,0.423
146,2,504.0,367.0,244.0,154.0,1.0,3,0.89
146,3,530.0,346.0,215.0,113.0,1.0,0,0.186
146,4,486.0,341.0,292.0,184.0,1.0,3,0.143
147,1,512.0,426.0,26.0,97.0,1.0,0,0.538
147,2,500.0,367.0,244.0,154.0,1.0,3,0.866
147,3,533.0,346.0,215.0,113.0,1.0,0,0.201
147,4,483.0,341.0,292.0,184.0,1.0,3,0.138
148,1,516.0,426.0,26.0,97.0,1.0,0,0.692
148,2,497.0,367.0,244.0,154.0,1.0,3,0.844
148,3,536.0,346.0,215.0,113.0,1.0,0,0.224
148,4,480.0,341.0,292.0,184.0,1.0,3,0.126
149,1,519.0,426.0,26.0,97.0,1.0,0,0.808
149,2,494.0,367.0,244.0,154.0,1.0,3,0.824
149,3,539.0,346.0,215.0,113.0,1.0,0,0.246
149,4,477.0,341.0,292.0,184.0,1.0,3,0.113
150,1,522.0,427.0,26.0,97.0,1.0,0,0.923
150,2,490.0,367.0,244.0,154.0,1.0,3,0.801
150,3,542.0,346.0,215.0,113.0,1.0,0,0.273
150,4,473.0,342.0,292.0,184.0,1.0,3,0.099
151,1,526.0,427.0,26.0,97.0,1.0,0,1.0
151,2,487.0,367.0,244.0,154.0,1.0,3,0.783
151,3,545.0,346.0,215.0,113.0,1.0,0,0.296
151,4,470.0,342.0,292.0,184.0,1.0,3,0.087
152,1,529.0,427.0,26.0,97.0,1.0,0,1.0
152,2,484.0,367.0,244.0,154.0,1.0,3,0.771
152,3,548.0,346.0,215.0,113.0,1.0,0,0.318
152,4,467.0,342.0,292.0,184.0,1.0,3,0.083
153,1,533.0,427.0,26.0,97.0,1.0,0,1.0
153,2,480.0,367.0,244.0,154.0,1.0,3,0.755
153,3,551.0,345.0,215.0,113.0,1.0,0,0.352
153,4,464.0,342.0,292.0,184.0,1.0,3,0.082
154,1,536.0,427.0,26.0,97.0,1.0,0,1.0
154,2,477.0,367.0,244.0,154.0,1.0,3,0.742
154,3,554.0,345.0,215.0,113.0,1.0,0,0.374
154,4,461.0,343.0,292.0,184.0,1.0,3,0.082
155,1,539.0,427.0,26.0,97.0,1.0,0,1.0
155,2,474.0,368.0,244.0,154.0,1.0,3,0.729
155,3,557.0,345.0,215.0,113.0,1.0,0,0.404
155,4,458.0,343.0,292.0,184.0,1.0,3,0.081
156,1,543.0,427.0,26.0,96.0,1.0,0,1.0
156,2,470.0,368.0,244.0,154.0,1.0,3,0.713
156,3,560.0,345.0,215.0,113.0,1.0,0,0.43
156,4,455.0,343.0,294.0,185.0,1.0,3,0.089
157,1,546.0,427.0,26.0,96.0,1.0,0,1.0
157,2,467.0,368.0,244.0,154.0,1.0,3,0.701
157,3,563.0,345.0,217.0,114.0,1.0,0,0.456
157,4,451.0,343.0,294.0,185.0,1.0,3,0.088
158,1,549.0,427.0,26.0,96.0,1.0,0,1.0
158,2,464.0,368.0,244.0,154.0,1.0,3,0.688
158,3,566.0,345.0,217.0,114.0,1.0,0,0.478
158,4,448.0,344.0,294.0,185.0,1.0,3,0.089
159,1,553.0,427.0,26.0,96.0,1.0,0,1.0
159,2,461.0,368.0,244.0,154.0,1.0,3,0.676
159,3,569.0,345.0,217.0,114.0,1.0,0,0.5
159,4,445.0,344.0,294.0,185.0,1.0,3,0.09
160,1,556.0,427.0,26.0,96.0,1.0,0,1.0
160,2,457.0,368.0,244.0,154.0,1.0,3,0.66
160,3,572.0,345.0,217.0,114.0,1.0,0,0.525
160,4,442.0,344.0,294.0,185.0,1.0,3,0.092
161,1,560.0,427.0,26.0,96.0,1.0,0,1.0
161,2,454.0,368.0,244.0,154.0,1.0,3,0.647
161,3,575.0,345.0,217.0,114.0,1.0,0,0.548
161,4,439.0,344.0,294.0,185.0,1.0,3,0.092
162,1,563.0,427.0,26.0,96.0,1.0,0,1.0
162,2,451.0,368.0,244.0,154.0,1.0,3,0.635
162,3,578.0,345.0,217.0,114.0,1.0,0,0.57
162,4,436.0,345.0,294.0,185.0,1.0,3,0.093
163,1,566.0,428.0,26.0,96.0,1.0,0,1.0
163,2,447.0,368.0,246.0,155.0,1.0,3,0.622
163,3,581.0,345.0,217.0,114.0,1.0,0,0.327
163,4,433.0,345.0,294.0,185.0,1.0,3,0.219
164,1,570.0,428.0,26.0,96.0,1.0,0,1.0
164,2,444.0,368.0,246.0,155.0,1.0,3,0.61
164,3,584.0,345.0,217.0,114.0,1.0,0,0.359
164,4,429.0,345.0,294.0,185.0,1.0,3,0.227
165,1,573.0,428.0,26.0,96.0,1.0,0,1.0
165,2,441.0,368.0,246.0,155.0,1.0,3,0.598
165,3,587.0,345.0,217.0,114.0,1.0,0,0.387
165,4,426.0,345.0,294.0,185.0,1.0,3,0.236
166,1,576.0,428.0,26.0,96.0,1.0,0,1.0
166,2,437.0,369.0,246.0,155.0,1.0,3,0.581
166,3,590.0,345.0,217.0,114.0,1.0,0,0.42
166,4,423.0,346.0,294.0,185.0,1.0,3,0.248
167,1,580.0,428.0,26.0,96.0,1.0,0,1.0
167,2,434.0,369.0,246.0,155.0,1.0,3,0.577
167,3,593.0,345.0,217.0,114.0,1.0,0,0.447
167,4,420.0,346.0,294.0,185.0,1.0,3,0.25
168,1,583.0,428.0,26.0,96.0,1.0,0,1.0
168,2,431.0,369.0,246.0,155.0,1.0,3,0.577
168,3,596.0,345.0,217.0,114.0,1.0,0,0.475
168,4,417.0,346.0,294.0,185.0,1.0,3,0.25
169,1,587.0,428.0,26.0,96.0,1.0,0,1.0
169,2,427.0,369.0,246.0,155.0,1.0,3,0.577
169,3,599.0,344.0,217.0,114.0,1.0,0,0.502
169,4,414.0,346.0,295.0,186.0,1.0,3,0.255
170,1,590.0,428.0,26.0,96.0,1.0,0,1.0
170,2,424.0,369.0,246.0,155.0,1.0,3,0.577
170,3,602.0,344.0,217.0,114.0,1.0,0,0.533
170,4,411.0,347.0,295.0,186.0,1.0,3,0.255
171,1,593.0,428.0,26.0,96.0,1.0,0,1.0
171,2,421.0,369.0,246.0,155.0,1.0,3,0.577
171,3,605.0,344.0,217.0,114.0,1.0,0,0.565
171,4,407.0,347.0,295.0,186.0,1.0,3,0.255
172,1,597.0,428.0,26.0,96.0,1.0,0,1.0
172,2,417.0,369.0,246.0,155.0,1.0,3,0.577
172,3,608.0,344.0,219.0,115.0,1.0,0,0.595
172,4,404.0,347.0,295.0,186.0,1.0,3,0.255
173,1,600.0,428.0,26.0,96.0,1.0,0,1.0
173,2,414.0,369.0,246.0,155.0,1.0,3,0.577
173,3,611.0,344.0,219.0,115.0,1.0,0,0.622
173,4,401.0,347.0,295.0,186.0,1.0,3,0.255
174,1,603.0,428.0,26.0,96.0,1.0,0,1.0
174,2,411.0,369.0,246.0,155.0,1.0,3,0.577
174,3,614.0,344.0,219.0,115.0,1.0,0,0.652
174,4,398.0,348.0,295.0,186.0,1.0,3,0.255
175,1,607.0,428.0,26.0,96.0,1.0,0,1.0
175,2,407.0,369.0,246.0,155.0,1.0,3,0.577
175,3,617.0,344.0,219.0,115.0,1.0,0,0.678
175,4,395.0,348.0,295.0,186.0,1.0,3,0.255
176,1,610.0,429.0,26.0,96.0,1.0,0,1.0
176,2,404.0,370.0,246.0,155.0,1.0,3,0.577
176,3,620.0,344.0,219.0,115.0,1.0,0,0.705
176,4,392.0,348.0,295.0,186.0,1.0,3,0.255
177,1,614.0,429.0,26.0,96.0,1.0,0,1.0
177,2,401.0,370.0,246.0,155.0,1.0,3,0.577
177,3,623.0,344.0,219.0,115.0,1.0,0,0.736
177,4,388.0,348.0,295.0,186.0,1.0,3,0.255
178,1,617.0,429.0,26.0,96.0,1.0,0,1.0
178,2,397.0,370.0,246.0,155.0,1.0,3,0.577
178,3,626.0,344.0,219.0,115.0,1.0,0,0.764
178,4,385.0,349.0,295.0,186.0,1.0,3,0.255
179,1,620.0,429.0,26.0,96.0,1.0,0,1.0
179,2,394.0,370.0,246.0,155.0,1.0,3,0.592
179,3,629.0,344.0,219.0,115.0,1.0,0,0.79
179,4,382.0,349.0,295.0,186.0,1.0,3,0.245
180,1,624.0,429.0,26.0,96.0,1.0,0,1.0
180,2,391.0,370.0,246.0,155.0,1.0,3,0.61
180,3,632.0,344.0,219.0,115.0,1.0,0,0.817
180,4,379.0,349.0,295.0,186.0,1.0,3,0.233
181,1,627.0,429.0,26.0,96.0,1.0,0,1.0
181,2,387.0,370.0,246.0,155.0,1.0,3,0.627
181,3,635.0,344.0,219.0,115.0,1.0,0,0.843
181,4,376.0,349.0,295.0,186.0,1.0,3,0.22
182,1,630.0,429.0,26.0,96.0,1.0,0,1.0
182,2,384.0,370.0,246.0,155.0,1.0,3,0.642
182,3,638.0,344.0,219.0,115.0,1.0,0,0.862
182,4,373.0,350.0,297.0,187.0,1.0,3,0.218
183,1,634.0,429.0,26.0,96.0,1.0,0,1.0
183,2,381.0,370.0,246.0,155.0,1.0,3,0.642
183,3,641.0,344.0,219.0,115.0,1.0,0,0.887
183,4,370.0,350.0,297.0,187.0,1.0,3,0.218
184,1,637.0,429.0,26.0,96.0,1.0,0,1.0
184,2,378.0,370.0,246.0,155.0,1.0,3,0.642
184,3,644.0,343.0,219.0,115.0,1.0,0,0.919
184,4,366.0,350.0,297.0,187.0,1.0,3,0.218
185,1,641.0,429.0,26.0,96.0,1.0,0,1.0
185,2,374.0,370.0,246.0,155.0,1.0,3,0.642
185,3,647.0,343.0,219.0,115.0,1.0,0,0.936
185,4,363.0,350.0,297.0,187.0,1.0,3,0.23
186,1,644.0,429.0,26.0,96.0,1.0,0,1.0
186,2,371.0,370.0,248.0,156.0,1.0,3,0.645
186,3,650.0,343.0,219.0,115.0,1.0,0,0.955
186,4,360.0,351.0,297.0,187.0,1.0,3,0.232
187,1,647.0,429.0,26.0,96.0,1.0,0,1.0
187,2,368.0,371.0,248.0,156.0,1.0,3,0.645
187,3,653.0,343.0,219.0,115.0,1.0,0,0.974
187,4,357.0,351.0,297.0,187.0,1.0,3,0.242
188,1,651.0,429.0,26.0,96.0,1.0,0,1.0
188,2,364.0,371.0,248.0,156.0,1.0,3,0.645
188,3,656.0,343.0,221.0,116.0,1.0,0,0.975
188,4,354.0,351.0,297.0,187.0,1.0,3,0.254
189,1,654.0,430.0,26.0,96.0,1.0,0,1.0
189,2,361.0,371.0,248.0,156.0,1.0,3,0.645
189,3,660.0,343.0,221.0,116.0,1.0,0,0.977
189,4,351.0,351.0,297.0,187.0,1.0,3,0.254
190,1,657.0,430.0,26.0,96.0,1.0,0,1.0
190,2,358.0,371.0,248.0,156.0,1.0,3,0.645
190,3,663.0,343.0,221.0,116.0,1.0,0,0.977
190,4,348.0,352.0,297.0,187.0,1.0,3,0.254
191,1,661.0,430.0,26.0,96.0,1.0,0,1.0
191,2,354.0,371.0,248.0,156.0,1.0,3,0.645
191,3,666.0,343.0,221.0,116.0,1.0,0,0.976
191,4,344.0,352.0,297.0,187.0,1.0,3,0.254
192,1,664.0,430.0,26.0,96.0,1.0,0,1.0
192,2,351.0,371.0,248.0,156.0,1.0,3,0.645
192,3,669.0,343.0,221.0,116.0,1.0,0,0.976
192,4,341.0,352.0,297.0,187.0,1.0,3,0.254
193,1,668.0,430.0,25.0,95.0,1.0,0,1.0
193,2,348.0,371.0,248.0,156.0,1.0,3,0.645
193,3,672.0,343.0,221.0,116.0,1.0,0,0.976
193,4,338.0,352.0,297.0,187.0,1.0,3,0.254
194,1,671.0,430.0,25.0,95.0,1.0,0,1.0
194,2,344.0,371.0,248.0,156.0,1.0,3,0.645
194,3,675.0,343.0,221.0,116.0,1.0,0,0.976
194,4,335.0,353.0,297.0,187.0,1.0,3,0.254
195,1,674.0,430.0,25.0,95.0,1.0,0,1.0
195,2,341.0,371.0,248.0,156.0,1.0,3,0.645
195,3,678.0,343.0,221.0,116.0,1.0,0,0.976
195,4,332.0,353.0,297.0,187.0,1.0,3,0.254
196,1,678.0,430.0,25.0,95.0,1.0,0,1.0
196,2,338.0,371.0,248.0,156.0,1.0,3,0.645
196,3,681.0,343.0,221.0,116.0,1.0,0,0.975
196,4,329.0,353.0,298.0,188.0,1.0,3,0.255
197,1,681.0,430.0,25.0,95.0,1.0,0,1.0
197,2,334.0,372.0,248.0,156.0,1.0,3,0.645
197,3,684.0,343.0,221.0,116.0,1.0,0,0.975
197,4,326.0,353.0,298.0,188.0,1.0,3,0.255
198,1,684.0,430.0,25.0,95.0,1.0,0,1.0
198,2,331.0,372.0,248.0,156.0,1.0,3,0.645
198,3,687.0,343.0,221.0,116.0,1.0,0,0.975
198,4,322.0,354.0,298.0,188.0,1.0,3,0.252
199,1,688.0,430.0,25.0,95.0,1.0,0,1.0
199,2,328.0,372.0,248.0,156.0,1.0,3,0.645
199,3,690.0,343.0,221.0,116.0,1.0,0,0.974
199,4,319.0,354.0,298.0,188.0,1.0,3,0.252
200,1,691.0,430.0,25.0,95.0,1.0,0,1.0
200,2,324.0,372.0,248.0,156.0,1.0,3,0.645
200,3,693.0,342.0,221.0,116.0,1.0,0,0.975
200,4,316.0,354.0,298.0,188.0,1.0,3,0.252
201,1,695.0,431.0,25.0,95.0,1.0,0,1.0
201,2,321.0,372.0,248.0,156.0,1.0,3,0.645
201,3,696.0,342.0,221.0,116.0,1.0,0,0.975
201,4,313.0,354.0,298.0,188.0,1.0,3,0.252
202,1,698.0,431.0,25.0,95.0,1.0,0,1.0
202,2,318.0,372.0,248.0,156.0,1.0,3,0.645
202,3,699.0,342.0,221.0,116.0,1.0,0,0.975
202,4,310.0,355.0,298.0,188.0,1.0,3,0.248
203,1,701.0,431.0,25.0,95.0,1.0,0,1.0
203,2,314.0,372.0,248.0,156.0,1.0,3,0.645
203,3,702.0,342.0,221.0,116.0,1.0,0,0.975
203,4,307.0,355.0,298.0,188.0,1.0,3,0.248
204,1,705.0,431.0,25.0,95.0,1.0,0,1.0
204,2,311.0,372.0,248.0,156.0,1.0,3,0.645
204,3,705.0,342.0,223.0,117.0,1.0,0,0.973
204,4,304.0,355.0,298.0,188.0,1.0,3,0.248
205,1,708.0,431.0,25.0,95.0,1.0,0,1.0
205,2,308.0,372.0,248.0,156.0,1.0,3,0.645
205,3,708.0,342.0,223.0,117.0,1.0,0,0.973
205,4,300.0,355.0,298.0,188.0,1.0,3,0.248
206,1,711.0,431.0,25.0,95.0,1.0,0,1.0
206,2,304.0,372.0,248.0,156.0,1.0,3,0.645
206,3,711.0,342.0,223.0,117.0,1.0,0,0.973
206,4,297.0,356.0,298.0,188.0,1.0,3,0.244
207,1,715.0,431.0,25.0,95.0,1.0,0,1.0
207,2,301.0,372.0,248.0,156.0,1.0,3,0.645
207,3,714.0,342.0,223.0,117.0,1.0,0,0.973
207,4,294.0,356.0,298.0,188.0,1.0,3,0.244
208,1,718.0,431.0,25.0,95.0,1.0,0,1.0
208,2,298.0,373.0,248.0,156.0,1.0,3,0.645
208,3,717.0,342.0,223.0,117.0,1.0,0,0.973
208,4,291.0,356.0,298.0,188.0,1.0,3,0.244
209,1,722.0,431.0,25.0,95.0,1.0,0,1.0
209,2,294.0,373.0,248.0,156.0,1.0,3,0.645
209,3,720.0,342.0,223.0,117.0,1.0,0,0.973
209,4,288.0,356.0,300.0,189.0,1.0,3,0.248
210,1,725.0,431.0,25.0,95.0,1.0,0,1.0
210,2,291.0,373.0,249.0,157.0,1.0,3,0.647
210,3,723.0,342.0,223.0,117.0,1.0,0,0.973
210,4,285.0,357.0,300.0,189.0,1.0,3,0.238
211,1,728.0,431.0,25.0,95.0,1.0,0,1.0
211,2,288.0,373.0,249.0,157.0,1.0,3,0.647
211,3,726.0,342.0,223.0,117.0,1.0,0,0.973
211,4,282.0,357.0,300.0,189.0,1.0,3,0.238
212,1,732.0,431.0,25.0,95.0,1.0,0,1.0
212,2,285.0,373.0,249.0,157.0,1.0,3,0.647
212,3,729.0,342.0,223.0,117.0,1.0,0,0.973
212,4,278.0,357.0,300.0,189.0,1.0,3,0.238
213,1,735.0,431.0,25.0,95.0,1.0,0,1.0
213,2,281.0,373.0,249.0,157.0,1.0,3,0.647
213,3,732.0,342.0,223.0,117.0,1.0,0,0.973
213,4,275.0,357.0,300.0,189.0,1.0,3,0.238
214,1,738.0,432.0,25.0,95.0,1.0,0,1.0
214,2,278.0,373.0,249.0,157.0,1.0,3,0.647
214,3,735.0,342.0,223.0,117.0,1.0,0,0.974
214,4,272.0,358.0,300.0,189.0,1.0,3,0.235
215,1,742.0,432.0,25.0,95.0,1.0,0,1.0
215,2,275.0,373.0,249.0,157.0,1.0,3,0.647
215,3,738.0,342.0,223.0,117.0,1.0,0,0.97
215,4,269.0,358.0,300.0,189.0,1.0,3,0.235
216,1,745.0,432.0,25.0,95.0,1.0,0,1.0
216,2,271.0,373.0,249.0,157.0,1.0,3,0.663
216,3,741.0,341.0,223.0,117.0,1.0,0,0.957
216,4,266.0,358.0,300.0,189.0,1.0,3,0.224
217,1,749.0,432.0,25.0,95.0,1.0,0,1.0
217,2,268.0,373.0,249.0,157.0,1.0,3,0.675
217,3,744.0,341.0,223.0,117.0,1.0,0,0.944
217,4,263.0,358.0,300.0,189.0,1.0,3,0.215
218,1,752.0,432.0,25.0,95.0,1.0,0,1.0
218,2,265.0,374.0,249.0,157.0,1.0,3,0.687
218,3,747.0,341.0,223.0,117.0,1.0,0,0.93
218,4,260.0,359.0,300.0,189.0,1.0,3,0.203
219,1,755.0,432.0,25.0,95.0,1.0,0,1.0
219,2,261.0,374.0,249.0,157.0,1.0,3,0.703
219,3,750.0,341.0,223.0,117.0,1.0,0,0.917
219,4,256.0,359.0,300.0,189.0,1.0,3,0.192
220,1,759.0,432.0,25.0,95.0,1.0,0,1.0
220,2,258.0,374.0,249.0,157.0,1.0,3,0.715
220,3,753.0,341.0,225.0,118.0,1.0,0,0.895
220,4,253.0,359.0,300.0,189.0,1.0,3,0.184
221,1,762.0,432.0,25.0,95.0,1.0,0,1.0
221,2,255.0,374.0,249.0,157.0,1.0,3,0.727
221,3,756.0,341.0,225.0,118.0,1.0,0,0.881
221,4,250.0,359.0,300.0,189.0,1.0,3,0.176
222,1,765.0,432.0,25.0,95.0,1.0,0,1.0
222,2,251.0,374.0,249.0,157.0,1.0,3,0.743
222,3,759.0,341.0,225.0,118.0,1.0,0,0.868
222,4,247.0,360.0,302.0,190.0,1.0,3,0.165
223,1,769.0,432.0,25.0,95.0,1.0,0,1.0
223,2,248.0,374.0,249.0,157.0,1.0,3,0.755
223,3,762.0,341.0,225.0,118.0,1.0,0,0.855
223,4,244.0,360.0,302.0,190.0,1.0,3,0.157
224,1,772.0,432.0,25.0,95.0,1.0,0,1.0
224,2,245.0,374.0,249.0,157.0,1.0,3,0.767
224,3,765.0,341.0,225.0,118.0,1.0,0,0.841
224,4,241.0,360.0,302.0,190.0,1.0,3,0.149
225,1,776.0,432.0,25.0,95.0,1.0,0,1.0
225,2,241.0,374.0,249.0,157.0,1.0,3,0.783
225,3,768.0,341.0,225.0,118.0,1.0,0,0.828
225,4,238.0,360.0,302.0,190.0,1.0,3,0.138
226,1,779.0,432.0,25.0,95.0,1.0,0,1.0
226,2,238.0,374.0,249.0,157.0,1.0,3,0.795
226,3,771.0,341.0,225.0,118.0,1.0,0,0.815
226,4,234.0,361.0,302.0,190.0,1.0,3,0.126
227,1,782.0,433.0,25.0,95.0,1.0,0,1.0
227,2,235.0,374.0,249.0,157.0,1.0,3,0.807
227,3,774.0,341.0,225.0,118.0,1.0,0,0.802
227,4,231.0,361.0,302.0,190.0,1.0,3,0.118
228,1,786.0,433.0,25.0,95.0,1.0,0,1.0
228,2,231.0,374.0,249.0,157.0,1.0,3,0.823
228,3,777.0,341.0,225.0,118.0,1.0,0,0.789
228,4,228.0,361.0,302.0,190.0,1.0,3,0.107
229,1,789.0,433.0,25.0,95.0,1.0,0,1.0
229,2,228.0,375.0,249.0,157.0,1.0,3,0.835
229,3,780.0,341.0,225.0,118.0,1.0,0,0.776
229,4,225.0,361.0,302.0,190.0,1.0,3,0.098
230,1,792.0,433.0,25.0,94.0,1.0,0,1.0
230,2,225.0,375.0,249.0,157.0,1.0,3,0.847
230,3,783.0,341.0,225.0,118.0,1.0,0,0.762
230,4,222.0,362.0,302.0,190.0,1.0,3,0.087
231,1,796.0,433.0,25.0,94.0,1.0,0,1.0
231,2,221.0,375.0,249.0,157.0,1.0,3,0.863
231,3,786.0,340.0,225.0,118.0,1.0,0,0.75
231,4,219.0,362.0,302.0,190.0,1.0,3,0.085
232,1,799.0,433.0,25.0,94.0,1.0,0,1.0
232,2,218.0,375.0,249.0,157.0,1.0,3,0.876
232,3,789.0,340.0,225.0,118.0,1.0,0,0.736
232,4,216.0,362.0,302.0,190.0,1.0,3,0.086
233,1,803.0,433.0,25.0,94.0,1.0,0,1.0
233,2,215.0,375.0,251.0,158.0,1.0,3,0.88
233,3,792.0,340.0,225.0,118.0,1.0,0,0.723
233,4,212.0,362.0,302.0,190.0,1.0,3,0.086
234,1,806.0,433.0,25.0,94.0,1.0,0,1.0
234,2,211.0,375.0,251.0,158.0,1.0,3,0.896
234,3,796.0,340.0,225.0,118.0,1.0,0,0.705
234,4,209.0,362.0,302.0,190.0,1.0,3,0.085
235,1,809.0,433.0,25.0,94.0,1.0,0,1.0
235,2,208.0,375.0,251.0,158.0,1.0,3,0.908
235,3,799.0,340.0,225.0,118.0,1.0,0,0.692
235,4,206.0,363.0,302.0,190.0,1.0,3,0.082
236,1,813.0,433.0,25.0,94.0,1.0,0,1.0
236,2,205.0,375.0,251.0,158.0,1.0,3,0.92
236,3,802.0,340.0,227.0,119.0,1.0,0,0.672
236,4,203.0,363.0,303.0,191.0,1.0,3,0.082
237,1,816.0,433.0,25.0,94.0,1.0,0,1.0
237,2,202.0,375.0,251.0,158.0,1.0,3,0.932
237,3,805.0,340.0,227.0,119.0,1.0,0,0.659
237,4,200.0,363.0,303.0,191.0,1.0,3,0.083
238,1,819.0,433.0,25.0,94.0,1.0,0,1.0
238,2,198.0,375.0,251.0,158.0,1.0,3,0.948
238,3,808.0,340.0,227.0,119.0,1.0,0,0.646
238,4,197.0,363.0,303.0,191.0,1.0,3,0.081
239,1,823.0,433.0,25.0,94.0,1.0,0,1.0
239,2,195.0,376.0,251.0,158.0,1.0,3,0.96
239,3,811.0,340.0,227.0,119.0,1.0,0,0.632
239,4,193.0,364.0,303.0,191.0,1.0,3,0.081
240,1,826.0,434.0,25.0,94.0,1.0,0,1.0
240,2,192.0,376.0,251.0,158.0,1.0,3,0.972
240,3,814.0,340.0,227.0,119.0,1.0,0,0.62
240,4,190.0,364.0,303.0,191.0,1.0,3,0.082
241,1,830.0,434.0,25.0,94.0,1.0,0,1.0
241,2,188.0,376.0,251.0,158.0,1.0,3,0.988
241,3,817.0,340.0,227.0,119.0,1.0,0,0.607
241,4,187.0,364.0,303.0,191.0,1.0,3,0.08
242,1,833.0,434.0,25.0,94.0,1.0,0,1.0
242,2,185.0,376.0,251.0,158.0,1.0,3,1.0
242,3,820.0,340.0,227.0,119.0,1.0,0,0.594
242,4,184.0,364.0,303.0,191.0,1.0,3,0.081
243,1,836.0,434.0,25.0,94.0,1.0,0,1.0
243,2,182.0,376.0,251.0,158.0,1.0,3,1.0
243,3,823.0,340.0,227.0,119.0,1.0,0,0.58
243,4,181.0,365.0,303.0,191.0,1.0,3,0.086
244,1,840.0,434.0,25.0,94.0,1.0,0,1.0
244,2,178.0,376.0,251.0,158.0,1.0,3,1.0
244,3,826.0,340.0,227.0,119.0,1.0,0,0.567
244,4,178.0,365.0,303.0,191.0,1.0,3,0.095
245,1,843.0,434.0,25.0,94.0,1.0,0,1.0
245,2,175.0,376.0,251.0,158.0,1.0,3,1.0
245,3,829.0,340.0,227.0,119.0,1.0,0,0.554
245,4,175.0,365.0,303.0,191.0,1.0,3,0.104
246,1,846.0,434.0,25.0,94.0,1.0,0,1.0
246,2,172.0,376.0,251.0,158.0,1.0,3,1.0
246,3,832.0,340.0,227.0,119.0,1.0,0,0.541
246,4,171.0,365.0,303.0,191.0,1.0,3,0.116
247,1,850.0,434.0,25.0,94.0,1.0,0,1.0
247,2,168.0,376.0,251.0,158.0,1.0,3,1.0
247,3,835.0,339.0,227.0,119.0,1.0,0,0.528
247,4,168.0,366.0,303.0,191.0,1.0,3,0.121
248,1,853.0,434.0,25.0,94.0,1.0,0,1.0
248,2,165.0,376.0,251.0,158.0,1.0,3,1.0
248,3,838.0,339.0,227.0,119.0,1.0,0,0.515
248,4,165.0,366.0,303.0,191.0,1.0,3,0.13
249,1,857.0,434.0,25.0,94.0,1.0,0,1.0
249,2,162.0,376.0,251.0,158.0,1.0,3,1.0
249,3,841.0,339.0,227.0,119.0,1.0,0,0.502
249,4,162.0,366.0,305.0,192.0,1.0,3,0.137
250,1,860.0,434.0,25.0,94.0,1.0,0,1.0
250,2,158.0,377.0,251.0,158.0,1.0,3,1.0
250,3,844.0,339.0,227.0,119.0,1.0,0,0.489
250,4,159.0,366.0,305.0,192.0,1.0,3,0.149
251,1,863.0,434.0,25.0,94.0,1.0,0,1.0
251,2,155.0,377.0,251.0,158.0,1.0,3,1.0
251,3,847.0,339.0,229.0,120.0,1.0,0,0.471
251,4,156.0,367.0,305.0,192.0,1.0,3,0.153
252,1,867.0,435.0,25.0,94.0,1.0,0,1.0
252,2,152.0,377.0,251.0,158.0,1.0,3,1.0
252,3,850.0,339.0,229.0,120.0,1.0,0,0.459
252,4,153.0,367.0,305.0,192.0,1.0,3,0.162
253,1,870.0,435.0,25.0,94.0,1.0,0,1.0
253,2,148.0,377.0,251.0,158.0,1.0,3,1.0
253,3,853.0,339.0,229.0,120.0,1.0,0,0.445
253,4,149.0,367.0,305.0,192.0,1.0,3,0.173
254,1,873.0,435.0,25.0,94.0,1.0,0,1.0
254,2,145.0,377.0,251.0,158.0,1.0,3,1.0
254,3,856.0,339.0,229.0,120.0,1.0,0,0.432
254,4,146.0,367.0,305.0,192.0,1.0,3,0.182
255,1,877.0,435.0,25.0,94.0,1.0,0,1.0
255,2,142.0,377.0,251.0,158.0,1.0,3,1.0
255,3,859.0,339.0,229.0,120.0,1.0,0,0.419
255,4,143.0,368.0,305.0,192.0,1.0,3,0.186
256,1,880.0,435.0,25.0,94.0,1.0,0,1.0
256,2,138.0,377.0,252.0,159.0,1.0,3,1.0
256,3,862.0,339.0,229.0,120.0,1.0,0,0.406
256,4,140.0,368.0,305.0,192.0,1.0,3,0.191
257,1,884.0,435.0,25.0,94.0,1.0,0,1.0
257,2,135.0,377.0,252.0,159.0,1.0,3,1.0
257,3,865.0,339.0,229.0,120.0,1.0,0,0.393
257,4,137.0,368.0,305.0,192.0,1.0,3,0.199
258,1,887.0,435.0,25.0,94.0,1.0,0,1.0
258,2,132.0,377.0,252.0,159.0,1.0,3,1.0
258,3,868.0,339.0,229.0,120.0,1.0,0,0.38
258,4,134.0,368.0,305.0,192.0,1.0,3,0.208
259,1,890.0,435.0,25.0,94.0,1.0,0,1.0
259,2,128.0,377.0,252.0,159.0,1.0,3,1.0
259,3,871.0,339.0,229.0,120.0,1.0,0,0.367
259,4,131.0,369.0,305.0,192.0,1.0,3,0.215
260,1,894.0,435.0,25.0,94.0,1.0,0,1.0
260,2,125.0,378.0,252.0,159.0,1.0,3,1.0
260,3,874.0,339.0,229.0,120.0,1.0,0,0.354
260,4,127.0,369.0,305.0,192.0,1.0,3,0.212
261,1,897.0,435.0,25.0,94.0,1.0,0,1.0
261,2,122.0,378.0,252.0,159.0,1.0,3,1.0
261,3,877.0,339.0,229.0,120.0,1.0,0,0.341
261,4,124.0,369.0,305.0,192.0,1.0,3,0.212
262,1,900.0,435.0,25.0,94.0,1.0,0,1.0
262,2,119.0,378.0,252.0,159.0,1.0,3,1.0
262,3,880.0,339.0,229.0,120.0,1.0,0,0.328
262,4,121.0,369.0,306.0,193.0,1.0,3,0.213
263,1,904.0,435.0,25.0,94.0,1.0,0,1.0
263,2,115.0,378.0,252.0,159.0,1.0,3,1.0
263,3,883.0,338.0,229.0,120.0,1.0,0,0.315
263,4,118.0,370.0,306.0,193.0,1.0,3,0.21
264,1,907.0,435.0,25.0,94.0,1.0,0,1.0
264,2,112.0,378.0,252.0,159.0,1.0,3,1.0
264,3,886.0,338.0,229.0,120.0,1.0,0,0.302
264,4,115.0,370.0,306.0,193.0,1.0,3,0.21
265,1,911.0,436.0,25.0,94.0,1.0,0,1.0
265,2,109.0,378.0,252.0,159.0,1.0,3,1.0
265,3,889.0,338.0,229.0,120.0,1.0,0,0.29
265,4,112.0,370.0,306.0,193.0,1.0,3,0.21
266,1,914.0,436.0,25.0,94.0,1.0,0,1.0
266,2,105.0,378.0,252.0,159.0,1.0,3,1.0
266,3,892.0,338.0,229.0,120.0,1.0,0,0.277
266,4,109.0,370.0,306.0,193.0,1.0,3,0.213
267,1,917.0,436.0,25.0,93.0,1.0,0,1.0
267,2,102.0,378.0,252.0,159.0,1.0,3,1.0
267,3,895.0,338.0,231.0,121.0,1.0,0,0.261
267,4,105.0,371.0,306.0,193.0,1.0,3,0.205
268,1,921.0,436.0,25.0,93.0,1.0,0,1.0
268,2,99.0,378.0,252.0,159.0,1.0,3,1.0
268,3,898.0,338.0,231.0,121.0,1.0,0,0.248
268,4,102.0,371.0,306.0,193.0,1.0,3,0.205
269,1,924.0,436.0,25.0,93.0,1.0,0,1.0
269,2,95.0,378.0,252.0,159.0,1.0,3,1.0
269,3,901.0,338.0,231.0,121.0,1.0,0,0.235
269,4,99.0,371.0,306.0,193.0,1.0,3,0.208
270,1,927.0,436.0,25.0,93.0,1.0,0,1.0
270,2,92.0,378.0,252.0,159.0,1.0,3,1.0
270,3,904.0,338.0,231.0,121.0,1.0,0,0.222
270,4,96.0,371.0,306.0,193.0,1.0,3,0.208
271,1,931.0,436.0,25.0,93.0,1.0,0,1.0
271,2,89.0,379.0,252.0,159.0,1.0,3,1.0
271,3,907.0,338.0,231.0,121.0,1.0,0,0.209
271,4,93.0,372.0,306.0,193.0,1.0,3,0.203
272,1,934.0,436.0,25.0,93.0,1.0,0,1.0
272,2,85.0,379.0,252.0,159.0,1.0,3,1.0
272,3,910.0,338.0,231.0,121.0,1.0,0,0.196
272,4,90.0,372.0,306.0,193.0,1.0,3,0.205
273,1,938.0,436.0,25.0,93.0,1.0,0,0.88
273,2,82.0,379.0,252.0,159.0,1.0,3,1.0
273,3,913.0,338.0,231.0,121.0,1.0,0,0.185
273,4,87.0,372.0,306.0,193.0,1.0,3,0.205
274,1,941.0,436.0,25.0,93.0,1.0,0,0.76
274,2,79.0,379.0,252.0,159.0,1.0,3,1.0
274,3,916.0,338.0,231.0,121.0,1.0,0,0.175
274,4,83.0,372.0,306.0,193.0,1.0,3,0.203
275,1,944.0,436.0,25.0,93.0,1.0,0,0.64
275,2,75.0,379.0,252.0,159.0,1.0,3,1.0
275,3,919.0,338.0,231.0,121.0,1.0,0,0.164
275,4,80.0,373.0,306.0,193.0,1.0,3,0.2
276,1,948.0,436.0,25.0,93.0,1.0,0,0.48
276,2,72.0,379.0,252.0,159.0,1.0,3,1.0
276,3,922.0,338.0,231.0,121.0,1.0,0,0.155
276,4,77.0,373.0,308.0,194.0,1.0,3,0.204
277,1,951.0,436.0,25.0,93.0,1.0,0,0.36
277,2,69.0,379.0,252.0,159.0,1.0,3,1.0
277,3,925.0,338.0,231.0,121.0,1.0,0,0.144
277,4,74.0,373.0,308.0,194.0,1.0,3,0.204
278,1,954.0,437.0,25.0,93.0,1.0,0,0.24
278,2,65.0,379.0,252.0,159.0,1.0,3,1.0
278,3,928.0,338.0,231.0,121.0,1.0,0,0.134
278,4,71.0,373.0,308.0,194.0,1.0,3,0.206
279,1,958.0,437.0,25.0,93.0,1.0,0,0.08
279,2,62.0,379.0,254.0,160.0,1.0,3,1.0
279,3,932.0,337.0,231.0,121.0,1.0,0,0.12
279,4,68.0,374.0,308.0,194.0,1.0,3,0.192
280,2,59.0,379.0,254.0,160.0,1.0,3,1.0
280,3,935.0,337.0,231.0,121.0,1.0,0,0.108
280,4,65.0,374.0,308.0,194.0,1.0,3,0.192
281,2,55.0,380.0,254.0,160.0,1.0,3,1.0
281,3,938.0,337.0,231.0,121.0,1.0,0,0.095
281,4,61.0,374.0,308.0,194.0,1.0,3,0.192
282,2,52.0,380.0,254.0,160.0,1.0,3,1.0
282,3,941.0,337.0,231.0,121.0,1.0,0,0.082
282,4,58.0,374.0,308.0,194.0,1.0,3,0.192
283,2,49.0,380.0,254.0,160.0,1.0,3,1.0
283,3,944.0,337.0,233.0,122.0,1.0,0,0.069
283,4,55.0,375.0,308.0,194.0,1.0,3,0.186
284,2,45.0,380.0,254.0,160.0,1.0,3,1.0
284,3,947.0,337.0,233.0,122.0,1.0,0,0.056
284,4,52.0,375.0,308.0,194.0,1.0,3,0.189
285,2,42.0,380.0,254.0,160.0,1.0,3,1.0
285,3,950.0,337.0,233.0,122.0,1.0,0,0.043
285,4,49.0,375.0,308.0,194.0,1.0,3,0.189
286,2,39.0,380.0,254.0,160.0,1.0,3,1.0
286,3,953.0,337.0,233.0,122.0,1.0,0,0.03
286,4,46.0,375.0,308.0,194.0,1.0,3,0.189
287,2,35.0,380.0,254.0,160.0,1.0,3,1.0
287,3,956.0,337.0,233.0,122.0,1.0,0,0.017
287,4,43.0,376.0,308.0,194.0,1.0,3,0.187
288,2,32.0,380.0,254.0,160.0,1.0,3,1.0
288,3,959.0,337.0,233.0,122.0,1.0,0,0.004
288,4,39.0,376.0,308.0,194.0,1.0,3,0.184
289,2,29.0,380.0,254.0,160.0,1.0,3,1.0
289,4,36.0,376.0,309.0,195.0,1.0,3,0.185
290,2,26.0,380.0,254.0,160.0,1.0,3,1.0
290,4,33.0,376.0,309.0,195.0,1.0,3,0.185
291,2,22.0,380.0,254.0,160.0,1.0,3,1.0
291,4,30.0,377.0,309.0,195.0,1.0,3,0.183
292,2,19.0,381.0,254.0,160.0,1.0,3,0.994
292,4,27.0,377.0,309.0,195.0,1.0,3,0.187
293,2,16.0,381.0,254.0,160.0,1.0,3,0.994
293,4,24.0,377.0,309.0,195.0,1.0,3,0.187
294,2,12.0,381.0,254.0,160.0,1.0,3,0.994
294,4,21.0,377.0,309.0,195.0,1.0,3,0.189
295,2,9.0,381.0,254.0,160.0,1.0,3,0.994
295,4,17.0,378.0,309.0,195.0,1.0,3,0.182
296,2,6.0,381.0,254.0,160.0,1.0,3,0.994
296,4,14.0,378.0,309.0,195.0,1.0,3,0.182
297,2,2.0,381.0,254.0,160.0,1.0,3,0.994
297,4,11.0,378.0,309.0,195.0,1.0,3,0.184
298,2,-1.0,381.0,254.0,160.0,1.0,3,0.99
298,4,8.0,378.0,309.0,195.0,1.0,3,0.184
299,2,-4.0,381.0,254.0,160.0,1.0,3,0.978
299,4,5.0,379.0,309.0,195.0,1.0,3,0.179
300,2,-8.0,381.0,254.0,160.0,1.0,3,0.962
300,4,2.0,379.0,309.0,195.0,1.0,3,0.182
301,2,-11.0,381.0,254.0,160.0,1.0,3,0.951
301,4,-2.0,379.0,309.0,195.0,1.0,3,0.179
302,2,-14.0,382.0,256.0,161.0,1.0,3,0.928
302,4,-5.0,379.0,311.0,196.0,1.0,3,0.181
303,2,-18.0,382.0,256.0,161.0,1.0,3,0.912
303,4,-8.0,380.0,311.0,196.0,1.0,3,0.178
304,2,-21.0,382.0,256.0,161.0,1.0,3,0.901
304,4,-11.0,380.0,311.0,196.0,1.0,3,0.178
305,2,-24.0,382.0,256.0,161.0,1.0,3,0.889
305,4,-14.0,380.0,311.0,196.0,1.0,3,0.178
306,2,-28.0,382.0,256.0,161.0,1.0,3,0.874
306,4,-17.0,380.0,311.0,196.0,1.0,3,0.181
307,2,-31.0,382.0,256.0,161.0,1.0,3,0.863
307,4,-20.0,381.0,311.0,196.0,1.0,3,0.176
308,2,-34.0,382.0,256.0,161.0,1.0,3,0.851
308,4,-24.0,381.0,311.0,196.0,1.0,3,0.173
309,2,-38.0,382.0,256.0,161.0,1.0,3,0.836
309,4,-27.0,381.0,311.0,196.0,1.0,3,0.176
310,2,-41.0,382.0,256.0,161.0,1.0,3,0.824
310,4,-30.0,381.0,311.0,196.0,1.0,3,0.176
311,2,-44.0,382.0,256.0,161.0,1.0,3,0.813
311,4,-33.0,382.0,311.0,196.0,1.0,3,0.171
312,2,-48.0,383.0,256.0,161.0,1.0,3,0.792
312,4,-36.0,382.0,311.0,196.0,1.0,3,0.177
313,2,-51.0,383.0,256.0,161.0,1.0,3,0.781
313,4,-39.0,382.0,311.0,196.0,1.0,3,0.177
314,2,-54.0,383.0,256.0,161.0,1.0,3,0.769
314,4,-42.0,382.0,311.0,196.0,1.0,3,0.177
315,2,-57.0,383.0,256.0,161.0,1.0,3,0.758
315,4,-46.0,383.0,311.0,196.0,1.0,3,0.17
316,2,-61.0,383.0,256.0,161.0,1.0,3,0.743
316,4,-49.0,383.0,313.0,197.0,1.0,3,0.176
317,2,-64.0,383.0,256.0,161.0,1.0,3,0.0
317,4,-52.0,383.0,313.0,197.0,1.0,3,0.665
318,2,-67.0,383.0,256.0,161.0,1.0,3,0.0
318,4,-55.0,383.0,313.0,197.0,1.0,3,0.657
319,2,-71.0,383.0,256.0,161.0,1.0,3,0.004
319,4,-58.0,384.0,313.0,197.0,1.0,3,0.645
320,2,-74.0,383.0,256.0,161.0,1.0,3,0.004
320,4,-61.0,384.0,313.0,197.0,1.0,3,0.638
321,2,-77.0,383.0,256.0,161.0,1.0,3,0.004
321,4,-64.0,384.0,313.0,197.0,1.0,3,0.63
322,2,-81.0,383.0,256.0,161.0,1.0,3,0.004
322,4,-68.0,384.0,313.0,197.0,1.0,3,0.62
323,2,-84.0,384.0,256.0,161.0,1.0,3,0.004
323,4,-71.0,385.0,313.0,197.0,1.0,3,0.608
324,2,-87.0,384.0,256.0,161.0,1.0,3,0.004
324,4,-74.0,385.0,313.0,197.0,1.0,3,0.601
325,2,-91.0,384.0,257.0,162.0,1.0,3,0.004
325,4,-77.0,385.0,313.0,197.0,1.0,3,0.593
326,2,-94.0,384.0,257.0,162.0,1.0,3,0.004
326,4,-80.0,385.0,313.0,197.0,1.0,3,0.586
327,2,-97.0,384.0,257.0,162.0,1.0,3,0.008
327,4,-83.0,386.0,313.0,197.0,1.0,3,0.574
328,2,-101.0,384.0,257.0,162.0,1.0,3,0.007
328,4,-86.0,386.0,313.0,197.0,1.0,3,0.567
329,2,-104.0,384.0,257.0,162.0,1.0,3,0.007
329,4,-90.0,386.0,314.0,198.0,1.0,3,0.555
330,2,-107.0,384.0,257.0,162.0,1.0,3,0.007
330,4,-93.0,386.0,314.0,198.0,1.0,3,0.547
331,2,-111.0,384.0,257.0,162.0,1.0,3,0.011
331,4,-96.0,387.0,314.0,198.0,1.0,3,0.536
332,2,-114.0,384.0,257.0,162.0,1.0,3,0.01
332,4,-99.0,387.0,314.0,198.0,1.0,3,0.529
333,2,-117.0,385.0,257.0,162.0,1.0,3,0.007
333,4,-102.0,387.0,314.0,198.0,1.0,3,0.522
334,2,-121.0,385.0,257.0,162.0,1.0,3,0.007
334,4,-105.0,387.0,314.0,198.0,1.0,3,0.514
335,2,-124.0,385.0,257.0,162.0,1.0,3,0.01
335,4,-108.0,388.0,314.0,198.0,1.0,3,0.504
336,2,-127.0,385.0,257.0,162.0,1.0,3,0.009
336,4,-112.0,388.0,314.0,198.0,1.0,3,0.494
337,2,-131.0,385.0,257.0,162.0,1.0,3,0.009
337,4,-115.0,388.0,314.0,198.0,1.0,3,0.487
338,2,-134.0,385.0,257.0,162.0,1.0,3,0.009
338,4,-118.0,388.0,314.0,198.0,1.0,3,0.479
339,2,-137.0,385.0,257.0,162.0,1.0,3,0.012
339,4,-121.0,389.0,314.0,198.0,1.0,3,0.469
340,2,-140.0,385.0,257.0,162.0,1.0,3,0.011
340,4,-124.0,389.0,314.0,198.0,1.0,3,0.461
341,1,-21.0,441.0,24.0,91.0,1.0,0,0.125
341,2,-144.0,385.0,257.0,162.0,1.0,3,0.011
341,4,-127.0,389.0,314.0,198.0,1.0,3,0.45
342,1,-18.0,442.0,24.0,91.0,1.0,0,0.25
342,2,-147.0,385.0,257.0,162.0,1.0,3,0.011
342,4,-130.0,389.0,316.0,199.0,1.0,3,0.438
343,1,-14.0,442.0,24.0,91.0,1.0,0,0.417
343,2,-150.0,385.0,257.0,162.0,1.0,3,0.013
343,4,-134.0,390.0,316.0,199.0,1.0,3,0.42
344,1,-11.0,442.0,24.0,91.0,1.0,0,0.542
344,2,-154.0,386.0,257.0,162.0,1.0,3,0.01
344,4,-137.0,390.0,316.0,199.0,1.0,3,0.408
345,1,-8.0,442.0,24.0,91.0,1.0,0,0.667
345,2,-157.0,386.0,257.0,162.0,1.0,3,0.01
345,4,-140.0,390.0,316.0,199.0,1.0,3,0.397
346,1,-4.0,442.0,24.0,91.0,1.0,0,0.833
346,2,-160.0,386.0,257.0,162.0,1.0,3,0.009
346,4,-143.0,390.0,316.0,199.0,1.0,3,0.384
347,1,-1.0,442.0,24.0,91.0,1.0,0,0.958
347,2,-164.0,386.0,257.0,162.0,1.0,3,0.011
347,4,-146.0,391.0,316.0,199.0,1.0,3,0.37
348,1,2.0,442.0,24.0,91.0,1.0,0,1.0
348,2,-167.0,386.0,257.0,162.0,1.0,3,0.011
348,4,-149.0,391.0,316.0,199.0,1.0,3,0.361
349,1,6.0,442.0,24.0,91.0,1.0,0,1.0
349,2,-170.0,386.0,259.0,163.0,1.0,3,0.011
349,4,-152.0,391.0,316.0,199.0,1.0,3,0.354
350,1,9.0,442.0,24.0,91.0,1.0,0,1.0
350,2,-174.0,386.0,259.0,163.0,1.0,3,0.01
350,4,-156.0,391.0,316.0,199.0,1.0,3,0.344
351,1,13.0,442.0,24.0,91.0,1.0,0,1.0
351,2,-177.0,386.0,259.0,163.0,1.0,3,0.012
351,4,-159.0,392.0,316.0,199.0,1.0,3,0.335
352,1,16.0,442.0,24.0,91.0,1.0,0,1.0
352,2,-180.0,386.0,259.0,163.0,1.0,3,0.011
352,4,-162.0,392.0,316.0,199.0,1.0,3,0.328
353,1,19.0,442.0,24.0,91.0,1.0,0,1.0
353,2,-184.0,386.0,259.0,163.0,1.0,3,0.011
353,4,-165.0,392.0,316.0,199.0,1.0,3,0.321
354,1,23.0,442.0,24.0,91.0,1.0,0,1.0
354,2,-187.0,387.0,259.0,163.0,1.0,3,0.009
354,4,-168.0,392.0,316.0,199.0,1.0,3,0.314
355,1,26.0,443.0,24.0,91.0,1.0,0,1.0
355,2,-190.0,387.0,259.0,163.0,1.0,3,0.01
355,3,-239.0,333.0,240.0,126.0,1.0,0,0.002
355,4,-171.0,393.0,316.0,199.0,1.0,3,0.304
356,1,29.0,443.0,24.0,91.0,1.0,0,1.0
356,2,-194.0,387.0,259.0,163.0,1.0,3,0.009
356,3,-236.0,333.0,240.0,126.0,1.0,0,0.007
356,4,-174.0,393.0,317.0,200.0,1.0,3,0.297
357,1,33.0,443.0,24.0,91.0,1.0,0,1.0
357,2,-197.0,387.0,259.0,163.0,1.0,3,0.009
357,3,-233.0,332.0,240.0,126.0,1.0,0,0.013
357,4,-178.0,393.0,317.0,200.0,1.0,3,0.288
358,1,36.0,443.0,24.0,91.0,1.0,0,1.0
358,2,-200.0,387.0,259.0,163.0,1.0,3,0.008
358,3,-230.0,332.0,240.0,126.0,1.0,0,0.018
358,4,-181.0,393.0,317.0,200.0,1.0,3,0.281
359,1,40.0,443.0,24.0,91.0,1.0,0,1.0
359,2,-204.0,387.0,259.0,163.0,1.0,3,0.008
359,3,-227.0,332.0,240.0,126.0,1.0,0,0.024
359,4,-184.0,393.0,317.0,200.0,1.0,3,0.274
360,1,43.0,443.0,24.0,91.0,1.0,0,1.0
360,2,-207.0,387.0,259.0,163.0,1.0,3,0.009
360,3,-224.0,332.0,240.0,126.0,1.0,0,0.029
360,4,-187.0,394.0,317.0,200.0,1.0,3,0.265
361,1,46.0,443.0,24.0,91.0,1.0,0,1.0
361,2,-210.0,387.0,259.0,163.0,1.0,3,0.008
361,3,-221.0,332.0,240.0,126.0,1.0,0,0.035
361,4,-190.0,394.0,317.0,200.0,1.0,3,0.258
362,1,50.0,443.0,24.0,91.0,1.0,0,1.0
362,2,-214.0,387.0,259.0,163.0,1.0,3,0.007
362,3,-218.0,332.0,242.0,127.0,1.0,0,0.043
362,4,-193.0,394.0,317.0,200.0,1.0,3,0.251
363,1,53.0,443.0,24.0,91.0,1.0,0,1.0
363,2,-217.0,387.0,259.0,163.0,1.0,3,0.007
363,3,-215.0,332.0,242.0,127.0,1.0,0,0.048
363,4,-197.0,394.0,317.0,200.0,1.0,3,0.242
364,1,56.0,443.0,24.0,91.0,1.0,0,1.0
364,2,-220.0,387.0,259.0,163.0,1.0,3,0.007
364,3,-212.0,332.0,242.0,127.0,1.0,0,0.054
364,4,-200.0,395.0,317.0,200.0,1.0,3,0.233
365,1,60.0,443.0,24.0,91.0,1.0,0,1.0
365,2,-223.0,388.0,259.0,163.0,1.0,3,0.006
365,3,-208.0,332.0,242.0,127.0,1.0,0,0.062
365,4,-203.0,395.0,317.0,200.0,1.0,3,0.226
366,1,63.0,443.0,24.0,91.0,1.0,0,1.0
366,2,-227.0,388.0,259.0,163.0,1.0,3,0.005
366,3,-205.0,332.0,242.0,127.0,1.0,0,0.069
366,4,-206.0,395.0,317.0,200.0,1.0,3,0.219
367,1,67.0,444.0,24.0,91.0,1.0,0,1.0
367,2,-230.0,388.0,259.0,163.0,1.0,3,0.005
367,3,-202.0,332.0,242.0,127.0,1.0,0,0.075
367,4,-209.0,395.0,317.0,200.0,1.0,3,0.213
368,1,70.0,444.0,24.0,91.0,1.0,0,1.0
368,2,-233.0,388.0,259.0,163.0,1.0,3,0.005
368,3,-199.0,332.0,242.0,127.0,1.0,0,0.083
368,4,-212.0,396.0,317.0,200.0,1.0,3,0.204
369,1,73.0,444.0,24.0,91.0,1.0,0,1.0
369,2,-237.0,388.0,259.0,163.0,1.0,3,0.004
369,3,-196.0,332.0,242.0,127.0,1.0,0,0.09
369,4,-215.0,396.0,319.0,201.0,1.0,3,0.2
370,1,77.0,444.0,24.0,91.0,1.0,0,1.0
370,2,-240.0,388.0,259.0,163.0,1.0,3,0.004
370,3,-193.0,332.0,242.0,127.0,1.0,0,0.097
370,4,-219.0,396.0,319.0,201.0,1.0,3,0.192
371,1,80.0,444.0,24.0,91.0,1.0,0,1.0
371,2,-243.0,388.0,259.0,163.0,1.0,3,0.003
371,3,-190.0,332.0,242.0,127.0,1.0,0,0.104
371,4,-222.0,396.0,319.0,201.0,1.0,3,0.194
372,1,83.0,444.0,24.0,91.0,1.0,0,1.0
372,2,-247.0,388.0,260.0,164.0,1.0,3,0.003
372,3,-187.0,332.0,242.0,127.0,1.0,0,0.113
372,4,-225.0,397.0,319.0,201.0,1.0,3,0.194
373,1,87.0,444.0,24.0,91.0,1.0,0,1.0
373,2,-250.0,388.0,260.0,164.0,1.0,3,0.002
373,3,-184.0,331.0,242.0,127.0,1.0,0,0.122
373,4,-228.0,397.0,319.0,201.0,1.0,3,0.197
374,1,90.0,444.0,24.0,91.0,1.0,0,1.0
374,2,-253.0,388.0,260.0,164.0,1.0,3,0.001
374,3,-181.0,331.0,242.0,127.0,1.0,0,0.129
374,4,-231.0,397.0,319.0,201.0,1.0,3,0.196
375,1,94.0,444.0,24.0,91.0,1.0,0,1.0
375,2,-257.0,389.0,260.0,164.0,1.0,3,0.001
375,3,-178.0,331.0,242.0,127.0,1.0,0,0.137
375,4,-234.0,397.0,319.0,201.0,1.0,3,0.19
376,1,97.0,444.0,24.0,91.0,1.0,0,1.0
376,3,-175.0,331.0,242.0,127.0,1.0,0,0.146
376,4,-237.0,398.0,319.0,201.0,1.0,3,0.182
377,1,100.0,444.0,24.0,90.0,1.0,0,1.0
377,3,-172.0,331.0,242.0,127.0,1.0,0,0.153
377,4,-241.0,398.0,319.0,201.0,1.0,3,0.173
378,1,104.0,444.0,24.0,90.0,1.0,0,1.0
378,3,-169.0,331.0,244.0,128.0,1.0,0,0.161
378,4,-244.0,398.0,319.0,201.0,1.0,3,0.166
379,1,107.0,444.0,24.0,90.0,1.0,0,1.0
379,3,-166.0,331.0,244.0,128.0,1.0,0,0.179
379,4,-247.0,398.0,319.0,201.0,1.0,3,0.159
380,1,110.0,445.0,24.0,90.0,1.0,0,1.0
380,3,-163.0,331.0,244.0,128.0,1.0,0,0.199
380,4,-250.0,399.0,319.0,201.0,1.0,3,0.152
381,1,114.0,445.0,24.0,90.0,1.0,0,1.0
381,3,-160.0,331.0,244.0,128.0,1.0,0,0.217
381,4,-253.0,399.0,319.0,201.0,1.0,3,0.145
382,1,117.0,445.0,24.0,90.0,1.0,0,1.0
382,3,-157.0,331.0,244.0,128.0,1.0,0,0.232
382,4,-256.0,399.0,321.0,202.0,1.0,3,0.141
383,1,121.0,445.0,24.0,90.0,1.0,0,1.0
383,3,-154.0,331.0,244.0,128.0,1.0,0,0.25
383,4,-259.0,399.0,321.0,202.0,1.0,3,0.135
384,1,124.0,445.0,24.0,90.0,1.0,0,1.0
384,3,-151.0,331.0,244.0,128.0,1.0,0,0.272
384,4,-263.0,400.0,321.0,202.0,1.0,3,0.125
385,1,127.0,445.0,24.0,90.0,1.0,0,1.0
385,3,-148.0,331.0,244.0,128.0,1.0,0,0.29
385,4,-266.0,400.0,321.0,202.0,1.0,3,0.119
386,1,131.0,445.0,24.0,90.0,1.0,0,1.0
386,3,-145.0,331.0,244.0,128.0,1.0,0,0.308
386,4,-269.0,400.0,321.0,202.0,1.0,3,0.112
387,1,134.0,445.0,24.0,90.0,1.0,0,1.0
387,3,-142.0,331.0,244.0,128.0,1.0,0,0.325
387,4,-272.0,400.0,321.0,202.0,1.0,3,0.106
388,1,137.0,445.0,24.0,90.0,1.0,0,1.0
388,3,-139.0,331.0,244.0,128.0,1.0,0,0.345
388,4,-275.0,401.0,321.0,202.0,1.0,3,0.099
389,1,141.0,445.0,24.0,90.0,1.0,0,1.0
389,3,-136.0,330.0,244.0,128.0,1.0,0,0.364
389,4,-278.0,401.0,321.0,202.0,1.0,3,0.092
390,1,144.0,445.0,24.0,90.0,1.0,0,1.0
390,3,-133.0,330.0,244.0,128.0,1.0,0,0.382
390,4,-281.0,401.0,321.0,202.0,1.0,3,0.086
391,1,148.0,445.0,24.0,90.0,1.0,0,1.0
391,3,-130.0,330.0,244.0,128.0,1.0,0,0.402
391,4,-285.0,401.0,321.0,202.0,1.0,3,0.077
392,1,151.0,445.0,24.0,90.0,1.0,0,1.0
392,3,-127.0,330.0,244.0,128.0,1.0,0,0.42
392,4,-288.0,402.0,321.0,202.0,1.0,3,0.07
393,1,154.0,446.0,24.0,90.0,1.0,0,1.0
393,3,-124.0,330.0,244.0,128.0,1.0,0,0.438
393,4,-291.0,402.0,321.0,202.0,1.0,3,0.064
394,1,158.0,446.0,24.0,90.0,1.0,0,1.0
394,3,-121.0,330.0,246.0,129.0,1.0,0,0.46
394,4,-294.0,402.0,321.0,202.0,1.0,3,0.057
395,1,161.0,446.0,24.0,90.0,1.0,0,1.0
395,3,-118.0,330.0,246.0,129.0,1.0,0,0.477
395,4,-297.0,402.0,321.0,202.0,1.0,3,0.051
396,1,164.0,446.0,24.0,90.0,1.0,0,1.0
396,3,-115.0,330.0,246.0,129.0,1.0,0,0.494
396,4,-300.0,403.0,322.0,203.0,1.0,3,0.046
397,1,168.0,446.0,24.0,90.0,1.0,0,1.0
397,3,-112.0,330.0,246.0,129.0,1.0,0,0.511
397,4,-303.0,403.0,322.0,203.0,1.0,3,0.04
398,1,171.0,446.0,24.0,90.0,1.0,0,1.0
398,3,-109.0,330.0,246.0,129.0,1.0,0,0.53
398,4,-307.0,403.0,322.0,203.0,1.0,3,0.031
399,1,175.0,446.0,24.0,90.0,1.0,0,1.0
399,3,-106.0,330.0,246.0,129.0,1.0,0,0.548
399,4,-310.0,403.0,322.0,203.0,1.0,3,0.025
400,1,178.0,446.0,24.0,90.0,1.0,0,1.0
400,3,-103.0,330.0,246.0,129.0,1.0,0,0.566
400,4,-313.0,404.0,322.0,203.0,1.0,3,0.019
401,1,181.0,446.0,24.0,90.0,1.0,0,1.0
401,3,-100.0,330.0,246.0,129.0,1.0,0,0.583
401,4,-316.0,404.0,322.0,203.0,1.0,3,0.012
402,1,185.0,446.0,24.0,90.0,1.0,0,1.0
402,3,-97.0,330.0,246.0,129.0,1.0,0,0.6
402,4,-319.0,404.0,322.0,203.0,1.0,3,0.006
403,1,188.0,446.0,24.0,90.0,1.0,0,1.0
403,3,-94.0,330.0,246.0,129.0,1.0,0,0.618
404,1,191.0,446.0,24.0,90.0,1.0,0,1.0
404,3,-91.0,330.0,246.0,129.0,1.0,0,0.63
405,1,195.0,446.0,24.0,90.0,1.0,0,1.0
405,3,-88.0,329.0,246.0,129.0,1.0,0,0.642
406,1,198.0,447.0,24.0,90.0,1.0,0,1.0
406,3,-85.0,329.0,246.0,129.0,1.0,0,0.654
407,1,202.0,447.0,24.0,90.0,1.0,0,1.0
407,3,-82.0,329.0,246.0,129.0,1.0,0,0.667
408,1,205.0,447.0,24.0,90.0,1.0,0,1.0
408,3,-79.0,329.0,246.0,129.0,1.0,0,0.679
409,1,208.0,447.0,24.0,90.0,1.0,0,1.0
409,3,-76.0,329.0,248.0,130.0,1.0,0,0.694
410,1,212.0,447.0,24.0,90.0,1.0,0,1.0
410,3,-72.0,329.0,248.0,130.0,1.0,0,0.71
411,1,215.0,447.0,24.0,90.0,1.0,0,1.0
411,3,-69.0,329.0,248.0,130.0,1.0,0,0.722
412,1,218.0,447.0,24.0,90.0,1.0,0,1.0
412,3,-66.0,329.0,248.0,130.0,1.0,0,0.734
413,1,222.0,447.0,24.0,90.0,1.0,0,1.0
413,3,-63.0,329.0,248.0,130.0,1.0,0,0.746
414,1,225.0,447.0,24.0,89.0,1.0,0,1.0
414,3,-60.0,329.0,248.0,130.0,1.0,0,0.758
415,1,229.0,447.0,24.0,89.0,1.0,0,1.0
415,3,-57.0,329.0,248.0,130.0,1.0,0,0.77
416,1,232.0,447.0,24.0,89.0,1.0,0,1.0
416,3,-54.0,329.0,248.0,130.0,1.0,0,0.782
417,1,235.0,447.0,24.0,89.0,1.0,0,1.0
417,3,-51.0,329.0,248.0,130.0,1.0,0,0.794
418,1,239.0,448.0,24.0,89.0,1.0,0,1.0
418,3,-48.0,329.0,248.0,130.0,1.0,0,0.806
419,1,242.0,448.0,24.0,89.0,1.0,0,1.0
419,3,-45.0,329.0,248.0,130.0,1.0,0,0.819
420,1,245.0,448.0,24.0,89.0,1.0,0,1.0
420,3,-42.0,328.0,248.0,130.0,1.0,0,0.831
421,1,249.0,448.0,24.0,89.0,1.0,0,1.0
421,3,-39.0,328.0,248.0,130.0,1.0,0,0.843
422,1,252.0,448.0,24.0,89.0,1.0,0,1.0
422,3,-36.0,328.0,248.0,130.0,1.0,0,0.855
423,1,256.0,448.0,24.0,89.0,1.0,0,1.0
423,3,-33.0,328.0,248.0,130.0,1.0,0,0.867
424,1,259.0,448.0,24.0,89.0,1.0,0,1.0
424,3,-30.0,328.0,248.0,130.0,1.0,0,0.879
425,1,262.0,448.0,24.0,89.0,1.0,0,1.0
425,3,-27.0,328.0,250.0,131.0,1.0,0,0.892
426,1,266.0,448.0,24.0,89.0,1.0,0,1.0
426,3,-24.0,328.0,250.0,131.0,1.0,0,0.904
427,1,269.0,448.0,24.0,89.0,1.0,0,1.0
427,3,-21.0,328.0,250.0,131.0,1.0,0,0.916
428,1,272.0,448.0,24.0,89.0,1.0,0,1.0
428,3,-18.0,328.0,250.0,131.0,1.0,0,0.928
429,1,276.0,448.0,24.0,89.0,1.0,0,1.0
429,3,-15.0,328.0,250.0,131.0,1.0,0,0.94
430,1,279.0,448.0,24.0,89.0,1.0,0,1.0
430,3,-12.0,328.0,250.0,131.0,1.0,0,0.952
431,1,283.0,449.0,24.0,89.0,1.0,0,1.0
431,3,-9.0,328.0,250.0,131.0,1.0,0,0.964
432,1,286.0,449.0,24.0,89.0,1.0,0,1.0
432,3,-6.0,328.0,250.0,131.0,1.0,0,0.976
433,1,289.0,449.0,24.0,89.0,1.0,0,1.0
433,3,-3.0,328.0,250.0,131.0,1.0,0,0.988
434,1,293.0,449.0,24.0,89.0,1.0,0,1.0
434,3,0.0,328.0,250.0,131.0,1.0,0,1.0
435,1,296.0,449.0,24.0,89.0,1.0,0,1.0
435,3,3.0,328.0,250.0,131.0,1.0,0,1.0
436,1,299.0,449.0,24.0,89.0,1.0,0,1.0
436,3,6.0,327.0,250.0,131.0,1.0,0,1.0
437,1,303.0,449.0,24.0,89.0,1.0,0,1.0
437,3,9.0,327.0,250.0,131.0,1.0,0,1.0
438,1,306.0,449.0,24.0,89.0,1.0,0,1.0
438,3,12.0,327.0,250.0,131.0,1.0,0,1.0
439,1,310.0,449.0,24.0,89.0,1.0,0,1.0
439,2,957.0,395.0,263.0,166.0,1.0,3,0.01
439,3,15.0,327.0,250.0,131.0,1.0,0,1.0
440,1,313.0,449.0,24.0,89.0,1.0,0,1.0
440,2,954.0,395.0,263.0,166.0,1.0,3,0.02
440,3,18.0,327.0,250.0,131.0,1.0,0,1.0
441,1,316.0,449.0,24.0,89.0,1.0,0,1.0
441,2,950.0,395.0,265.0,167.0,1.0,3,0.033
441,3,21.0,327.0,252.0,132.0,1.0,0,1.0
442,1,320.0,449.0,24.0,89.0,1.0,0,1.0
442,2,947.0,395.0,265.0,167.0,1.0,3,0.043
442,3,24.0,327.0,252.0,132.0,1.0,0,1.0
443,1,323.0,449.0,24.0,89.0,1.0,0,1.0
443,2,944.0,395.0,265.0,167.0,1.0,3,0.052
443,3,27.0,327.0,252.0,132.0,1.0,0,1.0
444,1,326.0,450.0,24.0,89.0,1.0,0,1.0
444,2,940.0,395.0,265.0,167.0,1.0,3,0.066
444,3,30.0,327.0,252.0,132.0,1.0,0,1.0
445,1,330.0,450.0,24.0,89.0,1.0,0,1.0
445,2,937.0,395.0,265.0,167.0,1.0,3,0.075
445,3,33.0,327.0,252.0,132.0,1.0,0,1.0
446,1,333.0,450.0,24.0,89.0,1.0,0,1.0
446,2,934.0,395.0,265.0,167.0,1.0,3,0.085
446,3,36.0,327.0,252.0,132.0,1.0,0,1.0
447,1,337.0,450.0,24.0,89.0,1.0,0,1.0
447,2,930.0,395.0,265.0,167.0,1.0,3,0.098
447,3,39.0,327.0,252.0,132.0,1.0,0,1.0
448,1,340.0,450.0,24.0,89.0,1.0,0,1.0
448,2,927.0,395.0,265.0,167.0,1.0,3,0.108
448,3,42.0,327.0,252.0,132.0,1.0,0,1.0
449,1,343.0,450.0,24.0,89.0,1.0,0,1.0
449,2,924.0,396.0,265.0,167.0,1.0,3,0.117
449,3,45.0,327.0,252.0,132.0,1.0,0,1.0
450,1,347.0,450.0,24.0,89.0,1.0,0,1.0
450,2,920.0,396.0,265.0,167.0,1.0,3,0.13
450,3,48.0,327.0,252.0,132.0,1.0,0,1.0
