1,2,904.0,429.0,238.0,150.0,1.0,3,0.174
1,3,36.0,385.0,28.0,126.0,1.0,0,1.0
1,4,893.0,317.0,283.0,178.0,1.0,3,0.163
2,2,901.0,429.0,238.0,150.0,1.0,3,0.183
2,3,39.0,385.0,28.0,126.0,1.0,0,1.0
2,4,891.0,316.0,283.0,178.0,1.0,3,0.168
3,2,899.0,429.0,238.0,150.0,1.0,3,0.19
3,3,42.0,385.0,28.0,126.0,1.0,0,1.0
3,4,889.0,316.0,284.0,179.0,1.0,3,0.171
4,2,897.0,429.0,238.0,150.0,1.0,3,0.196
4,3,44.0,385.0,28.0,126.0,1.0,0,1.0
4,4,887.0,316.0,284.0,179.0,1.0,3,0.175
5,2,895.0,429.0,238.0,150.0,1.0,3,0.202
5,3,47.0,385.0,28.0,126.0,1.0,0,1.0
5,4,886.0,316.0,284.0,179.0,1.0,3,0.176
6,2,892.0,429.0,238.0,150.0,1.0,3,0.211
6,3,50.0,385.0,28.0,126.0,1.0,0,1.0
6,4,884.0,315.0,284.0,179.0,1.0,3,0.181
7,2,890.0,429.0,238.0,150.0,1.0,3,0.218
7,3,52.0,385.0,28.0,126.0,1.0,0,1.0
7,4,882.0,315.0,284.0,179.0,1.0,3,0.185
8,2,888.0,428.0,238.0,150.0,1.0,3,0.226
8,3,55.0,386.0,28.0,126.0,1.0,0,1.0
8,4,880.0,315.0,284.0,179.0,1.0,3,0.188
9,2,885.0,428.0,238.0,150.0,1.0,3,0.235
9,3,58.0,386.0,28.0,126.0,1.0,0,1.0
9,4,878.0,315.0,284.0,179.0,1.0,3,0.191
10,2,883.0,428.0,238.0,150.0,1.0,3,0.242
10,3,61.0,386.0,28.0,127.0,1.0,0,1.0
10,4,876.0,315.0,284.0,179.0,1.0,3,0.196
11,2,881.0,428.0,240.0,151.0,1.0,3,0.244
11,3,63.0,386.0,28.0,127.0,1.0,0,1.0
11,4,874.0,314.0,284.0,179.0,1.0,3,0.202
12,2,878.0,428.0,240.0,151.0,1.0,3,0.253
12,3,66.0,386.0,28.0,127.0,1.0,0,1.0
12,4,872.0,314.0,284.0,179.0,1.0,3,0.205
13,2,876.0,428.0,240.0,151.0,1.0,3,0.26
13,3,69.0,386.0,28.0,127.0,1.0,0,1.0
13,4,870.0,314.0,284.0,179.0,1.0,3,0.209
14,2,874.0,427.0,240.0,151.0,1.0,3,0.268
14,3,71.0,386.0,28.0,127.0,1.0,0,1.0
14,4,868.0,314.0,286.0,180.0,1.0,3,0.21
15,2,871.0,427.0,240.0,151.0,1.0,3,0.278
15,3,74.0,386.0,28.0,127.0,1.0,0,1.0
15,4,866.0,313.0,286.0,180.0,1.0,3,0.215
16,2,869.0,427.0,240.0,151.0,1.0,3,0.284
16,3,77.0,387.0,28.0,127.0,1.0,0,1.0
16,4,864.0,313.0,286.0,180.0,1.0,3,0.219
17,2,867.0,427.0,240.0,151.0,1.0,3,0.29
17,3,80.0,387.0,28.0,127.0,1.0,0,1.0
17,4,862.0,313.0,286.0,180.0,1.0,3,0.223
18,2,864.0,427.0,240.0,151.0,1.0,3,0.299
18,3,82.0,387.0,28.0,127.0,1.0,0,1.0
18,4,860.0,313.0,286.0,180.0,1.0,3,0.227
19,1,-48.0,360.0,51.0,135.0,1.0,0,0.059
19,2,862.0,427.0,240.0,151.0,1.0,3,0.306
19,3,85.0,387.0,28.0,127.0,1.0,0,1.0
19,4,858.0,312.0,286.0,180.0,1.0,3,0.233
20,1,-45.0,360.0,51.0,135.0,1.0,0,0.118
20,2,860.0,427.0,240.0,151.0,1.0,3,0.312
20,3,88.0,387.0,28.0,127.0,1.0,0,1.0
20,4,856.0,312.0,286.0,180.0,1.0,3,0.237
21,1,-42.0,360.0,51.0,135.0,1.0,0,0.176
21,2,857.0,426.0,240.0,151.0,1.0,3,0.324
21,3,90.0,387.0,28.0,127.0,1.0,0,1.0
21,4,854.0,312.0,286.0,180.0,1.0,3,0.239
22,1,-39.0,360.0,51.0,135.0,1.0,0,0.235
22,2,855.0,426.0,240.0,151.0,1.0,3,0.33
22,3,93.0,387.0,28.0,127.0,1.0,0,1.0
22,4,852.0,312.0,286.0,180.0,1.0,3,0.243
23,1,-36.0,360.0,51.0,135.0,1.0,0,0.294
23,2,853.0,426.0,240.0,151.0,1.0,3,0.337
23,3,96.0,387.0,28.0,127.0,1.0,0,1.0
23,4,850.0,311.0,286.0,180.0,1.0,3,0.25
24,1,-33.0,360.0,51.0,135.0,1.0,0,0.353
24,2,850.0,426.0,240.0,151.0,1.0,3,0.346
24,3,98.0,387.0,28.0,128.0,1.0,0,1.0
24,4,848.0,311.0,286.0,180.0,1.0,3,0.253
25,1,-31.0,360.0,51.0,135.0,1.0,0,0.392
25,2,848.0,426.0,241.0,152.0,1.0,3,0.349
25,3,101.0,388.0,28.0,128.0,1.0,0,1.0
25,4,846.0,311.0,287.0,181.0,1.0,3,0.255
26,1,-28.0,360.0,51.0,135.0,1.0,0,0.451
26,2,846.0,426.0,241.0,152.0,1.0,3,0.355
26,3,104.0,388.0,28.0,128.0,1.0,0,1.0
26,4,844.0,311.0,287.0,181.0,1.0,3,0.259
27,1,-25.0,359.0,51.0,135.0,1.0,0,0.51
27,2,843.0,425.0,241.0,152.0,1.0,3,0.367
27,3,107.0,388.0,28.0,128.0,1.0,0,1.0
27,4,842.0,310.0,287.0,181.0,1.0,3,0.262
28,1,-22.0,359.0,51.0,135.0,1.0,0,0.569
28,2,841.0,425.0,241.0,152.0,1.0,3,0.374
28,3,109.0,388.0,28.0,128.0,1.0,0,1.0
28,4,840.0,310.0,287.0,181.0,1.0,3,0.267
29,1,-19.0,359.0,51.0,135.0,1.0,0,0.627
29,2,839.0,425.0,241.0,152.0,1.0,3,0.38
29,3,112.0,388.0,28.0,128.0,1.0,0,1.0
29,4,838.0,310.0,287.0,181.0,1.0,3,0.271
30,1,-16.0,359.0,51.0,135.0,1.0,0,0.686
30,2,836.0,425.0,241.0,152.0,1.0,3,0.389
30,3,115.0,388.0,28.0,128.0,1.0,0,1.0
30,4,836.0,310.0,287.0,181.0,1.0,3,0.275
31,1,-13.0,359.0,51.0,135.0,1.0,0,0.745
31,2,834.0,425.0,241.0,152.0,1.0,3,0.396
31,3,117.0,388.0,28.0,128.0,1.0,0,1.0
31,4,834.0,310.0,287.0,181.0,1.0,3,0.279
32,1,-10.0,359.0,51.0,135.0,1.0,0,0.804
32,2,832.0,425.0,241.0,152.0,1.0,3,0.402
32,3,120.0,388.0,28.0,128.0,1.0,0,1.0
32,4,832.0,309.0,287.0,181.0,1.0,3,0.286
33,1,-7.0,359.0,51.0,135.0,1.0,0,0.863
33,2,830.0,425.0,241.0,152.0,1.0,3,0.408
33,3,123.0,388.0,28.0,128.0,1.0,0,1.0
33,4,830.0,309.0,287.0,181.0,1.0,3,0.29
34,1,-4.0,359.0,51.0,135.0,1.0,0,0.922
34,2,827.0,424.0,241.0,152.0,1.0,3,0.421
34,3,125.0,389.0,28.0,128.0,1.0,0,1.0
34,4,828.0,309.0,287.0,181.0,1.0,3,0.292
35,1,-1.0,359.0,51.0,135.0,1.0,0,0.98
35,2,825.0,424.0,241.0,152.0,1.0,3,0.427
35,3,128.0,389.0,28.0,128.0,1.0,0,1.0
35,4,826.0,309.0,287.0,181.0,1.0,3,0.297
36,1,2.0,359.0,51.0,135.0,1.0,0,1.0
36,2,823.0,424.0,241.0,152.0,1.0,3,0.434
36,3,131.0,389.0,28.0,128.0,1.0,0,1.0
36,4,824.0,308.0,289.0,182.0,1.0,3,0.3
37,1,5.0,359.0,51.0,135.0,1.0,0,1.0
37,2,820.0,424.0,241.0,152.0,1.0,3,0.443
37,3,134.0,389.0,28.0,129.0,1.0,0,1.0
37,4,823.0,308.0,289.0,182.0,1.0,3,0.302
38,1,8.0,359.0,51.0,135.0,1.0,0,1.0
38,2,818.0,424.0,243.0,153.0,1.0,3,0.443
38,3,136.0,389.0,28.0,129.0,1.0,0,1.0
38,4,821.0,308.0,289.0,182.0,1.0,3,0.307
39,1,11.0,359.0,51.0,135.0,1.0,0,1.0
39,2,816.0,424.0,243.0,153.0,1.0,3,0.449
39,3,139.0,389.0,28.0,129.0,1.0,0,1.0
39,4,819.0,308.0,289.0,182.0,1.0,3,0.311
40,1,14.0,358.0,51.0,135.0,1.0,0,1.0
40,2,813.0,423.0,243.0,153.0,1.0,3,0.463
40,3,142.0,389.0,28.0,129.0,1.0,0,1.0
40,4,817.0,307.0,289.0,182.0,1.0,3,0.315
41,1,17.0,358.0,51.0,135.0,1.0,0,1.0
41,2,811.0,423.0,243.0,153.0,1.0,3,0.469
41,3,144.0,389.0,28.0,129.0,1.0,0,1.0
41,4,815.0,307.0,289.0,182.0,1.0,3,0.32
42,1,20.0,358.0,51.0,135.0,1.0,0,1.0
42,2,809.0,423.0,243.0,153.0,1.0,3,0.475
42,3,147.0,390.0,28.0,129.0,1.0,0,1.0
42,4,813.0,307.0,289.0,182.0,1.0,3,0.324
43,1,23.0,358.0,51.0,135.0,1.0,0,1.0
43,2,806.0,423.0,243.0,153.0,1.0,3,0.485
43,3,150.0,390.0,28.0,129.0,1.0,0,1.0
43,4,811.0,307.0,289.0,182.0,1.0,3,0.329
44,1,26.0,358.0,51.0,135.0,1.0,0,1.0
44,2,804.0,423.0,243.0,153.0,1.0,3,0.491
44,3,153.0,390.0,28.0,129.0,1.0,0,1.0
44,4,809.0,306.0,289.0,182.0,1.0,3,0.336
45,1,29.0,358.0,51.0,135.0,1.0,0,1.0
45,2,802.0,423.0,243.0,153.0,1.0,3,0.497
45,3,155.0,390.0,28.0,129.0,1.0,0,1.0
45,4,807.0,306.0,289.0,182.0,1.0,3,0.34
46,1,32.0,358.0,51.0,135.0,1.0,0,1.0
46,2,799.0,423.0,243.0,153.0,1.0,3,0.507
46,3,158.0,390.0,28.0,129.0,1.0,0,1.0
46,4,805.0,306.0,289.0,182.0,1.0,3,0.345
47,1,35.0,358.0,51.0,135.0,1.0,0,1.0
47,2,797.0,422.0,243.0,153.0,1.0,3,0.517
47,3,161.0,390.0,28.0,129.0,1.0,0,1.0
47,4,803.0,306.0,290.0,183.0,1.0,3,0.343
48,1,38.0,358.0,51.0,135.0,1.0,0,1.0
48,2,795.0,422.0,243.0,153.0,1.0,3,0.524
48,3,163.0,390.0,28.0,129.0,1.0,0,1.0
48,4,801.0,305.0,290.0,183.0,1.0,3,0.351
49,1,40.0,358.0,51.0,135.0,1.0,0,1.0
49,2,792.0,422.0,243.0,153.0,1.0,3,0.533
49,3,166.0,390.0,28.0,129.0,1.0,0,1.0
49,4,799.0,305.0,290.0,183.0,1.0,3,0.355
50,1,43.0,358.0,51.0,135.0,1.0,0,1.0
50,2,790.0,422.0,243.0,153.0,1.0,3,0.54
50,3,169.0,390.0,28.0,130.0,1.0,0,1.0
50,4,797.0,305.0,290.0,183.0,1.0,3,0.359
51,1,46.0,358.0,51.0,135.0,1.0,0,1.0
51,2,788.0,422.0,243.0,153.0,1.0,3,0.546
51,3,171.0,391.0,28.0,130.0,1.0,0,1.0
51,4,795.0,305.0,290.0,183.0,1.0,3,0.364
52,1,49.0,358.0,51.0,135.0,1.0,0,1.0
52,2,785.0,422.0,244.0,154.0,1.0,3,0.55
52,3,174.0,391.0,28.0,130.0,1.0,0,1.0
52,4,793.0,304.0,290.0,183.0,1.0,3,0.371
53,1,52.0,358.0,51.0,135.0,1.0,0,1.0
53,2,783.0,421.0,244.0,154.0,1.0,3,0.561
53,3,177.0,391.0,28.0,130.0,1.0,0,1.0
53,4,791.0,304.0,290.0,183.0,1.0,3,0.373
54,1,55.0,357.0,51.0,135.0,1.0,0,1.0
54,2,781.0,421.0,244.0,154.0,1.0,3,0.567
54,3,180.0,391.0,28.0,130.0,1.0,0,1.0
54,4,789.0,304.0,290.0,183.0,1.0,3,0.377
55,1,58.0,357.0,51.0,135.0,1.0,0,1.0
55,2,778.0,421.0,244.0,154.0,1.0,3,0.576
55,3,182.0,391.0,28.0,130.0,1.0,0,1.0
55,4,787.0,304.0,290.0,183.0,1.0,3,0.381
56,1,61.0,357.0,51.0,135.0,1.0,0,1.0
56,2,776.0,421.0,244.0,154.0,1.0,3,0.583
56,3,185.0,391.0,28.0,130.0,1.0,0,1.0
56,4,785.0,304.0,290.0,183.0,1.0,3,0.386
57,1,64.0,357.0,51.0,135.0,1.0,0,1.0
57,2,774.0,421.0,244.0,154.0,1.0,3,0.589
57,3,188.0,391.0,28.0,130.0,1.0,0,1.0
57,4,783.0,303.0,290.0,183.0,1.0,3,0.394
58,1,67.0,357.0,51.0,135.0,1.0,0,1.0
58,2,771.0,421.0,244.0,154.0,1.0,3,0.599
58,3,190.0,391.0,28.0,130.0,1.0,0,1.0
58,4,781.0,303.0,292.0,184.0,1.0,3,0.393
59,1,70.0,357.0,51.0,135.0,1.0,0,1.0
59,2,769.0,421.0,244.0,154.0,1.0,3,0.605
59,3,193.0,392.0,28.0,130.0,1.0,0,1.0
59,4,779.0,303.0,292.0,184.0,1.0,3,0.398
60,1,73.0,357.0,51.0,135.0,1.0,0,1.0
60,2,767.0,420.0,244.0,154.0,1.0,3,0.616
60,3,196.0,392.0,28.0,130.0,1.0,0,1.0
60,4,777.0,303.0,292.0,184.0,1.0,3,0.399
61,1,76.0,357.0,51.0,135.0,1.0,0,1.0
61,2,765.0,420.0,244.0,154.0,1.0,3,0.623
61,3,198.0,392.0,28.0,130.0,1.0,0,1.0
61,4,775.0,302.0,292.0,184.0,1.0,3,0.406
62,1,79.0,357.0,51.0,135.0,1.0,0,1.0
62,2,762.0,420.0,244.0,154.0,1.0,3,0.632
62,3,201.0,392.0,28.0,130.0,1.0,0,1.0
62,4,773.0,302.0,292.0,184.0,1.0,3,0.411
63,1,82.0,357.0,51.0,135.0,1.0,0,1.0
63,2,760.0,420.0,244.0,154.0,1.0,3,0.639
63,3,204.0,392.0,28.0,130.0,1.0,0,1.0
63,4,771.0,302.0,292.0,184.0,1.0,3,0.415
64,1,85.0,357.0,51.0,135.0,1.0,0,1.0
64,2,758.0,420.0,244.0,154.0,1.0,3,0.645
64,3,207.0,392.0,29.0,131.0,1.0,0,1.0
64,4,769.0,302.0,292.0,184.0,1.0,3,0.419
65,1,88.0,357.0,51.0,134.0,1.0,0,1.0
65,2,755.0,420.0,244.0,154.0,1.0,3,0.655
65,3,209.0,392.0,29.0,131.0,1.0,0,1.0
65,4,767.0,301.0,292.0,184.0,1.0,3,0.427
66,1,91.0,357.0,51.0,134.0,1.0,0,1.0
66,2,753.0,419.0,246.0,155.0,1.0,3,0.657
66,3,212.0,392.0,29.0,131.0,1.0,0,1.0
66,4,765.0,301.0,292.0,184.0,1.0,3,0.428
67,1,94.0,356.0,51.0,134.0,1.0,0,1.0
67,2,751.0,419.0,246.0,155.0,1.0,3,0.663
67,3,215.0,392.0,29.0,131.0,1.0,0,1.0
67,4,763.0,301.0,292.0,184.0,1.0,3,0.433
68,1,97.0,356.0,51.0,134.0,1.0,0,1.0
68,2,748.0,419.0,246.0,155.0,1.0,3,0.673
68,3,217.0,393.0,29.0,131.0,1.0,0,1.0
68,4,761.0,301.0,292.0,184.0,1.0,3,0.437
69,1,100.0,356.0,51.0,134.0,1.0,0,1.0
69,2,746.0,419.0,246.0,155.0,1.0,3,0.679
69,3,220.0,393.0,29.0,131.0,1.0,0,1.0
69,4,759.0,300.0,294.0,185.0,1.0,3,0.44
70,1,103.0,356.0,51.0,134.0,1.0,0,1.0
70,2,744.0,419.0,246.0,155.0,1.0,3,0.685
70,3,223.0,393.0,29.0,131.0,1.0,0,1.0
70,4,758.0,300.0,294.0,185.0,1.0,3,0.442
71,1,106.0,356.0,51.0,134.0,1.0,0,1.0
71,2,741.0,419.0,246.0,155.0,1.0,3,0.695
71,3,226.0,393.0,29.0,131.0,1.0,0,1.0
71,4,756.0,300.0,294.0,185.0,1.0,3,0.446
72,1,109.0,356.0,51.0,134.0,1.0,0,1.0
72,2,739.0,419.0,246.0,155.0,1.0,3,0.701
72,3,228.0,393.0,29.0,131.0,1.0,0,1.0
72,4,754.0,300.0,294.0,185.0,1.0,3,0.451
73,1,111.0,356.0,51.0,134.0,1.0,0,1.0
73,2,737.0,418.0,246.0,155.0,1.0,3,0.714
73,3,231.0,393.0,29.0,131.0,1.0,0,1.0
73,4,752.0,299.0,294.0,185.0,1.0,3,0.455
74,1,114.0,356.0,51.0,134.0,1.0,0,1.0
74,2,734.0,418.0,246.0,155.0,1.0,3,0.723
74,3,234.0,393.0,29.0,131.0,1.0,0,1.0
74,4,750.0,299.0,294.0,185.0,1.0,3,0.459
75,1,117.0,356.0,51.0,134.0,1.0,0,1.0
75,2,732.0,418.0,246.0,155.0,1.0,3,0.73
75,3,236.0,393.0,29.0,131.0,1.0,0,1.0
75,4,748.0,299.0,294.0,185.0,1.0,3,0.464
76,1,120.0,356.0,51.0,134.0,1.0,0,1.0
76,2,730.0,418.0,246.0,155.0,1.0,3,0.736
76,3,239.0,393.0,29.0,131.0,1.0,0,1.0
76,4,746.0,299.0,294.0,185.0,1.0,3,0.468
77,1,123.0,356.0,51.0,134.0,1.0,0,1.0
77,2,727.0,418.0,246.0,155.0,1.0,3,0.746
77,3,242.0,394.0,29.0,132.0,1.0,0,1.0
77,4,744.0,299.0,294.0,185.0,1.0,3,0.473
78,1,126.0,356.0,51.0,134.0,1.0,0,1.0
78,2,725.0,418.0,246.0,155.0,1.0,3,0.752
78,3,244.0,394.0,29.0,132.0,1.0,0,1.0
78,4,742.0,298.0,294.0,185.0,1.0,3,0.481
79,1,129.0,356.0,51.0,134.0,1.0,0,1.0
79,2,723.0,417.0,248.0,156.0,1.0,3,0.753
79,3,247.0,394.0,29.0,132.0,1.0,0,1.0
79,4,740.0,298.0,294.0,185.0,1.0,3,0.481
80,1,132.0,356.0,51.0,134.0,1.0,0,1.0
80,2,720.0,417.0,248.0,156.0,1.0,3,0.763
80,3,250.0,394.0,29.0,132.0,1.0,0,1.0
80,4,738.0,298.0,295.0,186.0,1.0,3,0.481
81,1,135.0,355.0,51.0,134.0,1.0,0,1.0
81,2,718.0,417.0,248.0,156.0,1.0,3,0.769
81,3,253.0,394.0,29.0,132.0,1.0,0,1.0
81,4,736.0,298.0,295.0,186.0,1.0,3,0.486
82,1,138.0,355.0,51.0,134.0,1.0,0,1.0
82,2,716.0,417.0,248.0,156.0,1.0,3,0.776
82,3,255.0,394.0,29.0,132.0,1.0,0,1.0
82,4,734.0,297.0,295.0,186.0,1.0,3,0.494
83,1,141.0,355.0,51.0,134.0,1.0,0,1.0
83,2,713.0,417.0,248.0,156.0,1.0,3,0.785
83,3,258.0,394.0,29.0,132.0,1.0,0,1.0
83,4,732.0,297.0,295.0,186.0,1.0,3,0.499
84,1,144.0,355.0,51.0,134.0,1.0,0,1.0
84,2,711.0,417.0,248.0,156.0,1.0,3,0.788
84,3,261.0,394.0,29.0,132.0,1.0,0,1.0
84,4,730.0,297.0,295.0,186.0,1.0,3,0.504
85,1,147.0,355.0,51.0,134.0,1.0,0,1.0
85,2,709.0,417.0,248.0,156.0,1.0,3,0.788
85,3,263.0,395.0,29.0,132.0,1.0,0,1.0
85,4,728.0,297.0,295.0,186.0,1.0,3,0.511
86,1,150.0,355.0,51.0,134.0,1.0,0,1.0
86,2,706.0,416.0,248.0,156.0,1.0,3,0.795
86,3,266.0,395.0,29.0,132.0,1.0,0,1.0
86,4,726.0,296.0,295.0,186.0,1.0,3,0.519
87,1,153.0,355.0,51.0,134.0,1.0,0,1.0
87,2,704.0,416.0,248.0,156.0,1.0,3,0.795
87,3,269.0,395.0,29.0,132.0,1.0,0,1.0
87,4,724.0,296.0,295.0,186.0,1.0,3,0.526
88,1,156.0,355.0,51.0,134.0,1.0,0,1.0
88,2,702.0,416.0,248.0,156.0,1.0,3,0.795
88,3,271.0,395.0,29.0,132.0,1.0,0,1.0
88,4,722.0,296.0,295.0,186.0,1.0,3,0.533
89,1,159.0,355.0,51.0,134.0,1.0,0,1.0
89,2,700.0,416.0,248.0,156.0,1.0,3,0.795
89,3,274.0,395.0,29.0,132.0,1.0,0,1.0
89,4,720.0,296.0,295.0,186.0,1.0,3,0.539
90,1,162.0,355.0,51.0,134.0,1.0,0,1.0
90,2,697.0,416.0,248.0,156.0,1.0,3,0.795
90,3,277.0,395.0,29.0,133.0,1.0,0,1.0
90,4,718.0,295.0,295.0,186.0,1.0,3,0.551
91,1,165.0,355.0,51.0,134.0,1.0,0,1.0
91,2,695.0,416.0,248.0,156.0,1.0,3,0.795
91,3,280.0,395.0,29.0,133.0,1.0,0,1.0
91,4,716.0,295.0,297.0,187.0,1.0,3,0.552
92,1,168.0,355.0,51.0,134.0,1.0,0,1.0
92,2,693.0,415.0,248.0,156.0,1.0,3,0.801
92,3,282.0,395.0,29.0,133.0,1.0,0,1.0
92,4,714.0,295.0,297.0,187.0,1.0,3,0.554
93,1,171.0,355.0,51.0,134.0,1.0,0,1.0
93,2,690.0,415.0,249.0,157.0,1.0,3,0.796
93,3,285.0,395.0,29.0,133.0,1.0,0,1.0
93,4,712.0,295.0,297.0,187.0,1.0,3,0.561
94,1,174.0,354.0,51.0,134.0,1.0,0,1.0
94,2,688.0,415.0,249.0,157.0,1.0,3,0.796
94,3,288.0,396.0,29.0,133.0,1.0,0,1.0
94,4,710.0,294.0,297.0,187.0,1.0,3,0.572
95,1,177.0,354.0,51.0,134.0,1.0,0,1.0
95,2,686.0,415.0,249.0,157.0,1.0,3,0.796
95,3,290.0,396.0,29.0,133.0,1.0,0,1.0
95,4,708.0,294.0,297.0,187.0,1.0,3,0.579
96,1,179.0,354.0,51.0,134.0,1.0,0,1.0
96,2,683.0,415.0,249.0,157.0,1.0,3,0.796
96,3,293.0,396.0,29.0,133.0,1.0,0,1.0
96,4,706.0,294.0,297.0,187.0,1.0,3,0.587
97,1,182.0,354.0,51.0,134.0,1.0,0,1.0
97,2,681.0,415.0,249.0,157.0,1.0,3,0.796
97,3,296.0,396.0,29.0,133.0,1.0,0,1.0
97,4,704.0,294.0,297.0,187.0,1.0,3,0.593
98,1,185.0,354.0,51.0,134.0,1.0,0,1.0
98,2,679.0,415.0,249.0,157.0,1.0,3,0.796
98,3,299.0,396.0,29.0,133.0,1.0,0,1.0
98,4,702.0,294.0,297.0,187.0,1.0,3,0.6
99,1,188.0,354.0,51.0,134.0,1.0,0,1.0
99,2,676.0,414.0,249.0,157.0,1.0,3,0.803
99,3,301.0,396.0,29.0,133.0,1.0,0,1.0
99,4,700.0,293.0,297.0,187.0,1.0,3,0.608
100,1,191.0,354.0,51.0,134.0,1.0,0,1.0
100,2,674.0,414.0,249.0,157.0,1.0,3,0.803
100,3,304.0,396.0,29.0,133.0,1.0,0,1.0
100,4,698.0,293.0,297.0,187.0,1.0,3,0.615
101,1,194.0,354.0,51.0,134.0,1.0,0,1.0
101,2,672.0,414.0,249.0,157.0,1.0,3,0.803
101,3,307.0,396.0,29.0,133.0,1.0,0,1.0
101,4,696.0,293.0,297.0,187.0,1.0,3,0.622
102,1,197.0,354.0,51.0,134.0,1.0,0,1.0
102,2,669.0,414.0,249.0,157.0,1.0,3,0.803
102,3,309.0,397.0,29.0,133.0,1.0,0,1.0
102,4,695.0,293.0,298.0,188.0,1.0,3,0.623
103,1,200.0,354.0,51.0,134.0,1.0,0,1.0
103,2,667.0,414.0,249.0,157.0,1.0,3,0.803
103,3,312.0,397.0,29.0,133.0,1.0,0,1.0
103,4,693.0,292.0,298.0,188.0,1.0,3,0.633
104,1,203.0,354.0,51.0,134.0,1.0,0,1.0
104,2,665.0,414.0,249.0,157.0,1.0,3,0.803
104,3,315.0,397.0,29.0,134.0,1.0,0,1.0
104,4,691.0,292.0,298.0,188.0,1.0,3,0.64
105,1,206.0,354.0,51.0,134.0,1.0,0,1.0
105,2,662.0,413.0,249.0,157.0,1.0,3,0.809
105,3,317.0,397.0,29.0,134.0,1.0,0,1.0
105,4,689.0,292.0,298.0,188.0,1.0,3,0.644
106,1,209.0,354.0,51.0,134.0,1.0,0,1.0
106,2,660.0,413.0,249.0,157.0,1.0,3,0.809
106,3,320.0,397.0,29.0,134.0,1.0,0,1.0
106,4,687.0,292.0,298.0,188.0,1.0,3,0.651
107,1,212.0,353.0,51.0,134.0,1.0,0,1.0
107,2,658.0,413.0,251.0,158.0,1.0,3,0.804
107,3,323.0,397.0,29.0,134.0,1.0,0,1.0
107,4,685.0,291.0,298.0,188.0,1.0,3,0.659
108,1,215.0,353.0,51.0,134.0,1.0,0,1.0
108,2,655.0,413.0,251.0,158.0,1.0,3,0.804
108,3,326.0,397.0,29.0,134.0,1.0,0,1.0
108,4,683.0,291.0,298.0,188.0,1.0,3,0.667
109,1,218.0,353.0,51.0,134.0,1.0,0,1.0
109,2,653.0,413.0,251.0,158.0,1.0,3,0.804
109,3,328.0,397.0,29.0,134.0,1.0,0,1.0
109,4,681.0,291.0,298.0,188.0,1.0,3,0.674
110,1,221.0,353.0,51.0,134.0,1.0,0,1.0
110,2,651.0,413.0,251.0,158.0,1.0,3,0.804
110,3,331.0,397.0,29.0,134.0,1.0,0,1.0
110,4,679.0,291.0,298.0,188.0,1.0,3,0.68
111,1,224.0,353.0,51.0,134.0,1.0,0,1.0
111,2,648.0,413.0,251.0,158.0,1.0,3,0.804
111,3,334.0,398.0,29.0,134.0,1.0,0,1.0
111,4,677.0,290.0,298.0,188.0,1.0,3,0.692
112,1,227.0,353.0,51.0,134.0,1.0,0,1.0
112,2,646.0,412.0,251.0,158.0,1.0,3,0.81
112,3,336.0,398.0,29.0,134.0,1.0,0,1.0
112,4,675.0,290.0,298.0,188.0,1.0,3,0.695
113,1,230.0,353.0,51.0,134.0,1.0,0,1.0
113,2,644.0,412.0,251.0,158.0,1.0,3,0.81
113,3,339.0,398.0,29.0,134.0,1.0,0,1.0
113,4,673.0,290.0,300.0,189.0,1.0,3,0.694
114,1,233.0,353.0,51.0,134.0,1.0,0,1.0
114,2,641.0,412.0,251.0,158.0,1.0,3,0.81
114,3,342.0,398.0,29.0,134.0,1.0,0,1.0
114,4,671.0,290.0,300.0,189.0,1.0,3,0.702
115,1,236.0,353.0,51.0,134.0,1.0,0,1.0
115,2,639.0,412.0,251.0,158.0,1.0,3,0.81
115,3,344.0,398.0,29.0,134.0,1.0,0,1.0
115,4,669.0,289.0,300.0,189.0,1.0,3,0.713
116,1,239.0,353.0,51.0,134.0,1.0,0,1.0
116,2,637.0,412.0,251.0,158.0,1.0,3,0.81
116,3,347.0,398.0,29.0,134.0,1.0,0,1.0
116,4,667.0,289.0,300.0,189.0,1.0,3,0.719
117,1,242.0,353.0,51.0,134.0,1.0,0,1.0
117,2,635.0,412.0,251.0,158.0,1.0,3,0.81
117,3,350.0,398.0,29.0,135.0,1.0,0,1.0
117,4,665.0,289.0,300.0,189.0,1.0,3,0.726
118,1,245.0,353.0,51.0,134.0,1.0,0,1.0
118,2,632.0,411.0,251.0,158.0,1.0,3,0.816
118,3,353.0,398.0,29.0,135.0,1.0,0,1.0
118,4,663.0,289.0,300.0,189.0,1.0,3,0.73
119,1,248.0,353.0,51.0,134.0,1.0,0,1.0
119,2,630.0,411.0,251.0,158.0,1.0,3,0.816
119,3,355.0,398.0,29.0,135.0,1.0,0,1.0
119,4,661.0,289.0,300.0,189.0,1.0,3,0.737
120,1,250.0,353.0,51.0,134.0,1.0,0,1.0
120,2,628.0,411.0,252.0,159.0,1.0,3,0.811
120,3,358.0,399.0,29.0,135.0,1.0,0,1.0
120,4,659.0,288.0,300.0,189.0,1.0,3,0.743
121,1,253.0,352.0,51.0,134.0,1.0,0,1.0
121,2,625.0,411.0,252.0,159.0,1.0,3,0.811
121,3,361.0,399.0,29.0,135.0,1.0,0,1.0
121,4,657.0,288.0,300.0,189.0,1.0,3,0.744
122,1,256.0,352.0,51.0,134.0,1.0,0,1.0
122,2,623.0,411.0,252.0,159.0,1.0,3,0.811
122,3,363.0,399.0,29.0,135.0,1.0,0,1.0
122,4,655.0,288.0,300.0,189.0,1.0,3,0.744
123,1,259.0,352.0,51.0,134.0,1.0,0,1.0
123,2,621.0,411.0,252.0,159.0,1.0,3,0.811
123,3,366.0,399.0,29.0,135.0,1.0,0,1.0
123,4,653.0,288.0,300.0,189.0,1.0,3,0.744
124,1,262.0,352.0,51.0,134.0,1.0,0,1.0
124,2,618.0,411.0,252.0,159.0,1.0,3,0.811
124,3,369.0,399.0,29.0,135.0,1.0,0,1.0
124,4,651.0,287.0,302.0,190.0,1.0,3,0.748
125,1,265.0,352.0,51.0,134.0,1.0,0,1.0
125,2,616.0,410.0,252.0,159.0,1.0,3,0.818
125,3,372.0,399.0,29.0,135.0,1.0,0,1.0
125,4,649.0,287.0,302.0,190.0,1.0,3,0.744
126,1,268.0,352.0,51.0,134.0,1.0,0,1.0
126,2,614.0,410.0,252.0,159.0,1.0,3,0.818
126,3,374.0,399.0,29.0,135.0,1.0,0,1.0
126,4,647.0,287.0,302.0,190.0,1.0,3,0.744
127,1,271.0,352.0,51.0,134.0,1.0,0,1.0
127,2,611.0,410.0,252.0,159.0,1.0,3,0.818
127,3,377.0,399.0,29.0,135.0,1.0,0,1.0
127,4,645.0,287.0,302.0,190.0,1.0,3,0.745
128,1,274.0,352.0,51.0,134.0,1.0,0,1.0
128,2,609.0,410.0,252.0,159.0,1.0,3,0.818
128,3,380.0,400.0,29.0,135.0,1.0,0,1.0
128,4,643.0,286.0,302.0,190.0,1.0,3,0.749
129,1,277.0,352.0,51.0,134.0,1.0,0,1.0
129,2,607.0,410.0,252.0,159.0,1.0,3,0.818
129,3,382.0,400.0,29.0,135.0,1.0,0,1.0
129,4,641.0,286.0,302.0,190.0,1.0,3,0.749
130,1,280.0,352.0,51.0,134.0,1.0,0,1.0
130,2,604.0,410.0,252.0,159.0,1.0,3,0.818
130,3,385.0,400.0,30.0,136.0,1.0,0,1.0
130,4,639.0,286.0,302.0,190.0,1.0,3,0.75
131,1,283.0,352.0,51.0,134.0,1.0,0,1.0
131,2,602.0,409.0,252.0,159.0,1.0,3,0.824
131,3,388.0,400.0,30.0,136.0,1.0,0,1.0
131,4,637.0,286.0,302.0,190.0,1.0,3,0.747
132,1,286.0,352.0,51.0,134.0,1.0,0,1.0
132,2,600.0,409.0,252.0,159.0,1.0,3,0.824
132,3,390.0,400.0,30.0,136.0,1.0,0,1.0
132,4,635.0,285.0,302.0,190.0,1.0,3,0.75
133,1,289.0,352.0,51.0,134.0,1.0,0,1.0
133,2,597.0,409.0,252.0,159.0,1.0,3,0.824
133,3,393.0,400.0,30.0,136.0,1.0,0,1.0
133,4,633.0,285.0,302.0,190.0,1.0,3,0.752
134,1,292.0,351.0,51.0,134.0,1.0,0,1.0
134,2,595.0,409.0,254.0,160.0,1.0,3,0.819
134,3,396.0,400.0,30.0,136.0,1.0,0,1.0
134,4,632.0,285.0,302.0,190.0,1.0,3,0.75
135,1,295.0,351.0,51.0,134.0,1.0,0,1.0
135,2,593.0,409.0,254.0,160.0,1.0,3,0.819
135,3,399.0,400.0,30.0,136.0,1.0,0,1.0
135,4,630.0,285.0,303.0,191.0,1.0,3,0.749
136,1,298.0,351.0,51.0,134.0,1.0,0,1.0
136,2,590.0,409.0,254.0,160.0,1.0,3,0.819
136,3,401.0,400.0,30.0,136.0,1.0,0,1.0
136,4,628.0,284.0,303.0,191.0,1.0,3,0.754
137,1,301.0,351.0,51.0,134.0,1.0,0,1.0
137,2,588.0,409.0,254.0,160.0,1.0,3,0.819
137,3,404.0,401.0,30.0,136.0,1.0,0,1.0
137,4,626.0,284.0,303.0,191.0,1.0,3,0.754
138,1,304.0,351.0,51.0,134.0,1.0,0,1.0
138,2,586.0,408.0,254.0,160.0,1.0,3,0.825
138,3,407.0,401.0,30.0,136.0,1.0,0,1.0
138,4,624.0,284.0,303.0,191.0,1.0,3,0.75
139,1,307.0,351.0,51.0,134.0,1.0,0,1.0
139,2,583.0,408.0,254.0,160.0,1.0,3,0.825
139,3,409.0,401.0,30.0,136.0,1.0,0,1.0
139,4,622.0,284.0,303.0,191.0,1.0,3,0.751
140,1,310.0,351.0,51.0,134.0,1.0,0,1.0
140,2,581.0,408.0,254.0,160.0,1.0,3,0.825
140,3,412.0,401.0,30.0,136.0,1.0,0,1.0
140,4,620.0,284.0,303.0,191.0,1.0,3,0.751
141,1,313.0,351.0,51.0,134.0,1.0,0,1.0
141,2,579.0,408.0,254.0,160.0,1.0,3,0.825
141,3,415.0,401.0,30.0,136.0,1.0,0,1.0
141,4,618.0,283.0,303.0,191.0,1.0,3,0.755
142,1,316.0,351.0,51.0,134.0,1.0,0,1.0
142,2,577.0,408.0,254.0,160.0,1.0,3,0.825
142,3,417.0,401.0,30.0,136.0,1.0,0,1.0
142,4,616.0,283.0,303.0,191.0,1.0,3,0.755
143,1,319.0,351.0,51.0,134.0,1.0,0,1.0
143,2,574.0,408.0,254.0,160.0,1.0,3,0.825
143,3,420.0,401.0,30.0,136.0,1.0,0,1.0
143,4,614.0,283.0,303.0,191.0,1.0,3,0.756
144,1,321.0,351.0,51.0,134.0,1.0,0,1.0
144,2,572.0,407.0,254.0,160.0,1.0,3,0.831
144,3,423.0,401.0,30.0,137.0,1.0,0,1.0
144,4,612.0,283.0,303.0,191.0,1.0,3,0.752
145,1,324.0,351.0,51.0,134.0,1.0,0,1.0
145,2,570.0,407.0,254.0,160.0,1.0,3,0.831
145,3,426.0,402.0,30.0,137.0,1.0,0,1.0
145,4,610.0,282.0,303.0,191.0,1.0,3,0.756
146,1,327.0,351.0,51.0,134.0,1.0,0,1.0
146,2,567.0,407.0,254.0,160.0,1.0,3,0.831
146,3,428.0,402.0,30.0,137.0,1.0,0,1.0
146,4,608.0,282.0,305.0,192.0,1.0,3,0.756
147,1,330.0,351.0,51.0,134.0,1.0,0,1.0
147,2,565.0,407.0,254.0,160.0,1.0,3,0.831
147,3,431.0,402.0,30.0,137.0,1.0,0,1.0
147,4,606.0,282.0,305.0,192.0,1.0,3,0.756
148,1,333.0,350.0,51.0,134.0,1.0,0,1.0
148,2,563.0,407.0,256.0,161.0,1.0,3,0.826
148,3,434.0,402.0,30.0,137.0,1.0,0,1.0
148,4,604.0,282.0,305.0,192.0,1.0,3,0.754
149,1,336.0,350.0,51.0,134.0,1.0,0,1.0
149,2,560.0,407.0,256.0,161.0,1.0,3,0.826
149,3,436.0,402.0,30.0,137.0,1.0,0,1.0
149,4,602.0,281.0,305.0,192.0,1.0,3,0.759
150,1,339.0,350.0,51.0,134.0,1.0,0,1.0
150,2,558.0,407.0,256.0,161.0,1.0,3,0.826
150,3,439.0,402.0,30.0,137.0,1.0,0,1.0
150,4,600.0,281.0,305.0,192.0,1.0,3,0.759
151,1,342.0,350.0,51.0,134.0,1.0,0,1.0
151,2,556.0,406.0,256.0,161.0,1.0,3,0.832
151,3,442.0,402.0,30.0,137.0,1.0,0,1.0
151,4,598.0,281.0,305.0,192.0,1.0,3,0.755
152,1,345.0,350.0,51.0,134.0,1.0,0,1.0
152,2,553.0,406.0,256.0,161.0,1.0,3,0.832
152,3,445.0,402.0,30.0,137.0,1.0,0,1.0
152,4,596.0,281.0,305.0,192.0,1.0,3,0.756
153,1,348.0,350.0,51.0,134.0,1.0,0,1.0
153,2,551.0,406.0,256.0,161.0,1.0,3,0.832
153,3,447.0,402.0,30.0,137.0,1.0,0,1.0
153,4,594.0,280.0,305.0,192.0,1.0,3,0.76
154,1,351.0,350.0,51.0,134.0,1.0,0,1.0
154,2,549.0,406.0,256.0,161.0,1.0,3,0.832
154,3,450.0,403.0,30.0,137.0,1.0,0,1.0
154,4,592.0,280.0,305.0,192.0,1.0,3,0.76
155,1,354.0,350.0,51.0,134.0,1.0,0,1.0
155,2,546.0,406.0,256.0,161.0,1.0,3,0.832
155,3,453.0,403.0,30.0,137.0,1.0,0,1.0
155,4,590.0,280.0,305.0,192.0,1.0,3,0.761
156,1,357.0,350.0,51.0,134.0,1.0,0,1.0
156,2,544.0,406.0,256.0,161.0,1.0,3,0.832
156,3,455.0,403.0,30.0,137.0,1.0,0,1.0
156,4,588.0,280.0,305.0,192.0,1.0,3,0.761
157,1,360.0,350.0,51.0,134.0,1.0,0,1.0
157,2,542.0,405.0,256.0,161.0,1.0,3,0.839
157,3,458.0,403.0,30.0,138.0,1.0,0,0.993
157,4,586.0,279.0,306.0,193.0,1.0,3,0.759
158,1,363.0,350.0,51.0,133.0,1.0,0,1.0
158,2,539.0,405.0,256.0,161.0,1.0,3,0.839
158,3,461.0,403.0,30.0,138.0,1.0,0,0.993
158,4,584.0,279.0,306.0,193.0,1.0,3,0.761
159,1,366.0,350.0,51.0,133.0,1.0,0,1.0
159,2,537.0,405.0,256.0,161.0,1.0,3,0.839
159,3,463.0,403.0,30.0,138.0,1.0,0,0.993
159,4,582.0,279.0,306.0,193.0,1.0,3,0.761
160,1,369.0,350.0,51.0,133.0,1.0,0,1.0
160,2,535.0,405.0,256.0,161.0,1.0,3,0.839
160,3,466.0,403.0,30.0,138.0,1.0,0,0.993
160,4,580.0,279.0,306.0,193.0,1.0,3,0.761
161,1,372.0,349.0,51.0,133.0,1.0,0,1.0
161,2,532.0,405.0,257.0,162.0,1.0,3,0.833
161,3,469.0,403.0,30.0,138.0,1.0,0,0.993
161,4,578.0,278.0,306.0,193.0,1.0,3,0.764
162,1,375.0,349.0,51.0,133.0,1.0,0,1.0
162,2,530.0,405.0,257.0,162.0,1.0,3,0.833
162,3,472.0,403.0,30.0,138.0,1.0,0,0.993
162,4,576.0,278.0,306.0,193.0,1.0,3,0.764
163,1,378.0,349.0,51.0,133.0,1.0,0,1.0
163,2,528.0,405.0,257.0,162.0,1.0,3,0.833
163,3,474.0,404.0,30.0,138.0,1.0,0,0.986
163,4,574.0,278.0,306.0,193.0,1.0,3,0.764
164,1,381.0,349.0,51.0,133.0,1.0,0,1.0
164,2,525.0,404.0,257.0,162.0,1.0,3,0.84
164,3,477.0,404.0,30.0,138.0,1.0,0,0.986
164,4,572.0,278.0,306.0,193.0,1.0,3,0.762
165,1,384.0,349.0,51.0,133.0,1.0,0,1.0
165,2,523.0,404.0,257.0,162.0,1.0,3,0.84
165,3,480.0,404.0,30.0,138.0,1.0,0,0.986
165,4,570.0,278.0,306.0,193.0,1.0,3,0.762
166,1,387.0,349.0,51.0,133.0,1.0,0,1.0
166,2,521.0,404.0,257.0,162.0,1.0,3,0.84
166,3,482.0,404.0,30.0,138.0,1.0,0,0.986
166,4,569.0,277.0,306.0,193.0,1.0,3,0.766
167,1,389.0,349.0,51.0,133.0,1.0,0,1.0
167,2,518.0,404.0,257.0,162.0,1.0,3,0.84
167,3,485.0,404.0,30.0,138.0,1.0,0,0.986
167,4,567.0,277.0,306.0,193.0,1.0,3,0.768
168,1,392.0,349.0,51.0,133.0,1.0,0,1.0
168,2,516.0,404.0,257.0,162.0,1.0,3,0.833
168,3,488.0,404.0,30.0,138.0,1.0,0,0.986
168,4,565.0,277.0,308.0,194.0,1.0,3,0.767
169,1,395.0,349.0,51.0,133.0,1.0,0,1.0
169,2,514.0,404.0,257.0,162.0,1.0,3,0.82
169,3,490.0,404.0,30.0,138.0,1.0,0,0.986
169,4,563.0,277.0,308.0,194.0,1.0,3,0.767
170,1,398.0,349.0,51.0,133.0,1.0,0,1.0
170,2,512.0,403.0,257.0,162.0,1.0,3,0.81
170,3,493.0,404.0,30.0,139.0,1.0,0,0.978
170,4,561.0,276.0,308.0,194.0,1.0,3,0.767
171,1,401.0,349.0,51.0,133.0,1.0,0,1.0
171,2,509.0,403.0,257.0,162.0,1.0,3,0.791
171,3,496.0,405.0,30.0,139.0,1.0,0,0.971
171,4,559.0,276.0,308.0,194.0,1.0,3,0.768
172,1,404.0,349.0,51.0,133.0,1.0,0,1.0
172,2,507.0,403.0,257.0,162.0,1.0,3,0.774
172,3,499.0,405.0,30.0,139.0,1.0,0,0.971
172,4,557.0,276.0,308.0,194.0,1.0,3,0.768
173,1,407.0,349.0,51.0,133.0,1.0,0,1.0
173,2,505.0,403.0,257.0,162.0,1.0,3,0.761
173,3,501.0,405.0,30.0,139.0,1.0,0,0.971
173,4,555.0,276.0,308.0,194.0,1.0,3,0.768
174,1,410.0,349.0,51.0,133.0,1.0,0,1.0
174,2,502.0,403.0,257.0,162.0,1.0,3,0.748
174,3,504.0,405.0,30.0,139.0,1.0,0,0.971
174,4,553.0,275.0,308.0,194.0,1.0,3,0.772
175,1,413.0,348.0,51.0,133.0,1.0,0,1.0
175,2,500.0,403.0,259.0,163.0,1.0,3,0.745
175,3,507.0,405.0,30.0,139.0,1.0,0,0.971
175,4,551.0,275.0,308.0,194.0,1.0,3,0.77
176,1,416.0,348.0,51.0,133.0,1.0,0,1.0
176,2,498.0,403.0,259.0,163.0,1.0,3,0.745
176,3,509.0,405.0,30.0,139.0,1.0,0,0.971
176,4,549.0,275.0,308.0,194.0,1.0,3,0.77
177,1,419.0,348.0,51.0,133.0,1.0,0,1.0
177,2,495.0,402.0,259.0,163.0,1.0,3,0.751
177,3,512.0,405.0,30.0,139.0,1.0,0,0.971
177,4,547.0,275.0,308.0,194.0,1.0,3,0.768
178,1,422.0,348.0,51.0,133.0,1.0,0,1.0
178,2,493.0,402.0,259.0,163.0,1.0,3,0.751
178,3,515.0,405.0,30.0,139.0,1.0,0,0.971
178,4,545.0,274.0,308.0,194.0,1.0,3,0.771
179,1,425.0,348.0,51.0,133.0,1.0,0,1.0
179,2,491.0,402.0,259.0,163.0,1.0,3,0.751
179,3,518.0,405.0,30.0,139.0,1.0,0,0.971
179,4,543.0,274.0,309.0,195.0,1.0,3,0.77
180,1,428.0,348.0,51.0,133.0,1.0,0,1.0
180,2,488.0,402.0,259.0,163.0,1.0,3,0.751
180,3,520.0,406.0,30.0,139.0,1.0,0,0.964
180,4,541.0,274.0,309.0,195.0,1.0,3,0.771
181,1,431.0,348.0,51.0,133.0,1.0,0,1.0
181,2,486.0,402.0,259.0,163.0,1.0,3,0.751
181,3,523.0,406.0,30.0,139.0,1.0,0,0.964
181,4,539.0,274.0,309.0,195.0,1.0,3,0.771
182,1,434.0,348.0,51.0,133.0,1.0,0,0.988
182,2,484.0,402.0,259.0,163.0,1.0,3,0.751
182,3,526.0,406.0,30.0,139.0,1.0,0,0.964
182,4,537.0,273.0,309.0,195.0,1.0,3,0.774
183,1,437.0,348.0,51.0,133.0,1.0,0,0.917
183,2,481.0,401.0,259.0,163.0,1.0,3,0.758
183,3,528.0,406.0,30.0,139.0,1.0,0,0.964
183,4,535.0,273.0,309.0,195.0,1.0,3,0.772
184,1,440.0,348.0,51.0,133.0,1.0,0,0.858
184,2,479.0,401.0,259.0,163.0,1.0,3,0.754
184,3,531.0,406.0,31.0,140.0,1.0,0,0.957
184,4,533.0,273.0,309.0,195.0,1.0,3,0.772
185,1,443.0,348.0,51.0,133.0,1.0,0,0.799
185,2,477.0,401.0,259.0,163.0,1.0,3,0.754
185,3,534.0,406.0,31.0,140.0,1.0,0,0.957
185,4,531.0,273.0,309.0,195.0,1.0,3,0.772
186,1,446.0,348.0,51.0,133.0,1.0,0,0.729
186,2,474.0,401.0,259.0,163.0,1.0,3,0.754
186,3,536.0,406.0,31.0,140.0,1.0,0,0.957
186,4,529.0,273.0,309.0,195.0,1.0,3,0.773
187,1,449.0,348.0,51.0,133.0,1.0,0,0.67
187,2,472.0,401.0,259.0,163.0,1.0,3,0.754
187,3,539.0,406.0,31.0,140.0,1.0,0,0.957
187,4,527.0,272.0,309.0,195.0,1.0,3,0.777
188,1,452.0,347.0,51.0,133.0,1.0,0,0.616
188,2,470.0,401.0,259.0,163.0,1.0,3,0.754
188,3,542.0,406.0,31.0,140.0,1.0,0,0.957
188,4,525.0,272.0,309.0,195.0,1.0,3,0.777
189,1,455.0,347.0,51.0,133.0,1.0,0,0.546
189,2,467.0,401.0,260.0,164.0,1.0,3,0.751
189,3,545.0,407.0,31.0,140.0,1.0,0,0.95
189,4,523.0,272.0,309.0,195.0,1.0,3,0.777
190,1,458.0,347.0,51.0,133.0,1.0,0,0.481
190,2,465.0,400.0,260.0,164.0,1.0,3,0.757
190,3,547.0,407.0,31.0,140.0,1.0,0,0.95
190,4,521.0,272.0,311.0,196.0,1.0,3,0.772
191,1,460.0,347.0,51.0,133.0,1.0,0,0.434
191,2,463.0,400.0,260.0,164.0,1.0,3,0.757
191,3,550.0,407.0,31.0,140.0,1.0,0,0.95
191,4,519.0,271.0,311.0,196.0,1.0,3,0.776
192,1,463.0,347.0,51.0,133.0,1.0,0,0.398
192,2,460.0,400.0,260.0,164.0,1.0,3,0.757
192,3,553.0,407.0,31.0,140.0,1.0,0,0.95
192,4,517.0,271.0,311.0,196.0,1.0,3,0.777
193,1,466.0,347.0,51.0,133.0,1.0,0,0.398
193,2,458.0,400.0,260.0,164.0,1.0,3,0.757
193,3,555.0,407.0,31.0,140.0,1.0,0,0.95
193,4,515.0,271.0,311.0,196.0,1.0,3,0.775
194,1,469.0,347.0,51.0,133.0,1.0,0,0.398
194,2,456.0,400.0,260.0,164.0,1.0,3,0.757
194,3,558.0,407.0,31.0,140.0,1.0,0,0.95
194,4,513.0,271.0,311.0,196.0,1.0,3,0.771
195,1,472.0,347.0,51.0,133.0,1.0,0,0.398
195,2,453.0,400.0,260.0,164.0,1.0,3,0.757
195,3,561.0,407.0,31.0,140.0,1.0,0,0.95
195,4,511.0,270.0,311.0,196.0,1.0,3,0.771
196,1,475.0,347.0,51.0,133.0,1.0,0,0.391
196,2,451.0,399.0,260.0,164.0,1.0,3,0.763
196,3,563.0,407.0,31.0,140.0,1.0,0,0.95
196,4,509.0,270.0,311.0,196.0,1.0,3,0.763
197,1,478.0,347.0,51.0,133.0,1.0,0,0.391
197,2,449.0,399.0,260.0,164.0,1.0,3,0.764
197,3,566.0,408.0,31.0,141.0,1.0,0,0.936
197,4,507.0,270.0,311.0,196.0,1.0,3,0.759
198,1,481.0,347.0,51.0,133.0,1.0,0,0.391
198,2,447.0,399.0,260.0,164.0,1.0,3,0.764
198,3,569.0,408.0,31.0,141.0,1.0,0,0.936
198,4,506.0,270.0,311.0,196.0,1.0,3,0.757
199,1,484.0,347.0,51.0,133.0,1.0,0,0.391
199,2,444.0,399.0,260.0,164.0,1.0,3,0.764
199,3,572.0,408.0,31.0,141.0,1.0,0,0.936
199,4,504.0,269.0,311.0,196.0,1.0,3,0.757
200,1,487.0,347.0,51.0,133.0,1.0,0,0.391
200,2,442.0,399.0,260.0,164.0,1.0,3,0.764
200,3,574.0,408.0,31.0,141.0,1.0,0,0.936
200,4,502.0,269.0,311.0,196.0,1.0,3,0.753
201,1,490.0,346.0,51.0,133.0,1.0,0,0.398
201,2,440.0,399.0,260.0,164.0,1.0,3,0.764
201,3,577.0,408.0,31.0,141.0,1.0,0,0.936
201,4,500.0,269.0,313.0,197.0,1.0,3,0.747
202,1,493.0,346.0,51.0,133.0,1.0,0,0.398
202,2,437.0,399.0,262.0,165.0,1.0,3,0.76
202,3,580.0,408.0,31.0,141.0,1.0,0,0.936
202,4,498.0,269.0,313.0,197.0,1.0,3,0.742
203,1,496.0,346.0,51.0,133.0,1.0,0,0.391
203,2,435.0,398.0,262.0,165.0,1.0,3,0.766
203,3,582.0,408.0,31.0,141.0,1.0,0,0.936
203,4,496.0,268.0,313.0,197.0,1.0,3,0.739
204,1,499.0,346.0,51.0,133.0,1.0,0,0.391
204,2,433.0,398.0,262.0,165.0,1.0,3,0.766
204,3,585.0,408.0,31.0,141.0,1.0,0,0.936
204,4,494.0,268.0,313.0,197.0,1.0,3,0.739
205,1,502.0,346.0,51.0,133.0,1.0,0,0.391
205,2,430.0,398.0,262.0,165.0,1.0,3,0.766
205,3,588.0,408.0,31.0,141.0,1.0,0,0.936
205,4,492.0,268.0,313.0,197.0,1.0,3,0.74
206,1,505.0,346.0,51.0,133.0,1.0,0,0.391
206,2,428.0,398.0,262.0,165.0,1.0,3,0.767
206,3,591.0,409.0,31.0,141.0,1.0,0,0.929
206,4,490.0,268.0,313.0,197.0,1.0,3,0.74
207,1,508.0,346.0,51.0,133.0,1.0,0,0.391
207,2,426.0,398.0,262.0,165.0,1.0,3,0.767
207,3,593.0,409.0,31.0,141.0,1.0,0,0.929
207,4,488.0,268.0,313.0,197.0,1.0,3,0.74
208,1,511.0,346.0,51.0,133.0,1.0,0,0.391
208,2,423.0,398.0,262.0,165.0,1.0,3,0.767
208,3,596.0,409.0,31.0,141.0,1.0,0,0.929
208,4,486.0,267.0,313.0,197.0,1.0,3,0.744
209,1,514.0,346.0,51.0,133.0,1.0,0,0.383
209,2,421.0,397.0,262.0,165.0,1.0,3,0.773
209,3,599.0,409.0,31.0,141.0,1.0,0,0.929
209,4,484.0,267.0,313.0,197.0,1.0,3,0.742
210,1,517.0,346.0,51.0,133.0,1.0,0,0.383
210,2,419.0,397.0,262.0,165.0,1.0,3,0.773
210,3,601.0,409.0,31.0,142.0,1.0,0,0.923
210,4,482.0,267.0,313.0,197.0,1.0,3,0.742
211,1,520.0,346.0,51.0,133.0,1.0,0,0.383
211,2,416.0,397.0,262.0,165.0,1.0,3,0.773
211,3,604.0,409.0,31.0,142.0,1.0,0,0.923
211,4,480.0,267.0,313.0,197.0,1.0,3,0.743
212,1,523.0,346.0,51.0,133.0,1.0,0,0.383
212,2,414.0,397.0,262.0,165.0,1.0,3,0.773
212,3,607.0,409.0,31.0,142.0,1.0,0,0.923
212,4,478.0,266.0,314.0,198.0,1.0,3,0.745
213,1,526.0,346.0,51.0,133.0,1.0,0,0.383
213,2,412.0,397.0,262.0,165.0,1.0,3,0.773
213,3,609.0,409.0,31.0,142.0,1.0,0,0.923
213,4,476.0,266.0,314.0,198.0,1.0,3,0.745
214,1,529.0,346.0,51.0,133.0,1.0,0,0.383
214,2,409.0,397.0,262.0,165.0,1.0,3,0.773
214,3,612.0,410.0,31.0,142.0,1.0,0,0.915
214,4,474.0,266.0,314.0,198.0,1.0,3,0.746
215,1,531.0,345.0,51.0,133.0,1.0,0,0.391
215,2,407.0,397.0,262.0,165.0,1.0,3,0.773
215,3,615.0,410.0,31.0,142.0,1.0,0,0.915
215,4,472.0,266.0,314.0,198.0,1.0,3,0.745
216,1,534.0,345.0,51.0,133.0,1.0,0,0.383
216,2,405.0,396.0,263.0,166.0,1.0,3,0.775
216,3,618.0,410.0,31.0,142.0,1.0,0,0.915
216,4,470.0,265.0,314.0,198.0,1.0,3,0.745
217,1,537.0,345.0,51.0,133.0,1.0,0,0.383
217,2,402.0,396.0,263.0,166.0,1.0,3,0.775
217,3,620.0,410.0,31.0,142.0,1.0,0,0.915
217,4,468.0,265.0,314.0,198.0,1.0,3,0.746
218,1,540.0,345.0,51.0,133.0,1.0,0,0.383
218,2,400.0,396.0,263.0,166.0,1.0,3,0.775
218,3,623.0,410.0,31.0,142.0,1.0,0,0.915
218,4,466.0,265.0,314.0,198.0,1.0,3,0.746
219,1,543.0,345.0,51.0,133.0,1.0,0,0.383
219,2,398.0,396.0,263.0,166.0,1.0,3,0.775
219,3,626.0,410.0,31.0,142.0,1.0,0,0.915
219,4,464.0,265.0,314.0,198.0,1.0,3,0.746
220,1,546.0,345.0,51.0,133.0,1.0,0,0.383
220,2,395.0,396.0,263.0,166.0,1.0,3,0.778
220,3,628.0,410.0,31.0,142.0,1.0,0,0.915
220,4,462.0,264.0,314.0,198.0,1.0,3,0.749
221,1,549.0,345.0,51.0,133.0,1.0,0,0.383
221,2,393.0,396.0,263.0,166.0,1.0,3,0.793
221,3,631.0,410.0,31.0,142.0,1.0,0,0.915
221,4,460.0,264.0,314.0,198.0,1.0,3,0.745
222,1,552.0,345.0,51.0,133.0,1.0,0,0.376
222,2,391.0,395.0,263.0,166.0,1.0,3,0.814
222,3,634.0,410.0,31.0,142.0,1.0,0,0.915
222,4,458.0,264.0,314.0,198.0,1.0,3,0.739
223,1,555.0,345.0,51.0,133.0,1.0,0,0.376
223,2,388.0,395.0,263.0,166.0,1.0,3,0.829
223,3,636.0,411.0,31.0,142.0,1.0,0,0.908
223,4,456.0,264.0,316.0,199.0,1.0,3,0.735
224,1,558.0,345.0,51.0,133.0,1.0,0,0.376
224,2,386.0,395.0,263.0,166.0,1.0,3,0.844
224,3,639.0,411.0,31.0,143.0,1.0,0,0.902
224,4,454.0,263.0,316.0,199.0,1.0,3,0.735
225,1,561.0,345.0,51.0,133.0,1.0,0,0.376
225,2,384.0,395.0,263.0,166.0,1.0,3,0.859
225,3,642.0,411.0,31.0,143.0,1.0,0,0.902
225,4,452.0,263.0,316.0,199.0,1.0,3,0.731
226,1,564.0,345.0,51.0,133.0,1.0,0,0.376
226,2,382.0,395.0,263.0,166.0,1.0,3,0.873
226,3,645.0,411.0,31.0,143.0,1.0,0,0.902
226,4,450.0,263.0,316.0,199.0,1.0,3,0.727
227,1,567.0,345.0,51.0,133.0,1.0,0,0.376
227,2,379.0,395.0,263.0,166.0,1.0,3,0.873
227,3,647.0,411.0,31.0,143.0,1.0,0,0.902
227,4,448.0,263.0,316.0,199.0,1.0,3,0.728
228,1,570.0,344.0,51.0,133.0,1.0,0,0.383
228,2,377.0,395.0,263.0,166.0,1.0,3,0.873
228,3,650.0,411.0,31.0,143.0,1.0,0,0.902
228,4,446.0,263.0,316.0,199.0,1.0,3,0.727
229,1,573.0,344.0,51.0,133.0,1.0,0,0.376
229,2,375.0,394.0,263.0,166.0,1.0,3,0.88
229,3,653.0,411.0,31.0,143.0,1.0,0,0.902
229,4,444.0,262.0,316.0,199.0,1.0,3,0.728
230,1,576.0,344.0,51.0,133.0,1.0,0,0.376
230,2,372.0,394.0,265.0,167.0,1.0,3,0.874
230,3,655.0,411.0,31.0,143.0,1.0,0,0.902
230,4,442.0,262.0,316.0,199.0,1.0,3,0.727
231,1,579.0,344.0,51.0,133.0,1.0,0,0.376
231,2,370.0,394.0,265.0,167.0,1.0,3,0.874
231,3,658.0,411.0,31.0,143.0,1.0,0,0.902
231,4,441.0,262.0,316.0,199.0,1.0,3,0.728
232,1,582.0,344.0,51.0,133.0,1.0,0,0.376
232,2,368.0,394.0,265.0,167.0,1.0,3,0.874
232,3,661.0,412.0,31.0,143.0,1.0,0,0.895
232,4,439.0,262.0,316.0,199.0,1.0,3,0.729
233,1,585.0,344.0,51.0,133.0,1.0,0,0.449
233,2,365.0,394.0,265.0,167.0,1.0,3,0.874
233,3,664.0,412.0,31.0,143.0,1.0,0,0.895
233,4,437.0,261.0,316.0,199.0,1.0,3,0.727
234,1,588.0,344.0,51.0,133.0,1.0,0,0.511
234,2,363.0,394.0,265.0,167.0,1.0,3,0.874
234,3,666.0,412.0,31.0,143.0,1.0,0,0.895
234,4,435.0,261.0,317.0,200.0,1.0,3,0.72
235,1,591.0,344.0,51.0,133.0,1.0,0,0.567
235,2,361.0,393.0,265.0,167.0,1.0,3,0.88
235,3,669.0,412.0,31.0,143.0,1.0,0,0.895
235,4,433.0,261.0,317.0,200.0,1.0,3,0.712
236,1,594.0,344.0,51.0,133.0,1.0,0,0.641
236,2,358.0,393.0,265.0,167.0,1.0,3,0.88
236,3,672.0,412.0,31.0,143.0,1.0,0,0.895
236,4,431.0,261.0,317.0,200.0,1.0,3,0.707
237,1,597.0,344.0,51.0,133.0,1.0,0,0.703
237,2,356.0,393.0,265.0,167.0,1.0,3,0.88
237,3,674.0,412.0,31.0,144.0,1.0,0,0.889
237,4,429.0,260.0,317.0,200.0,1.0,3,0.706
238,1,599.0,344.0,51.0,133.0,1.0,0,0.752
238,2,354.0,393.0,265.0,167.0,1.0,3,0.88
238,3,677.0,412.0,31.0,144.0,1.0,0,0.889
238,4,427.0,260.0,317.0,200.0,1.0,3,0.701
239,1,602.0,344.0,51.0,133.0,1.0,0,0.827
239,2,351.0,393.0,265.0,167.0,1.0,3,0.88
239,3,680.0,412.0,31.0,144.0,1.0,0,0.889
239,4,425.0,260.0,317.0,200.0,1.0,3,0.696
240,1,605.0,344.0,51.0,133.0,1.0,0,0.889
240,2,349.0,393.0,265.0,167.0,1.0,3,0.88
240,3,682.0,413.0,31.0,144.0,1.0,0,0.882
240,4,423.0,260.0,317.0,200.0,1.0,3,0.691
241,1,608.0,344.0,51.0,133.0,1.0,0,0.95
241,2,347.0,393.0,265.0,167.0,1.0,3,0.88
241,3,685.0,413.0,31.0,144.0,1.0,0,0.882
241,4,421.0,259.0,317.0,200.0,1.0,3,0.69
242,1,611.0,343.0,51.0,133.0,1.0,0,1.0
242,2,344.0,392.0,265.0,167.0,1.0,3,0.886
242,3,688.0,413.0,31.0,144.0,1.0,0,0.882
242,4,419.0,259.0,317.0,200.0,1.0,3,0.683
243,1,614.0,343.0,51.0,133.0,1.0,0,1.0
243,2,342.0,392.0,267.0,168.0,1.0,3,0.881
243,3,691.0,413.0,31.0,144.0,1.0,0,0.882
243,4,417.0,259.0,317.0,200.0,1.0,3,0.681
244,1,617.0,343.0,51.0,133.0,1.0,0,1.0
244,2,340.0,392.0,267.0,168.0,1.0,3,0.881
244,3,693.0,413.0,31.0,144.0,1.0,0,0.882
244,4,415.0,259.0,317.0,200.0,1.0,3,0.681
245,1,620.0,343.0,51.0,133.0,1.0,0,1.0
245,2,337.0,392.0,267.0,168.0,1.0,3,0.881
245,3,696.0,413.0,31.0,144.0,1.0,0,0.882
245,4,413.0,258.0,319.0,201.0,1.0,3,0.686
246,1,623.0,343.0,51.0,133.0,1.0,0,1.0
246,2,335.0,392.0,267.0,168.0,1.0,3,0.881
246,3,699.0,413.0,31.0,144.0,1.0,0,0.882
246,4,411.0,258.0,319.0,201.0,1.0,3,0.686
247,1,626.0,343.0,51.0,133.0,1.0,0,1.0
247,2,333.0,392.0,267.0,168.0,1.0,3,0.881
247,3,701.0,413.0,31.0,144.0,1.0,0,0.882
247,4,409.0,258.0,319.0,201.0,1.0,3,0.689
248,1,629.0,343.0,51.0,133.0,1.0,0,1.0
248,2,330.0,391.0,267.0,168.0,1.0,3,0.887
248,3,704.0,413.0,31.0,144.0,1.0,0,0.882
248,4,407.0,258.0,319.0,201.0,1.0,3,0.69
249,1,632.0,343.0,51.0,133.0,1.0,0,1.0
249,2,328.0,391.0,267.0,168.0,1.0,3,0.887
249,3,707.0,414.0,31.0,144.0,1.0,0,0.875
249,4,405.0,258.0,319.0,201.0,1.0,3,0.694
250,1,635.0,343.0,51.0,133.0,1.0,0,1.0
250,2,326.0,391.0,267.0,168.0,1.0,3,0.887
250,3,709.0,414.0,32.0,145.0,1.0,0,0.869
250,4,403.0,257.0,319.0,201.0,1.0,3,0.701
251,1,638.0,343.0,50.0,132.0,1.0,0,1.0
251,2,323.0,391.0,267.0,168.0,1.0,3,0.887
251,3,712.0,414.0,32.0,145.0,1.0,0,0.869
251,4,401.0,257.0,319.0,201.0,1.0,3,0.707
252,1,641.0,343.0,50.0,132.0,1.0,0,1.0
252,2,321.0,391.0,267.0,168.0,1.0,3,0.887
252,3,715.0,414.0,32.0,145.0,1.0,0,0.869
252,4,399.0,257.0,319.0,201.0,1.0,3,0.711
253,1,644.0,343.0,50.0,132.0,1.0,0,1.0
253,2,319.0,391.0,267.0,168.0,1.0,3,0.887
253,3,718.0,414.0,32.0,145.0,1.0,0,0.869
253,4,397.0,257.0,319.0,201.0,1.0,3,0.713
254,1,647.0,343.0,50.0,132.0,1.0,0,1.0
254,2,317.0,391.0,267.0,168.0,1.0,3,0.887
254,3,720.0,414.0,32.0,145.0,1.0,0,0.869
254,4,395.0,256.0,319.0,201.0,1.0,3,0.717
255,1,650.0,342.0,50.0,132.0,1.0,0,1.0
255,2,314.0,390.0,267.0,168.0,1.0,3,0.893
255,3,723.0,414.0,32.0,145.0,1.0,0,0.869
255,4,393.0,256.0,319.0,201.0,1.0,3,0.714
256,1,653.0,342.0,50.0,132.0,1.0,0,1.0
256,2,312.0,390.0,267.0,168.0,1.0,3,0.893
256,3,726.0,414.0,32.0,145.0,1.0,0,0.869
256,4,391.0,256.0,321.0,202.0,1.0,3,0.713
257,1,656.0,342.0,50.0,132.0,1.0,0,1.0
257,2,310.0,390.0,268.0,169.0,1.0,3,0.888
257,3,728.0,415.0,32.0,145.0,1.0,0,0.862
257,4,389.0,256.0,321.0,202.0,1.0,3,0.712
258,1,659.0,342.0,50.0,132.0,1.0,0,1.0
258,2,307.0,390.0,268.0,169.0,1.0,3,0.888
258,3,731.0,415.0,32.0,145.0,1.0,0,0.862
258,4,387.0,255.0,321.0,202.0,1.0,3,0.719
259,1,662.0,342.0,50.0,132.0,1.0,0,1.0
259,2,305.0,390.0,268.0,169.0,1.0,3,0.888
259,3,734.0,415.0,32.0,145.0,1.0,0,0.862
259,4,385.0,255.0,321.0,202.0,1.0,3,0.728
260,1,665.0,342.0,50.0,132.0,1.0,0,1.0
260,2,303.0,390.0,268.0,169.0,1.0,3,0.888
260,3,737.0,415.0,32.0,145.0,1.0,0,0.862
260,4,383.0,255.0,321.0,202.0,1.0,3,0.737
261,1,668.0,342.0,50.0,132.0,1.0,0,1.0
261,2,300.0,389.0,268.0,169.0,1.0,3,0.893
261,3,739.0,415.0,32.0,145.0,1.0,0,0.862
261,4,381.0,255.0,321.0,202.0,1.0,3,0.744
262,1,670.0,342.0,50.0,132.0,1.0,0,1.0
262,2,298.0,389.0,268.0,169.0,1.0,3,0.893
262,3,742.0,415.0,32.0,145.0,1.0,0,0.862
262,4,379.0,254.0,321.0,202.0,1.0,3,0.754
263,1,673.0,342.0,50.0,132.0,1.0,0,1.0
263,2,296.0,389.0,268.0,169.0,1.0,3,0.893
263,3,745.0,415.0,32.0,145.0,1.0,0,0.862
263,4,378.0,254.0,321.0,202.0,1.0,3,0.762
264,1,676.0,342.0,50.0,132.0,1.0,0,1.0
264,2,293.0,389.0,268.0,169.0,1.0,3,0.893
264,3,747.0,415.0,32.0,146.0,1.0,0,0.856
264,4,376.0,254.0,321.0,202.0,1.0,3,0.772
265,1,679.0,342.0,50.0,132.0,1.0,0,1.0
265,2,291.0,389.0,268.0,169.0,1.0,3,0.893
265,3,750.0,415.0,32.0,146.0,1.0,0,0.856
265,4,374.0,254.0,321.0,202.0,1.0,3,0.781
266,1,682.0,342.0,50.0,132.0,1.0,0,1.0
266,2,289.0,389.0,268.0,169.0,1.0,3,0.893
266,3,753.0,416.0,32.0,146.0,1.0,0,0.849
266,4,372.0,253.0,321.0,202.0,1.0,3,0.793
267,1,685.0,342.0,50.0,132.0,1.0,0,1.0
267,2,286.0,389.0,268.0,169.0,1.0,3,0.893
267,3,755.0,416.0,32.0,146.0,1.0,0,0.849
267,4,370.0,253.0,322.0,203.0,1.0,3,0.799
268,1,688.0,341.0,50.0,132.0,1.0,0,1.0
268,2,284.0,388.0,268.0,169.0,1.0,3,0.899
268,3,758.0,416.0,32.0,146.0,1.0,0,0.849
268,4,368.0,253.0,322.0,203.0,1.0,3,0.805
269,1,691.0,341.0,50.0,132.0,1.0,0,1.0
269,2,282.0,388.0,268.0,169.0,1.0,3,0.899
269,3,761.0,416.0,32.0,146.0,1.0,0,0.849
269,4,366.0,253.0,322.0,203.0,1.0,3,0.809
270,1,694.0,341.0,50.0,132.0,1.0,0,1.0
270,2,279.0,388.0,268.0,169.0,1.0,3,0.899
270,3,764.0,416.0,32.0,146.0,1.0,0,0.849
270,4,364.0,252.0,322.0,203.0,1.0,3,0.812
271,1,697.0,341.0,50.0,132.0,1.0,0,1.0
271,2,277.0,388.0,270.0,170.0,1.0,3,0.894
271,3,766.0,416.0,32.0,146.0,1.0,0,0.849
271,4,362.0,252.0,322.0,203.0,1.0,3,0.81
272,1,700.0,341.0,50.0,132.0,1.0,0,1.0
272,2,275.0,388.0,270.0,170.0,1.0,3,0.894
272,3,769.0,416.0,32.0,146.0,1.0,0,0.849
272,4,360.0,252.0,322.0,203.0,1.0,3,0.81
273,1,703.0,341.0,50.0,132.0,1.0,0,1.0
273,2,272.0,388.0,270.0,170.0,1.0,3,0.894
273,3,772.0,416.0,32.0,146.0,1.0,0,0.849
273,4,358.0,252.0,322.0,203.0,1.0,3,0.811
274,1,706.0,341.0,50.0,132.0,1.0,0,1.0
274,2,270.0,387.0,270.0,170.0,1.0,3,0.9
274,3,774.0,416.0,32.0,146.0,1.0,0,0.849
274,4,356.0,252.0,322.0,203.0,1.0,3,0.809
275,1,709.0,341.0,50.0,132.0,1.0,0,1.0
275,2,268.0,387.0,270.0,170.0,1.0,3,0.9
275,3,777.0,417.0,32.0,146.0,1.0,0,0.842
275,4,354.0,251.0,322.0,203.0,1.0,3,0.811
276,1,712.0,341.0,50.0,132.0,1.0,0,1.0
276,2,265.0,387.0,270.0,170.0,1.0,3,0.9
276,3,780.0,417.0,32.0,146.0,1.0,0,0.842
276,4,352.0,251.0,322.0,203.0,1.0,3,0.812
277,1,715.0,341.0,50.0,132.0,1.0,0,1.0
277,2,263.0,387.0,270.0,170.0,1.0,3,0.9
277,3,782.0,417.0,32.0,147.0,1.0,0,0.837
277,4,350.0,251.0,322.0,203.0,1.0,3,0.812
278,1,718.0,341.0,50.0,132.0,1.0,0,1.0
278,2,261.0,387.0,270.0,170.0,1.0,3,0.9
278,3,785.0,417.0,32.0,147.0,1.0,0,0.837
278,4,348.0,251.0,324.0,204.0,1.0,3,0.812
279,1,721.0,341.0,50.0,132.0,1.0,0,1.0
279,2,258.0,387.0,270.0,170.0,1.0,3,0.9
279,3,788.0,417.0,32.0,147.0,1.0,0,0.837
279,4,346.0,250.0,324.0,204.0,1.0,3,0.816
280,1,724.0,341.0,50.0,132.0,1.0,0,1.0
280,2,256.0,387.0,270.0,170.0,1.0,3,0.9
280,3,791.0,417.0,32.0,147.0,1.0,0,0.837
280,4,344.0,250.0,324.0,204.0,1.0,3,0.816
281,1,727.0,341.0,50.0,132.0,1.0,0,1.0
281,2,254.0,386.0,270.0,170.0,1.0,3,0.906
281,3,793.0,417.0,32.0,147.0,1.0,0,0.837
281,4,342.0,250.0,324.0,204.0,1.0,3,0.813
282,1,730.0,340.0,50.0,132.0,1.0,0,1.0
282,2,252.0,386.0,270.0,170.0,1.0,3,0.906
282,3,796.0,417.0,32.0,147.0,1.0,0,0.837
282,4,340.0,250.0,324.0,204.0,1.0,3,0.813
283,1,733.0,340.0,50.0,132.0,1.0,0,1.0
283,2,249.0,386.0,270.0,170.0,1.0,3,0.906
283,3,799.0,418.0,32.0,147.0,1.0,0,0.83
283,4,338.0,249.0,324.0,204.0,1.0,3,0.817
284,1,736.0,340.0,50.0,132.0,1.0,0,1.0
284,2,247.0,386.0,271.0,171.0,1.0,3,0.901
284,3,801.0,418.0,32.0,147.0,1.0,0,0.83
284,4,336.0,249.0,324.0,204.0,1.0,3,0.816
285,1,738.0,340.0,50.0,132.0,1.0,0,1.0
285,2,245.0,386.0,271.0,171.0,1.0,3,0.901
285,3,804.0,418.0,32.0,147.0,1.0,0,0.83
285,4,334.0,249.0,324.0,204.0,1.0,3,0.816
286,1,741.0,340.0,50.0,132.0,1.0,0,1.0
286,2,242.0,386.0,271.0,171.0,1.0,3,0.901
286,3,807.0,418.0,32.0,147.0,1.0,0,0.83
286,4,332.0,249.0,324.0,204.0,1.0,3,0.817
287,1,744.0,340.0,50.0,132.0,1.0,0,1.0
287,2,240.0,385.0,271.0,171.0,1.0,3,0.906
287,3,810.0,418.0,32.0,147.0,1.0,0,0.83
287,4,330.0,248.0,324.0,204.0,1.0,3,0.817
288,1,747.0,340.0,50.0,132.0,1.0,0,1.0
288,2,238.0,385.0,271.0,171.0,1.0,3,0.906
288,3,812.0,418.0,32.0,147.0,1.0,0,0.83
288,4,328.0,248.0,324.0,204.0,1.0,3,0.817
289,1,750.0,340.0,50.0,132.0,1.0,0,1.0
289,2,235.0,385.0,271.0,171.0,1.0,3,0.906
289,3,815.0,418.0,32.0,147.0,1.0,0,0.83
289,4,326.0,248.0,325.0,205.0,1.0,3,0.816
290,1,753.0,340.0,50.0,132.0,1.0,0,1.0
290,2,233.0,385.0,271.0,171.0,1.0,3,0.906
290,3,818.0,418.0,32.0,148.0,1.0,0,0.824
290,4,324.0,248.0,325.0,205.0,1.0,3,0.816
291,1,756.0,340.0,50.0,132.0,1.0,0,1.0
291,2,231.0,385.0,271.0,171.0,1.0,3,0.906
291,3,820.0,418.0,32.0,148.0,1.0,0,0.824
291,4,322.0,247.0,325.0,205.0,1.0,3,0.819
292,1,759.0,340.0,50.0,132.0,1.0,0,1.0
292,2,228.0,385.0,271.0,171.0,1.0,3,0.906
292,3,823.0,419.0,32.0,148.0,1.0,0,0.818
292,4,320.0,247.0,325.0,205.0,1.0,3,0.82
293,1,762.0,340.0,50.0,132.0,1.0,0,1.0
293,2,226.0,385.0,271.0,171.0,1.0,3,0.906
293,3,826.0,419.0,32.0,148.0,1.0,0,0.818
293,4,318.0,247.0,325.0,205.0,1.0,3,0.82
294,1,765.0,340.0,50.0,132.0,1.0,0,1.0
294,2,224.0,384.0,271.0,171.0,1.0,3,0.912
294,3,828.0,419.0,32.0,148.0,1.0,0,0.818
294,4,316.0,247.0,325.0,205.0,1.0,3,0.817
295,1,768.0,339.0,50.0,132.0,1.0,0,1.0
295,2,221.0,384.0,271.0,171.0,1.0,3,0.912
295,3,831.0,419.0,32.0,148.0,1.0,0,0.818
295,4,315.0,247.0,325.0,205.0,1.0,3,0.819
296,1,771.0,339.0,50.0,132.0,1.0,0,1.0
296,2,219.0,384.0,271.0,171.0,1.0,3,0.912
296,3,834.0,419.0,32.0,148.0,1.0,0,0.818
296,4,313.0,246.0,325.0,205.0,1.0,3,0.822
297,1,774.0,339.0,50.0,132.0,1.0,0,1.0
297,2,217.0,384.0,271.0,171.0,1.0,3,0.912
297,3,837.0,419.0,32.0,148.0,1.0,0,0.818
297,4,311.0,246.0,325.0,205.0,1.0,3,0.822
298,1,777.0,339.0,50.0,132.0,1.0,0,1.0
298,2,214.0,384.0,273.0,172.0,1.0,3,0.907
298,3,839.0,419.0,32.0,148.0,1.0,0,0.818
298,4,309.0,246.0,325.0,205.0,1.0,3,0.821
299,1,780.0,339.0,50.0,132.0,1.0,0,1.0
299,2,212.0,384.0,273.0,172.0,1.0,3,0.907
299,3,842.0,419.0,32.0,148.0,1.0,0,0.818
299,4,307.0,246.0,325.0,205.0,1.0,3,0.821
300,1,783.0,339.0,50.0,132.0,1.0,0,1.0
300,2,210.0,383.0,273.0,172.0,1.0,3,0.913
300,3,845.0,420.0,32.0,148.0,1.0,0,0.811
300,4,305.0,245.0,325.0,205.0,1.0,3,0.821
301,1,786.0,339.0,50.0,132.0,1.0,0,1.0
301,2,207.0,383.0,273.0,172.0,1.0,3,0.913
301,3,847.0,420.0,32.0,148.0,1.0,0,0.811
301,4,303.0,245.0,327.0,206.0,1.0,3,0.821
302,1,789.0,339.0,50.0,132.0,1.0,0,1.0
302,2,205.0,383.0,273.0,172.0,1.0,3,0.913
302,3,850.0,420.0,32.0,148.0,1.0,0,0.811
302,4,301.0,245.0,327.0,206.0,1.0,3,0.821
303,1,792.0,339.0,50.0,132.0,1.0,0,1.0
303,2,203.0,383.0,273.0,172.0,1.0,3,0.913
303,3,853.0,420.0,32.0,148.0,1.0,0,0.811
303,4,299.0,245.0,327.0,206.0,1.0,3,0.821
304,1,795.0,339.0,50.0,132.0,1.0,0,1.0
304,2,200.0,383.0,273.0,172.0,1.0,3,0.913
304,3,855.0,420.0,33.0,149.0,1.0,0,0.805
304,4,297.0,244.0,327.0,206.0,1.0,3,0.825
305,1,798.0,339.0,50.0,132.0,1.0,0,1.0
305,2,198.0,383.0,273.0,172.0,1.0,3,0.913
305,3,858.0,420.0,33.0,149.0,1.0,0,0.805
305,4,295.0,244.0,327.0,206.0,1.0,3,0.825
306,1,801.0,339.0,50.0,132.0,1.0,0,1.0
306,2,196.0,383.0,273.0,172.0,1.0,3,0.913
306,3,861.0,420.0,33.0,149.0,1.0,0,0.805
306,4,293.0,244.0,327.0,206.0,1.0,3,0.825
307,1,804.0,339.0,50.0,132.0,1.0,0,1.0
307,2,193.0,382.0,273.0,172.0,1.0,3,0.919
307,3,864.0,420.0,33.0,149.0,1.0,0,0.805
307,4,291.0,244.0,327.0,206.0,1.0,3,0.823
308,1,807.0,339.0,50.0,132.0,1.0,0,1.0
308,2,191.0,382.0,273.0,172.0,1.0,3,0.919
308,3,866.0,420.0,33.0,149.0,1.0,0,0.805
308,4,289.0,243.0,327.0,206.0,1.0,3,0.826
309,1,809.0,338.0,50.0,132.0,1.0,0,1.0
309,2,189.0,382.0,273.0,172.0,1.0,3,0.919
309,3,869.0,421.0,33.0,149.0,1.0,0,0.799
309,4,287.0,243.0,327.0,206.0,1.0,3,0.826
310,1,812.0,338.0,50.0,132.0,1.0,0,1.0
310,2,187.0,382.0,273.0,172.0,1.0,3,0.919
310,3,872.0,421.0,33.0,149.0,1.0,0,0.799
310,4,285.0,243.0,327.0,206.0,1.0,3,0.826
311,1,815.0,338.0,50.0,132.0,1.0,0,1.0
311,2,184.0,382.0,273.0,172.0,1.0,3,0.919
311,3,874.0,421.0,33.0,149.0,1.0,0,0.799
311,4,283.0,243.0,327.0,206.0,1.0,3,0.827
312,1,818.0,338.0,50.0,132.0,1.0,0,1.0
312,2,182.0,382.0,275.0,173.0,1.0,3,0.913
312,3,877.0,421.0,33.0,149.0,1.0,0,0.799
312,4,281.0,242.0,329.0,207.0,1.0,3,0.827
313,1,821.0,338.0,50.0,132.0,1.0,0,1.0
313,2,180.0,381.0,275.0,173.0,1.0,3,0.919
313,3,880.0,421.0,33.0,149.0,1.0,0,0.799
313,4,279.0,242.0,329.0,207.0,1.0,3,0.824
314,1,824.0,338.0,50.0,132.0,1.0,0,1.0
314,2,177.0,381.0,275.0,173.0,1.0,3,0.919
314,3,883.0,421.0,33.0,149.0,1.0,0,0.799
314,4,277.0,242.0,329.0,207.0,1.0,3,0.825
315,1,827.0,338.0,50.0,132.0,1.0,0,1.0
315,2,175.0,381.0,275.0,173.0,1.0,3,0.919
315,3,885.0,421.0,33.0,149.0,1.0,0,0.799
315,4,275.0,242.0,329.0,207.0,1.0,3,0.825
316,1,830.0,338.0,50.0,132.0,1.0,0,1.0
316,2,173.0,381.0,275.0,173.0,1.0,3,0.919
316,3,888.0,421.0,33.0,149.0,1.0,0,0.799
316,4,273.0,242.0,329.0,207.0,1.0,3,0.825
317,1,833.0,338.0,50.0,132.0,1.0,0,1.0
317,2,170.0,381.0,275.0,173.0,1.0,3,0.919
317,3,891.0,421.0,33.0,150.0,1.0,0,0.793
317,4,271.0,241.0,329.0,207.0,1.0,3,0.829
318,1,836.0,338.0,50.0,132.0,1.0,0,1.0
318,2,168.0,381.0,275.0,173.0,1.0,3,0.919
318,3,893.0,422.0,33.0,150.0,1.0,0,0.787
318,4,269.0,241.0,329.0,207.0,1.0,3,0.829
319,1,839.0,338.0,50.0,132.0,1.0,0,1.0
319,2,166.0,381.0,275.0,173.0,1.0,3,0.919
319,3,896.0,422.0,33.0,150.0,1.0,0,0.787
319,4,267.0,241.0,329.0,207.0,1.0,3,0.829
320,1,842.0,338.0,50.0,132.0,1.0,0,1.0
320,2,163.0,380.0,275.0,173.0,1.0,3,0.925
320,3,899.0,422.0,33.0,150.0,1.0,0,0.787
320,4,265.0,241.0,329.0,207.0,1.0,3,0.827
321,1,845.0,338.0,50.0,132.0,1.0,0,1.0
321,2,161.0,380.0,275.0,173.0,1.0,3,0.925
321,3,901.0,422.0,33.0,150.0,1.0,0,0.787
321,4,263.0,240.0,329.0,207.0,1.0,3,0.83
322,1,848.0,337.0,50.0,132.0,1.0,0,1.0
322,2,159.0,380.0,275.0,173.0,1.0,3,0.925
322,3,904.0,422.0,33.0,150.0,1.0,0,0.787
322,4,261.0,240.0,329.0,207.0,1.0,3,0.83
323,1,851.0,337.0,50.0,132.0,1.0,0,1.0
323,2,156.0,380.0,275.0,173.0,1.0,3,0.925
323,3,907.0,422.0,33.0,150.0,1.0,0,0.787
323,4,259.0,240.0,330.0,208.0,1.0,3,0.83
324,1,854.0,337.0,50.0,132.0,1.0,0,1.0
324,2,154.0,380.0,275.0,173.0,1.0,3,0.925
324,3,910.0,422.0,33.0,150.0,1.0,0,0.787
324,4,257.0,240.0,330.0,208.0,1.0,3,0.83
325,1,857.0,337.0,50.0,132.0,1.0,0,1.0
325,2,152.0,380.0,276.0,174.0,1.0,3,0.92
325,3,912.0,422.0,33.0,150.0,1.0,0,0.787
325,4,255.0,239.0,330.0,208.0,1.0,3,0.831
326,1,860.0,337.0,50.0,132.0,1.0,0,1.0
326,2,149.0,379.0,276.0,174.0,1.0,3,0.925
326,3,915.0,423.0,33.0,150.0,1.0,0,0.78
326,4,253.0,239.0,330.0,208.0,1.0,3,0.83
327,1,863.0,337.0,50.0,132.0,1.0,0,1.0
327,2,147.0,379.0,276.0,174.0,1.0,3,0.925
327,3,918.0,423.0,33.0,150.0,1.0,0,0.78
327,4,252.0,239.0,330.0,208.0,1.0,3,0.831
328,1,866.0,337.0,50.0,132.0,1.0,0,1.0
328,2,145.0,379.0,276.0,174.0,1.0,3,0.925
328,3,920.0,423.0,33.0,150.0,1.0,0,0.78
328,4,250.0,239.0,330.0,208.0,1.0,3,0.831
329,1,869.0,337.0,50.0,132.0,1.0,0,1.0
329,2,142.0,379.0,276.0,174.0,1.0,3,0.925
329,3,923.0,423.0,33.0,150.0,1.0,0,0.78
329,4,248.0,238.0,330.0,208.0,1.0,3,0.834
330,1,872.0,337.0,50.0,132.0,1.0,0,1.0
330,2,140.0,379.0,276.0,174.0,1.0,3,0.925
330,3,926.0,423.0,33.0,151.0,1.0,0,0.775
330,4,246.0,238.0,330.0,208.0,1.0,3,0.834
331,1,875.0,337.0,50.0,132.0,1.0,0,1.0
331,2,138.0,379.0,276.0,174.0,1.0,3,0.925
331,3,928.0,423.0,33.0,151.0,1.0,0,0.751
331,4,244.0,238.0,330.0,208.0,1.0,3,0.834
332,1,878.0,337.0,50.0,132.0,1.0,0,1.0
332,2,135.0,379.0,276.0,174.0,1.0,3,0.925
332,3,931.0,423.0,33.0,151.0,1.0,0,0.681
332,4,242.0,238.0,330.0,208.0,1.0,3,0.835
333,1,880.0,337.0,50.0,132.0,1.0,0,1.0
333,2,133.0,378.0,276.0,174.0,1.0,3,0.931
333,3,934.0,423.0,33.0,151.0,1.0,0,0.61
333,4,240.0,237.0,330.0,208.0,1.0,3,0.835
334,1,883.0,337.0,50.0,132.0,1.0,0,1.0
334,2,131.0,378.0,276.0,174.0,1.0,3,0.931
334,3,937.0,423.0,33.0,151.0,1.0,0,0.54
334,4,238.0,237.0,332.0,209.0,1.0,3,0.834
335,1,886.0,337.0,50.0,132.0,1.0,0,1.0
335,2,129.0,378.0,276.0,174.0,1.0,3,0.931
335,3,939.0,424.0,33.0,151.0,1.0,0,0.489
335,4,236.0,237.0,332.0,209.0,1.0,3,0.834
336,1,889.0,336.0,50.0,132.0,1.0,0,1.0
336,2,126.0,378.0,276.0,174.0,1.0,3,0.931
336,3,942.0,424.0,33.0,151.0,1.0,0,0.419
336,4,234.0,237.0,332.0,209.0,1.0,3,0.835
337,1,892.0,336.0,50.0,132.0,1.0,0,1.0
337,2,124.0,378.0,276.0,174.0,1.0,3,0.931
337,3,945.0,424.0,33.0,151.0,1.0,0,0.349
337,4,232.0,237.0,332.0,209.0,1.0,3,0.835
338,1,895.0,336.0,50.0,132.0,1.0,0,1.0
338,2,122.0,378.0,276.0,174.0,1.0,3,0.931
338,3,947.0,424.0,33.0,151.0,1.0,0,0.303
338,4,230.0,236.0,332.0,209.0,1.0,3,0.838
339,1,898.0,336.0,50.0,132.0,1.0,0,1.0
339,2,119.0,377.0,278.0,175.0,1.0,3,0.931
339,3,950.0,424.0,33.0,151.0,1.0,0,0.233
339,4,228.0,236.0,332.0,209.0,1.0,3,0.834
340,1,901.0,336.0,50.0,132.0,1.0,0,1.0
340,2,117.0,377.0,278.0,175.0,1.0,3,0.931
340,3,953.0,424.0,33.0,151.0,1.0,0,0.163
340,4,226.0,236.0,332.0,209.0,1.0,3,0.834
341,1,904.0,336.0,50.0,132.0,1.0,0,1.0
341,2,115.0,377.0,278.0,175.0,1.0,3,0.931
341,3,956.0,424.0,33.0,151.0,1.0,0,0.093
341,4,224.0,236.0,332.0,209.0,1.0,3,0.834
342,1,907.0,336.0,50.0,132.0,1.0,0,1.0
342,2,112.0,377.0,278.0,175.0,1.0,3,0.931
342,3,958.0,424.0,33.0,151.0,1.0,0,0.047
342,4,222.0,235.0,332.0,209.0,1.0,3,0.838
343,1,910.0,336.0,50.0,132.0,1.0,0,1.0
343,2,110.0,377.0,278.0,175.0,1.0,3,0.931
343,4,220.0,235.0,332.0,209.0,1.0,3,0.838
344,1,913.0,336.0,50.0,131.0,1.0,0,0.94
344,2,108.0,377.0,278.0,175.0,1.0,3,0.931
344,4,218.0,235.0,332.0,209.0,1.0,3,0.838
345,1,916.0,336.0,50.0,131.0,1.0,0,0.88
345,2,105.0,377.0,278.0,175.0,1.0,3,0.931
345,4,216.0,235.0,333.0,210.0,1.0,3,0.838
346,1,919.0,336.0,50.0,131.0,1.0,0,0.82
346,2,103.0,376.0,278.0,175.0,1.0,3,0.937
346,4,214.0,234.0,333.0,210.0,1.0,3,0.838
347,1,922.0,336.0,50.0,131.0,1.0,0,0.76
347,2,101.0,376.0,278.0,175.0,1.0,3,0.937
347,4,212.0,234.0,333.0,210.0,1.0,3,0.838
348,1,925.0,336.0,50.0,131.0,1.0,0,0.7
348,2,98.0,376.0,278.0,175.0,1.0,3,0.937
348,4,210.0,234.0,333.0,210.0,1.0,3,0.839
349,1,928.0,335.0,50.0,131.0,1.0,0,0.64
349,2,96.0,376.0,278.0,175.0,1.0,3,0.937
349,4,208.0,234.0,333.0,210.0,1.0,3,0.839
350,1,931.0,335.0,50.0,131.0,1.0,0,0.58
350,2,94.0,376.0,278.0,175.0,1.0,3,0.937
350,4,206.0,233.0,333.0,210.0,1.0,3,0.841
351,1,934.0,335.0,50.0,131.0,1.0,0,0.52
351,2,91.0,376.0,278.0,175.0,1.0,3,0.937
351,4,204.0,233.0,333.0,210.0,1.0,3,0.842
352,1,937.0,335.0,50.0,131.0,1.0,0,0.46
352,2,89.0,375.0,278.0,175.0,1.0,3,0.943
352,4,202.0,233.0,333.0,210.0,1.0,3,0.84
353,1,940.0,335.0,50.0,131.0,1.0,0,0.4
353,2,87.0,375.0,279.0,176.0,1.0,3,0.938
353,4,200.0,233.0,333.0,210.0,1.0,3,0.839
354,1,943.0,335.0,50.0,131.0,1.0,0,0.34
354,2,84.0,375.0,279.0,176.0,1.0,3,0.938
354,4,198.0,232.0,333.0,210.0,1.0,3,0.842
355,1,946.0,335.0,50.0,131.0,1.0,0,0.28
355,2,82.0,375.0,279.0,176.0,1.0,3,0.938
355,4,196.0,232.0,333.0,210.0,1.0,3,0.842
356,1,948.0,335.0,50.0,131.0,1.0,0,0.24
356,2,80.0,375.0,279.0,176.0,1.0,3,0.938
356,4,194.0,232.0,335.0,211.0,1.0,3,0.841
357,1,951.0,335.0,50.0,131.0,1.0,0,0.18
357,2,77.0,375.0,279.0,176.0,1.0,3,0.938
357,4,192.0,232.0,335.0,211.0,1.0,3,0.842
358,1,954.0,335.0,50.0,131.0,1.0,0,0.12
358,2,75.0,375.0,279.0,176.0,1.0,3,0.938
358,4,190.0,232.0,335.0,211.0,1.0,3,0.842
359,1,957.0,335.0,50.0,131.0,1.0,0,0.06
359,2,73.0,374.0,279.0,176.0,1.0,3,0.943
359,4,188.0,231.0,335.0,211.0,1.0,3,0.842
360,2,70.0,374.0,279.0,176.0,1.0,3,0.943
360,4,187.0,231.0,335.0,211.0,1.0,3,0.844
361,2,68.0,374.0,279.0,176.0,1.0,3,0.943
361,4,185.0,231.0,335.0,211.0,1.0,3,0.844
362,2,66.0,374.0,279.0,176.0,1.0,3,0.943
362,4,183.0,231.0,335.0,211.0,1.0,3,0.844
363,2,64.0,374.0,279.0,176.0,1.0,3,0.943
363,4,181.0,230.0,335.0,211.0,1.0,3,0.846
364,2,61.0,374.0,279.0,176.0,1.0,3,0.943
364,4,179.0,230.0,335.0,211.0,1.0,3,0.847
365,2,59.0,373.0,279.0,176.0,1.0,3,0.949
365,4,177.0,230.0,335.0,211.0,1.0,3,0.845
366,2,57.0,373.0,281.0,177.0,1.0,3,0.944
366,4,175.0,230.0,335.0,211.0,1.0,3,0.843
367,2,54.0,373.0,281.0,177.0,1.0,3,0.944
367,4,173.0,229.0,336.0,212.0,1.0,3,0.845
368,2,52.0,373.0,281.0,177.0,1.0,3,0.944
368,4,171.0,229.0,336.0,212.0,1.0,3,0.845
369,2,50.0,373.0,281.0,177.0,1.0,3,0.944
369,4,169.0,229.0,336.0,212.0,1.0,3,0.845
370,2,47.0,373.0,281.0,177.0,1.0,3,0.944
370,4,167.0,229.0,336.0,212.0,1.0,3,0.846
371,2,45.0,373.0,281.0,177.0,1.0,3,0.944
371,4,165.0,228.0,336.0,212.0,1.0,3,0.849
372,2,43.0,372.0,281.0,177.0,1.0,3,0.949
372,4,163.0,228.0,336.0,212.0,1.0,3,0.846
373,2,40.0,372.0,281.0,177.0,1.0,3,0.949
373,4,161.0,228.0,336.0,212.0,1.0,3,0.847
374,2,38.0,372.0,281.0,177.0,1.0,3,0.949
374,4,159.0,228.0,336.0,212.0,1.0,3,0.847
375,2,36.0,372.0,281.0,177.0,1.0,3,0.949
375,4,157.0,227.0,336.0,212.0,1.0,3,0.85
376,2,33.0,372.0,281.0,177.0,1.0,3,0.949
376,4,155.0,227.0,336.0,212.0,1.0,3,0.85
377,2,31.0,372.0,281.0,177.0,1.0,3,0.949
377,4,153.0,227.0,336.0,212.0,1.0,3,0.85
378,2,29.0,371.0,281.0,177.0,1.0,3,0.955
378,4,151.0,227.0,338.0,213.0,1.0,3,0.848
379,2,26.0,371.0,281.0,177.0,1.0,3,0.955
379,4,149.0,226.0,338.0,213.0,1.0,3,0.851
380,2,24.0,371.0,283.0,178.0,1.0,3,0.949
380,4,147.0,226.0,338.0,213.0,1.0,3,0.849
381,2,22.0,371.0,283.0,178.0,1.0,3,0.949
381,4,145.0,226.0,338.0,213.0,1.0,3,0.849
382,2,19.0,371.0,283.0,178.0,1.0,3,0.949
382,4,143.0,226.0,338.0,213.0,1.0,3,0.85
383,2,17.0,371.0,283.0,178.0,1.0,3,0.949
383,4,141.0,226.0,338.0,213.0,1.0,3,0.85
384,2,15.0,371.0,283.0,178.0,1.0,3,0.949
384,4,139.0,225.0,338.0,213.0,1.0,3,0.852
385,2,12.0,370.0,283.0,178.0,1.0,3,0.955
385,4,137.0,225.0,338.0,213.0,1.0,3,0.851
386,2,10.0,370.0,283.0,178.0,1.0,3,0.955
386,4,135.0,225.0,338.0,213.0,1.0,3,0.851
387,2,8.0,370.0,283.0,178.0,1.0,3,0.955
387,4,133.0,225.0,338.0,213.0,1.0,3,0.851
388,2,5.0,370.0,283.0,178.0,1.0,3,0.955
388,4,131.0,224.0,338.0,213.0,1.0,3,0.854
389,2,3.0,370.0,283.0,178.0,1.0,3,0.955
389,4,129.0,224.0,340.0,214.0,1.0,3,0.853
390,2,1.0,370.0,283.0,178.0,1.0,3,0.955
390,4,127.0,224.0,340.0,214.0,1.0,3,0.853
391,2,-1.0,369.0,283.0,178.0,1.0,3,0.957
391,4,125.0,224.0,340.0,214.0,1.0,3,0.851
392,2,-4.0,369.0,283.0,178.0,1.0,3,0.947
392,4,124.0,223.0,340.0,214.0,1.0,3,0.855
393,2,-6.0,369.0,283.0,178.0,1.0,3,0.94
393,4,122.0,223.0,340.0,214.0,1.0,3,0.855
394,2,-8.0,369.0,284.0,179.0,1.0,3,0.928
394,4,120.0,223.0,340.0,214.0,1.0,3,0.854
395,2,-11.0,369.0,284.0,179.0,1.0,3,0.918
395,4,118.0,223.0,340.0,214.0,1.0,3,0.855
396,2,-13.0,369.0,284.0,179.0,1.0,3,0.912
396,4,116.0,222.0,340.0,214.0,1.0,3,0.857
397,2,-15.0,369.0,284.0,179.0,1.0,3,0.905
397,4,114.0,222.0,340.0,214.0,1.0,3,0.857
398,2,-18.0,368.0,284.0,179.0,1.0,3,0.9
398,4,112.0,222.0,340.0,214.0,1.0,3,0.856
399,2,-20.0,368.0,284.0,179.0,1.0,3,0.893
399,4,110.0,222.0,340.0,214.0,1.0,3,0.856
400,2,-22.0,368.0,284.0,179.0,1.0,3,0.886
400,4,108.0,221.0,341.0,215.0,1.0,3,0.857
401,2,-25.0,368.0,284.0,179.0,1.0,3,0.876
401,4,106.0,221.0,341.0,215.0,1.0,3,0.858
402,2,-27.0,368.0,284.0,179.0,1.0,3,0.87
402,4,104.0,221.0,341.0,215.0,1.0,3,0.858
403,2,-29.0,368.0,284.0,179.0,1.0,3,0.863
403,4,102.0,221.0,341.0,215.0,1.0,3,0.858
404,2,-32.0,367.0,284.0,179.0,1.0,3,0.858
404,4,100.0,221.0,341.0,215.0,1.0,3,0.857
405,2,-34.0,367.0,284.0,179.0,1.0,3,0.851
405,4,98.0,220.0,341.0,215.0,1.0,3,0.859
406,2,-36.0,367.0,284.0,179.0,1.0,3,0.844
406,4,96.0,220.0,341.0,215.0,1.0,3,0.859
407,2,-39.0,367.0,286.0,180.0,1.0,3,0.83
407,4,94.0,220.0,341.0,215.0,1.0,3,0.858
408,2,-41.0,367.0,286.0,180.0,1.0,3,0.823
408,4,92.0,220.0,341.0,215.0,1.0,3,0.858
409,2,-43.0,367.0,286.0,180.0,1.0,3,0.817
409,4,90.0,219.0,341.0,215.0,1.0,3,0.86
410,2,-46.0,367.0,286.0,180.0,1.0,3,0.807
410,4,88.0,219.0,341.0,215.0,1.0,3,0.861
411,2,-48.0,366.0,286.0,180.0,1.0,3,0.804
411,4,86.0,219.0,343.0,216.0,1.0,3,0.858
412,2,-50.0,366.0,286.0,180.0,1.0,3,0.798
412,4,84.0,219.0,343.0,216.0,1.0,3,0.858
413,2,-53.0,366.0,286.0,180.0,1.0,3,0.788
413,4,82.0,218.0,343.0,216.0,1.0,3,0.861
414,2,-55.0,366.0,286.0,180.0,1.0,3,0.781
414,4,80.0,218.0,343.0,216.0,1.0,3,0.861
415,2,-57.0,366.0,286.0,180.0,1.0,3,0.774
415,4,78.0,218.0,343.0,216.0,1.0,3,0.861
416,2,-60.0,366.0,286.0,180.0,1.0,3,0.764
416,4,76.0,218.0,343.0,216.0,1.0,3,0.862
417,2,-62.0,365.0,286.0,180.0,1.0,3,0.761
417,4,74.0,217.0,343.0,216.0,1.0,3,0.862
418,2,-64.0,365.0,286.0,180.0,1.0,3,0.753
418,3,-33.0,433.0,34.0,157.0,1.0,0,0.02
418,4,72.0,217.0,343.0,216.0,1.0,3,0.862
419,2,-66.0,365.0,286.0,180.0,1.0,3,0.742
419,3,-31.0,433.0,34.0,157.0,1.0,0,0.06
419,4,70.0,217.0,343.0,216.0,1.0,3,0.862
420,2,-69.0,365.0,286.0,180.0,1.0,3,0.725
420,3,-28.0,433.0,34.0,157.0,1.0,0,0.12
420,4,68.0,217.0,343.0,216.0,1.0,3,0.863
421,2,-71.0,365.0,287.0,181.0,1.0,3,0.709
421,3,-25.0,434.0,34.0,157.0,1.0,0,0.179
421,4,66.0,216.0,343.0,216.0,1.0,3,0.864
422,2,-73.0,365.0,287.0,181.0,1.0,3,0.698
422,3,-23.0,434.0,34.0,157.0,1.0,0,0.218
422,4,64.0,216.0,344.0,217.0,1.0,3,0.863
423,2,-76.0,365.0,287.0,181.0,1.0,3,0.682
423,3,-20.0,434.0,34.0,157.0,1.0,0,0.278
423,4,62.0,216.0,344.0,217.0,1.0,3,0.864
424,2,-78.0,364.0,287.0,181.0,1.0,3,0.673
424,3,-17.0,434.0,34.0,158.0,1.0,0,0.335
424,4,61.0,216.0,344.0,217.0,1.0,3,0.863
425,2,-80.0,364.0,287.0,181.0,1.0,3,0.663
425,3,-15.0,434.0,34.0,158.0,1.0,0,0.375
425,4,59.0,216.0,344.0,217.0,1.0,3,0.863
426,2,-83.0,364.0,287.0,181.0,1.0,3,0.646
426,3,-12.0,434.0,34.0,158.0,1.0,0,0.434
426,4,57.0,215.0,344.0,217.0,1.0,3,0.866
427,2,-85.0,364.0,287.0,181.0,1.0,3,0.633
427,3,-9.0,434.0,34.0,158.0,1.0,0,0.493
427,4,55.0,215.0,344.0,217.0,1.0,3,0.866
428,2,-87.0,364.0,287.0,181.0,1.0,3,0.62
428,3,-6.0,434.0,34.0,158.0,1.0,0,0.552
428,4,53.0,215.0,344.0,217.0,1.0,3,0.866
429,1,-49.0,330.0,50.0,131.0,1.0,0,0.005
429,2,-90.0,364.0,287.0,181.0,1.0,3,0.607
429,3,-4.0,435.0,34.0,158.0,1.0,0,0.586
429,4,51.0,215.0,344.0,217.0,1.0,3,0.867
430,1,-46.0,329.0,50.0,131.0,1.0,0,0.021
430,2,-92.0,363.0,287.0,181.0,1.0,3,0.598
430,3,-1.0,435.0,34.0,158.0,1.0,0,0.645
430,4,49.0,214.0,344.0,217.0,1.0,3,0.867
431,1,-43.0,329.0,50.0,131.0,1.0,0,0.036
431,2,-94.0,363.0,287.0,181.0,1.0,3,0.589
431,3,2.0,435.0,34.0,158.0,1.0,0,0.665
431,4,47.0,214.0,344.0,217.0,1.0,3,0.867
432,1,-40.0,329.0,50.0,131.0,1.0,0,0.052
432,2,-97.0,363.0,287.0,181.0,1.0,3,0.579
432,3,4.0,435.0,34.0,158.0,1.0,0,0.665
432,4,45.0,214.0,344.0,217.0,1.0,3,0.868
433,1,-37.0,329.0,50.0,131.0,1.0,0,0.067
433,2,-99.0,363.0,287.0,181.0,1.0,3,0.572
433,3,7.0,435.0,34.0,158.0,1.0,0,0.665
433,4,43.0,214.0,346.0,218.0,1.0,3,0.867
434,1,-34.0,329.0,50.0,131.0,1.0,0,0.083
434,2,-101.0,363.0,287.0,181.0,1.0,3,0.565
434,3,10.0,435.0,34.0,158.0,1.0,0,0.665
434,4,41.0,213.0,346.0,218.0,1.0,3,0.869
435,1,-31.0,329.0,50.0,131.0,1.0,0,0.099
435,2,-104.0,363.0,289.0,182.0,1.0,3,0.555
435,3,13.0,435.0,34.0,158.0,1.0,0,0.665
435,4,39.0,213.0,346.0,218.0,1.0,3,0.868
436,1,-28.0,329.0,50.0,130.0,1.0,0,0.115
436,2,-106.0,363.0,289.0,182.0,1.0,3,0.548
436,3,15.0,435.0,34.0,158.0,1.0,0,0.665
436,4,37.0,213.0,346.0,218.0,1.0,3,0.868
437,1,-25.0,329.0,50.0,130.0,1.0,0,0.127
437,2,-108.0,362.0,289.0,182.0,1.0,3,0.543
437,3,18.0,435.0,35.0,159.0,1.0,0,0.66
437,4,35.0,213.0,346.0,218.0,1.0,3,0.866
438,1,-22.0,329.0,50.0,130.0,1.0,0,0.142
438,2,-111.0,362.0,289.0,182.0,1.0,3,0.533
438,3,21.0,436.0,35.0,159.0,1.0,0,0.654
438,4,33.0,212.0,346.0,218.0,1.0,3,0.869
439,1,-19.0,329.0,50.0,130.0,1.0,0,0.157
439,2,-113.0,362.0,289.0,182.0,1.0,3,0.526
439,3,23.0,436.0,35.0,159.0,1.0,0,0.654
439,4,31.0,212.0,346.0,218.0,1.0,3,0.869
440,1,-16.0,329.0,50.0,130.0,1.0,0,0.173
440,2,-115.0,362.0,289.0,182.0,1.0,3,0.52
440,3,26.0,436.0,35.0,159.0,1.0,0,0.654
440,4,29.0,212.0,346.0,218.0,1.0,3,0.867
441,1,-13.0,329.0,50.0,130.0,1.0,0,0.188
441,2,-118.0,362.0,289.0,182.0,1.0,3,0.509
441,3,29.0,436.0,35.0,159.0,1.0,0,0.654
441,4,27.0,212.0,346.0,218.0,1.0,3,0.866
442,1,-10.0,329.0,50.0,130.0,1.0,0,0.203
442,2,-120.0,362.0,289.0,182.0,1.0,3,0.503
442,3,31.0,436.0,35.0,159.0,1.0,0,0.654
442,4,25.0,211.0,346.0,218.0,1.0,3,0.866
443,1,-7.0,328.0,50.0,130.0,1.0,0,0.218
443,2,-122.0,361.0,289.0,182.0,1.0,3,0.499
443,3,34.0,436.0,35.0,159.0,1.0,0,0.654
443,4,23.0,211.0,346.0,218.0,1.0,3,0.861
444,1,-4.0,328.0,50.0,130.0,1.0,0,0.234
444,2,-125.0,361.0,289.0,182.0,1.0,3,0.489
444,3,37.0,436.0,35.0,159.0,1.0,0,0.654
444,4,21.0,211.0,348.0,219.0,1.0,3,0.86
445,1,-1.0,328.0,50.0,130.0,1.0,0,0.249
445,2,-127.0,361.0,289.0,182.0,1.0,3,0.482
445,3,40.0,436.0,35.0,159.0,1.0,0,0.654
445,4,19.0,211.0,348.0,219.0,1.0,3,0.858
446,1,2.0,328.0,50.0,130.0,1.0,0,0.254
446,2,-129.0,361.0,289.0,182.0,1.0,3,0.475
446,3,42.0,436.0,35.0,159.0,1.0,0,0.654
446,4,17.0,211.0,348.0,219.0,1.0,3,0.855
447,1,5.0,328.0,50.0,130.0,1.0,0,0.254
447,2,-131.0,361.0,289.0,182.0,1.0,3,0.469
447,3,45.0,437.0,35.0,159.0,1.0,0,0.648
447,4,15.0,210.0,348.0,219.0,1.0,3,0.855
448,1,8.0,328.0,50.0,130.0,1.0,0,0.254
448,2,-134.0,361.0,290.0,183.0,1.0,3,0.458
448,3,48.0,437.0,35.0,159.0,1.0,0,0.648
448,4,13.0,210.0,348.0,219.0,1.0,3,0.853
449,1,11.0,328.0,50.0,130.0,1.0,0,0.254
449,2,-136.0,361.0,290.0,183.0,1.0,3,0.451
449,3,50.0,437.0,35.0,159.0,1.0,0,0.648
449,4,11.0,210.0,348.0,219.0,1.0,3,0.851
450,1,14.0,328.0,50.0,130.0,1.0,0,0.246
450,2,-138.0,360.0,290.0,183.0,1.0,3,0.448
450,3,53.0,437.0,35.0,160.0,1.0,0,0.644
450,4,9.0,210.0,348.0,219.0,1.0,3,0.85
